4 20 AUDJPY,20010103,030000,64.29,64.65,64.25,64.65,4
4 9 AUDJPY,20010103,070000,64.65,64.75,64.57,64.63,4
3 17 AUDJPY,20010103,110000,64.63,64.73,64.39,64.53,4
1 2 AUDJPY,20010103,150000,64.53,64.65,64.17,64.32,4
3 13 AUDJPY,20010103,190000,64.31,64.45,63.81,63.81,4
4 71 AUDJPY,20010103,230000,63.81,63.81,63.04,63.37,4
3 18 AUDJPY,20010104,030000,63.37,63.52,63.25,63.27,4
4 24 AUDJPY,20010104,070000,63.27,63.50,63.23,63.46,4
1 1 AUDJPY,20010104,110000,63.46,64.83,63.46,64.70,4
AUDJPY,20010104,150000,64.70,64.92,64.28,64.90,4
3 50 AUDJPY,20010104,190000,64.89,65.37,64.87,65.33,4
3 63 AUDJPY,20010104,230000,65.33,65.60,65.32,65.58,4
1 2 AUDJPY,20010105,030000,65.58,66.69,65.55,66.54,4
1 1 AUDJPY,20010105,070000,66.54,66.73,66.18,66.27,4
AUDJPY,20010105,110000,66.26,66.44,66.08,66.33,4
AUDJPY,20010105,150000,66.33,66.48,66.09,66.33,4
4 43 AUDJPY,20010105,190000,66.27,66.53,66.21,66.53,4
4 204 AUDJPY,20010105,230000,66.53,66.64,66.53,66.60,4
4 240 AUDJPY,20010106,030000,66.58,66.60,66.58,66.60,4
4 240 AUDJPY,20010106,070000,66.58,66.60,66.58,66.60,4
4 240 AUDJPY,20010106,110000,66.58,66.60,66.58,66.60,4
4 240 AUDJPY,20010106,150000,66.58,66.60,66.58,66.60,4
4 240 AUDJPY,20010106,190000,66.58,66.60,66.58,66.60,4
4 240 AUDJPY,20010106,230000,66.58,66.60,66.58,66.60,4
4 240 AUDJPY,20010107,030000,66.58,66.60,66.58,66.60,4
4 240 AUDJPY,20010107,070000,66.58,66.60,66.58,66.60,4
4 240 AUDJPY,20010107,110000,66.58,66.60,66.58,66.60,4
4 240 AUDJPY,20010107,150000,66.58,66.60,66.58,66.60,4
4 240 AUDJPY,20010107,190000,66.58,66.60,66.58,66.60,4
4 240 AUDJPY,20010107,230000,66.58,66.60,66.58,66.60,4
4 32 AUDJPY,20010108,030000,66.58,66.67,66.45,66.45,4
2 12 AUDJPY,20010108,070000,66.45,66.47,66.16,66.19,4
1 3 AUDJPY,20010108,110000,66.18,66.27,65.86,66.02,4
AUDJPY,20010108,150000,66.03,66.05,65.75,65.86,4
3 19 AUDJPY,20010108,190000,65.87,65.92,65.47,65.56,4
4 27 AUDJPY,20010108,230000,65.56,66.08,65.51,65.94,4
2 6 AUDJPY,20010109,030000,65.94,66.08,65.45,65.75,4
2 19 AUDJPY,20010109,070000,65.75,65.75,65.27,65.41,4
2 6 AUDJPY,20010109,110000,65.40,65.43,65.02,65.20,4
1 1 AUDJPY,20010109,150000,65.20,65.24,64.73,65.23,4
4 65 AUDJPY,20010109,190000,65.22,65.80,65.22,65.66,4
4 111 AUDJPY,20010109,230000,65.67,65.87,65.67,65.78,4
1 1 AUDJPY,20010110,030000,65.78,65.83,65.42,65.49,4
1 6 AUDJPY,20010110,070000,65.48,65.48,64.43,64.81,4
2 9 AUDJPY,20010110,110000,64.81,65.12,64.79,65.02,4
2 8 AUDJPY,20010110,150000,65.02,65.30,64.81,65.01,4
3 40 AUDJPY,20010110,190000,65.01,65.08,64.69,64.92,4
4 90 AUDJPY,20010110,230000,64.92,64.96,64.31,64.47,4
3 56 AUDJPY,20010111,030000,64.47,64.88,64.42,64.70,4
3 47 AUDJPY,20010111,070000,64.70,64.86,64.70,64.79,4
3 16 AUDJPY,20010111,110000,64.78,65.22,64.62,64.93,4
1 3 AUDJPY,20010111,150000,64.94,65.60,64.94,65.53,4
4 61 AUDJPY,20010111,190000,65.54,66.16,65.50,66.05,4
4 66 AUDJPY,20010111,230000,66.06,66.11,65.94,66.10,4
1 1 AUDJPY,20010112,030000,66.10,66.21,65.84,65.99,4
AUDJPY,20010112,070000,65.99,66.43,65.92,66.26,4
3 12 AUDJPY,20010112,110000,66.26,66.49,65.73,65.89,4
3 19 AUDJPY,20010112,150000,65.89,66.15,65.37,65.59,4
4 72 AUDJPY,20010112,190000,65.56,65.88,65.41,65.81,4
4 193 AUDJPY,20010112,230000,65.82,65.90,65.82,65.90,4
4 240 AUDJPY,20010113,030000,65.90,65.90,65.90,65.90,4
4 240 AUDJPY,20010113,070000,65.90,65.90,65.90,65.90,4
4 240 AUDJPY,20010113,110000,65.90,65.90,65.90,65.90,4
4 240 AUDJPY,20010113,150000,65.90,65.90,65.90,65.90,4
4 240 AUDJPY,20010113,190000,65.90,65.90,65.90,65.90,4
4 240 AUDJPY,20010113,230000,65.90,65.90,65.90,65.90,4
4 240 AUDJPY,20010114,030000,65.90,65.90,65.90,65.90,4
4 240 AUDJPY,20010114,070000,65.90,65.90,65.90,65.90,4
4 240 AUDJPY,20010114,110000,65.90,65.90,65.90,65.90,4
4 240 AUDJPY,20010114,150000,65.90,65.90,65.90,65.90,4
4 240 AUDJPY,20010114,190000,65.90,65.90,65.90,65.90,4
4 240 AUDJPY,20010114,230000,65.90,65.90,65.90,65.90,4
1 4 AUDJPY,20010115,030000,65.90,66.04,65.33,65.73,4
AUDJPY,20010115,070000,65.73,65.96,65.71,65.76,4
4 14 AUDJPY,20010115,110000,65.75,65.90,65.52,65.84,4
3 12 AUDJPY,20010115,150000,65.83,65.93,65.44,65.47,4
4 55 AUDJPY,20010115,190000,65.47,65.85,65.45,65.60,4
3 97 AUDJPY,20010115,230000,65.64,66.04,65.54,66.01,4
1 1 AUDJPY,20010116,030000,66.04,66.20,65.69,66.01,4
AUDJPY,20010116,070000,66.04,66.15,65.52,65.63,4
1 1 AUDJPY,20010116,110000,65.63,65.88,65.47,65.57,4
1 9 AUDJPY,20010116,150000,65.57,65.85,65.19,65.19,4
2 12 AUDJPY,20010116,190000,65.19,65.55,65.00,65.18,4
2 13 AUDJPY,20010116,230000,65.20,65.46,65.13,65.34,4
AUDJPY,20010117,030000,65.38,65.44,64.83,64.96,4
1 8 AUDJPY,20010117,070000,64.94,65.22,64.84,65.08,4
1 1 AUDJPY,20010117,110000,65.10,65.22,64.92,65.10,4
AUDJPY,20010117,150000,65.13,65.58,65.09,65.25,4
1 1 AUDJPY,20010117,190000,65.25,65.51,64.71,65.45,4
2 2 AUDJPY,20010117,230000,65.44,65.88,65.40,65.75,4
1 1 AUDJPY,20010118,030000,65.76,66.31,65.76,65.81,4
AUDJPY,20010118,070000,65.81,66.24,65.70,66.19,4
1 2 AUDJPY,20010118,110000,66.20,66.26,65.89,66.09,4
AUDJPY,20010118,150000,66.08,66.08,65.40,65.40,4
1 5 AUDJPY,20010118,190000,65.43,65.73,65.37,65.62,4
1 2 AUDJPY,20010118,230000,65.62,66.03,65.62,66.03,4
AUDJPY,20010119,030000,66.05,66.18,65.61,65.90,4
AUDJPY,20010119,070000,65.90,66.21,65.89,65.93,4
AUDJPY,20010119,110000,65.93,66.37,65.79,65.89,4
AUDJPY,20010119,150000,65.88,65.98,65.33,65.40,4
2 3 AUDJPY,20010119,190000,65.39,65.62,65.17,65.23,4
4 145 AUDJPY,20010119,230000,65.23,65.23,65.00,65.00,4
4 240 AUDJPY,20010120,030000,65.00,65.00,65.00,65.00,4
4 240 AUDJPY,20010120,070000,65.00,65.00,65.00,65.00,4
4 240 AUDJPY,20010120,110000,65.00,65.00,65.00,65.00,4
4 240 AUDJPY,20010120,150000,65.00,65.00,65.00,65.00,4
4 240 AUDJPY,20010120,190000,65.00,65.00,65.00,65.00,4
4 240 AUDJPY,20010120,230000,65.00,65.00,65.00,65.00,4
4 240 AUDJPY,20010121,030000,65.00,65.00,65.00,65.00,4
4 240 AUDJPY,20010121,070000,65.00,65.00,65.00,65.00,4
4 240 AUDJPY,20010121,110000,65.00,65.00,65.00,65.00,4
4 240 AUDJPY,20010121,150000,65.00,65.00,65.00,65.00,4
4 240 AUDJPY,20010121,190000,65.00,65.00,65.00,65.00,4
4 240 AUDJPY,20010121,230000,65.00,65.00,65.00,65.00,4
2 5 AUDJPY,20010122,030000,65.00,65.07,64.36,65.02,4
2 6 AUDJPY,20010122,070000,65.02,65.12,64.87,65.06,4
1 5 AUDJPY,20010122,110000,65.06,65.16,64.26,64.26,4
3 6 AUDJPY,20010122,150000,64.27,64.50,64.24,64.46,4
3 8 AUDJPY,20010122,190000,64.46,64.91,64.39,64.84,4
4 50 AUDJPY,20010122,230000,64.83,64.88,64.63,64.70,4
2 3 AUDJPY,20010123,030000,64.70,65.18,64.68,65.15,4
AUDJPY,20010123,070000,65.16,65.38,64.86,64.87,4
3 4 AUDJPY,20010123,110000,64.87,65.11,64.86,65.08,4
2 27 AUDJPY,20010123,150000,65.08,65.26,64.73,64.84,4
4 83 AUDJPY,20010123,190000,64.83,64.87,64.59,64.77,4
4 33 AUDJPY,20010123,230000,64.77,64.77,64.24,64.33,4
2 2 AUDJPY,20010124,030000,64.32,64.84,64.28,64.77,4
3 15 AUDJPY,20010124,070000,64.77,64.79,64.47,64.60,4
1 1 AUDJPY,20010124,110000,64.61,64.94,64.41,64.91,4
AUDJPY,20010124,150000,64.94,65.03,64.06,64.37,4
4 91 AUDJPY,20010124,190000,64.37,64.51,64.24,64.28,4
3 100 AUDJPY,20010124,230000,64.28,64.28,63.90,64.13,4
4 24 AUDJPY,20010125,030000,64.13,64.20,63.85,64.05,4
4 17 AUDJPY,20010125,070000,64.06,64.25,63.81,64.24,4
AUDJPY,20010125,110000,64.23,64.30,63.67,63.78,4
1 6 AUDJPY,20010125,150000,63.79,63.79,63.18,63.45,4
4 71 AUDJPY,20010125,190000,63.45,63.77,63.28,63.56,4
4 65 AUDJPY,20010125,230000,63.56,63.87,63.50,63.80,4
4 99 AUDJPY,20010126,030000,63.80,63.86,63.69,63.74,4
4 82 AUDJPY,20010126,070000,63.74,63.74,63.60,63.68,4
1 3 AUDJPY,20010126,110000,63.68,63.76,63.14,63.18,4
AUDJPY,20010126,150000,63.19,63.70,63.09,63.55,4
4 102 AUDJPY,20010126,190000,63.55,63.79,63.47,63.77,4
4 212 AUDJPY,20010126,230000,63.77,63.88,63.77,63.82,4
4 240 AUDJPY,20010127,030000,63.82,63.82,63.82,63.82,4
4 240 AUDJPY,20010127,070000,63.82,63.82,63.82,63.82,4
4 240 AUDJPY,20010127,110000,63.82,63.82,63.82,63.82,4
4 240 AUDJPY,20010127,150000,63.82,63.82,63.82,63.82,4
4 240 AUDJPY,20010127,190000,63.82,63.82,63.82,63.82,4
4 240 AUDJPY,20010127,230000,63.82,63.82,63.82,63.82,4
4 240 AUDJPY,20010128,030000,63.82,63.82,63.82,63.82,4
4 240 AUDJPY,20010128,070000,63.82,63.82,63.82,63.82,4
4 240 AUDJPY,20010128,110000,63.82,63.82,63.82,63.82,4
4 240 AUDJPY,20010128,150000,63.82,63.82,63.82,63.82,4
4 240 AUDJPY,20010128,190000,63.82,63.82,63.82,63.82,4
4 240 AUDJPY,20010128,230000,63.82,63.82,63.82,63.82,4
3 28 AUDJPY,20010129,030000,63.82,64.02,63.81,63.96,4
2 9 AUDJPY,20010129,070000,63.96,64.00,63.46,63.57,4
1 1 AUDJPY,20010129,110000,63.57,63.66,63.07,63.20,4
1 1 AUDJPY,20010129,150000,63.20,63.52,63.16,63.43,4
4 47 AUDJPY,20010129,190000,63.42,63.56,63.30,63.31,4
4 49 AUDJPY,20010129,230000,63.31,63.47,63.29,63.42,4
1 9 AUDJPY,20010130,030000,63.41,63.46,63.10,63.34,4
2 5 AUDJPY,20010130,070000,63.34,63.41,63.13,63.35,4
AUDJPY,20010130,110000,63.35,63.49,62.96,63.46,4
1 3 AUDJPY,20010130,150000,63.47,63.86,63.42,63.76,4
4 45 AUDJPY,20010130,190000,63.76,63.88,63.31,63.43,4
4 56 AUDJPY,20010130,230000,63.43,63.60,63.34,63.35,4
2 3 AUDJPY,20010131,030000,63.35,63.69,63.24,63.62,4
3 9 AUDJPY,20010131,070000,63.62,63.79,63.40,63.51,4
1 1 AUDJPY,20010131,110000,63.51,63.67,63.45,63.55,4
AUDJPY,20010131,150000,63.55,63.58,63.23,63.46,4
4 23 AUDJPY,20010131,190000,63.47,64.02,63.44,63.88,4
4 16 AUDJPY,20010131,230000,63.85,64.22,63.85,64.08,4
2 5 AUDJPY,20010201,030000,64.08,64.35,63.94,64.14,4
AUDJPY,20010201,070000,64.14,64.40,64.06,64.10,4
AUDJPY,20010201,110000,64.09,64.40,63.94,64.22,4
1 1 AUDJPY,20010201,150000,64.22,64.26,63.82,64.06,4
3 53 AUDJPY,20010201,190000,64.06,64.13,63.85,64.05,4
4 51 AUDJPY,20010201,230000,64.05,64.22,63.83,63.89,4
2 3 AUDJPY,20010202,030000,63.89,64.06,63.74,64.03,4
1 8 AUDJPY,20010202,070000,64.03,64.11,63.75,63.90,4
AUDJPY,20010202,110000,63.90,64.04,63.79,63.94,4
1 2 AUDJPY,20010202,150000,63.94,64.03,63.69,63.73,4
4 50 AUDJPY,20010202,190000,63.73,63.98,63.66,63.98,4
4 197 AUDJPY,20010202,230000,63.98,63.98,63.67,63.67,4
4 240 AUDJPY,20010203,030000,63.67,63.67,63.67,63.67,4
4 240 AUDJPY,20010203,070000,63.67,63.67,63.67,63.67,4
4 240 AUDJPY,20010203,110000,63.67,63.67,63.67,63.67,4
4 240 AUDJPY,20010203,150000,63.67,63.67,63.67,63.67,4
4 240 AUDJPY,20010203,190000,63.67,63.67,63.67,63.67,4
4 240 AUDJPY,20010203,230000,63.67,63.67,63.67,63.67,4
4 240 AUDJPY,20010204,030000,63.67,63.67,63.67,63.67,4
4 240 AUDJPY,20010204,070000,63.67,63.67,63.67,63.67,4
4 240 AUDJPY,20010204,110000,63.67,63.67,63.67,63.67,4
4 240 AUDJPY,20010204,150000,63.67,63.67,63.67,63.67,4
4 240 AUDJPY,20010204,190000,63.67,63.67,63.67,63.67,4
4 240 AUDJPY,20010204,230000,63.67,63.67,63.67,63.67,4
3 8 AUDJPY,20010205,030000,63.67,63.95,63.55,63.93,4
1 2 AUDJPY,20010205,070000,63.92,64.03,63.84,63.89,4
2 3 AUDJPY,20010205,110000,63.89,64.03,63.82,63.85,4
1 2 AUDJPY,20010205,150000,63.84,63.88,63.17,63.28,4
4 37 AUDJPY,20010205,190000,63.29,63.40,63.16,63.28,4
4 40 AUDJPY,20010205,230000,63.28,63.29,62.97,63.12,4
4 21 AUDJPY,20010206,030000,63.12,63.47,63.04,63.46,4
3 16 AUDJPY,20010206,070000,63.46,63.52,63.24,63.30,4
1 1 AUDJPY,20010206,110000,63.29,63.33,62.78,62.86,4
2 5 AUDJPY,20010206,150000,62.86,63.03,62.77,63.00,4
4 47 AUDJPY,20010206,190000,63.00,63.20,63.00,63.13,4
4 35 AUDJPY,20010206,230000,63.14,63.17,62.87,63.16,4
