hourFile
bodyup: [0.0, 0.0002, 0.0005, 0.0011]
bodydown: [0.0, -0.0002, -0.0005, -0.0011]
up: [0.0, 0.0, 0.0002, 0.0005]
down: [0.0, 0.0, 0.0001, 0.0003, 0.0008]
upopen: [0.0, 0.0001, 0.0003, 0.0006, 0.0015]
upclose: [0.0, 0.0001, 0.0004, 0.0009]
minopen: [0.0, 0.0001, 0.0003, 0.0006, 0.0014]
minclose: [0.0, 0.0001, 0.0003, 0.0006, 0.0013]
vol: [0.0, 0.0006, 0.0009, 0.0013, 0.0031]
hour4File
bodyup: [0.0, 0.0004, 0.0009, 0.0016, 0.0037]
bodydown: [0.0, -0.0004, -0.0009, -0.0016, -0.0036]
up: [0.0, 0.0001, 0.0004, 0.0008, 0.0017]
down: [0.0, 0.0001, 0.0004, 0.0008, 0.0017]
upopen: [0.0, 0.0003, 0.0008, 0.0015, 0.0031]
upclose: [0.0, 0.0003, 0.0007, 0.0012, 0.0021]
minopen: [0.0, 0.0003, 0.0008, 0.0014, 0.0027]
minclose: [0.0, 0.0003, 0.0007, 0.0012, 0.0021]
vol: [0.0, 0.0014, 0.002, 0.0028, 0.0042]
dayFile
bodyup: [0.0, 0.0012, 0.0024, 0.004, 0.0066]
bodydown: [0.0, -0.0011, -0.0025, -0.004, -0.0071]
up: [0.0, 0.0006, 0.0012, 0.002, 0.0034]
down: [0.0, 0.0006, 0.0012, 0.002, 0.0034]
upopen: [0.0, 0.001, 0.0022, 0.0038, 0.0061]
upclose: [0.0, 0.0012, 0.0022, 0.0038, 0.0064]
minopen: [0.0, 0.0011, 0.0023, 0.0039, 0.0065]
minclose: [0.0, 0.0011, 0.0023, 0.0039, 0.0062]
vol: [0.0, 0.0046, 0.006, 0.0078, 0.0104]
weekFile
bodyup: [0.0, 0.003, 0.006, 0.0099, 0.0155]
bodydown: [0.0, -0.0028, -0.006, -0.01, -0.0176]
up: [0.0, 0.0013, 0.0027, 0.0046, 0.0073]
down: [0.0, 0.0016, 0.0031, 0.005, 0.0087]
upopen: [0.0, 0.003, 0.006, 0.0097, 0.0153]
upclose: [0.0, 0.002, 0.0049, 0.0087, 0.0154]
minopen: [0.0, 0.0027, 0.0055, 0.0095, 0.0152]
minclose: [0.0, 0.0032, 0.0065, 0.0101, 0.0162]
vol: [0.0, 0.0113, 0.0151, 0.0191, 0.0258]
monthFile
bodyup: [0.0, 0.0069, 0.0141, 0.0221, 0.0299]
bodydown: [0.0, -0.0069, -0.0131, -0.0188, -0.0321]
up: [0.0, 0.0024, 0.0056, 0.0093, 0.0166]
down: [0.0, 0.003, 0.0054, 0.0089, 0.0158]
upopen: [0.0, 0.0057, 0.0125, 0.0202, 0.0307]
upclose: [0.0, 0.0042, 0.0112, 0.0199, 0.0308]
minopen: [0.0, 0.0044, 0.0112, 0.0194, 0.0292]
minclose: [0.0, 0.0054, 0.0105, 0.0201, 0.0331]
vol: [0.0, 0.025, 0.0308, 0.038, 0.052]
