open 1.5988 1 7 3530 
open 1.6134 1 7 3498 
open 1.6319 1 7 3162 
open 1.6392 1 7 3608 
open 1.6460 2 14 6853 
open 1.6531 1 7 3557 
open 1.6682 1 7 3800 
open 1.6851 1 7 3364 
open 1.6744 1 7 3560 
open 1.6484 1 7 3657 
open 1.6827 1 7 3345 
open 1.6861 1 7 3422 
open 1.7174 1 7 3377 
open 1.7028 1 7 3322 
open 1.7163 1 7 4103 
open 1.7283 1 7 3212 
open 1.7133 1 7 3521 
open 1.7254 2 14 7316 
open 1.7419 1 7 3501 
open 1.7440 1 7 3339 
open 1.7669 1 7 3580 
open 1.7805 1 7 3322 
open 1.7765 1 7 3287 
open 1.7875 1 7 3229 
open 1.7890 1 7 3335 
open 1.7636 1 7 3316 
open 1.7956 1 7 3612 
open 1.7780 1 7 3278 
open 1.7502 1 7 3515 
open 1.7242 1 7 3660 
open 1.7183 1 7 3597 
open 1.6789 1 7 3420 
open 1.6538 1 7 3677 
open 1.6638 1 7 3584 
open 1.7034 1 7 3417 
open 1.6505 1 7 3432 
open 1.5982 1 7 3255 
open 1.5875 1 7 3485 
open 1.6195 1 7 3253 
open 1.6232 1 7 3221 
open 1.6342 1 7 3188 
open 1.6587 1 7 3263 
open 1.6243 1 7 3248 
open 1.6690 1 7 3435 
open 1.6485 1 7 4412 
open 1.6571 1 7 4410 
open 1.6519 1 7 4242 
open 1.6534 1 7 4271 
open 1.6327 1 7 5599 
open 1.6873 1 7 8041 
open 1.6613 1 7 4280 
open 1.6544 1 7 4242 
open 1.6664 1 7 4377 
open 1.6606 1 7 4334 
open 1.6996 1 7 4417 
open 1.6978 1 7 4593 
open 1.6849 1 7 4481 
open 1.6874 1 7 4337 
open 1.7082 1 7 4188 
open 1.6937 1 7 4421 
open 1.6776 1 7 4360 
open 1.6599 1 7 4335 
open 1.6679 1 7 4464 
open 1.6626 1 7 4544 
open 1.6659 1 7 4701 
open 1.6643 1 7 4900 
open 1.6506 1 7 4745 
open 1.6171 1 7 4786 
open 1.5917 1 7 4621 
open 1.6143 1 7 4529 
open 1.5792 1 7 4635 
open 1.5736 1 7 4403 
open 1.5642 1 7 4330 
open 1.5554 1 7 4351 
open 1.5489 1 7 4364 
open 1.4933 1 7 4059 
open 1.4886 1 7 4242 
open 1.4824 1 7 4239 
open 1.4502 1 7 4097 
open 1.4667 1 7 3931 
open 1.4808 1 7 4130 
open 1.5110 1 7 4337 
open 1.4853 1 7 4170 
open 1.5000 1 7 4411 
open 1.4922 1 7 4578 
open 1.4719 1 7 4357 
open 1.4968 1 7 4420 
open 1.5100 1 7 4425 
open 1.4896 1 7 4580 
open 1.4892 1 7 4932 
open 1.4971 1 7 4987 
open 1.4936 1 7 5012 
open 1.5026 1 7 5049 
open 1.4902 1 7 4957 
open 1.4638 1 7 4718 
open 1.4441 1 7 4800 
open 1.4632 1 7 4934 
open 1.4825 1 7 5174 
open 1.4762 1 7 4905 
open 1.4619 1 7 4571 
open 1.4286 1 7 4698 
open 1.4054 1 7 7169 
open 1.3848 1 7 5678 
open 1.4002 1 7 4613 
open 1.3859 1 7 4825 
open 1.3628 1 7 5175 
open 1.3561 1 7 4841 
open 1.3464 1 7 4942 
open 1.3668 1 7 4989 
open 1.3763 1 7 4912 
open 1.3580 1 7 5102 
open 1.3314 1 7 4807 
open 1.3284 1 7 4452 
open 1.3815 1 7 4388 
open 1.3824 1 7 4564 
open 1.3505 1 7 4319 
open 1.3860 1 7 4484 
open 1.3922 1 7 5090 
open 1.3718 1 7 4562 
open 1.3624 1 7 4582 
open 1.3244 1 7 4380 
open 1.3137 2 14 7273 
open 1.2874 1 7 4526 
open 1.2879 1 7 4209 
open 1.3101 1 7 4298 
open 1.3161 1 7 4548 
open 1.3084 1 7 4270 
open 1.3302 2 14 8863 
open 1.3425 1 7 4605 
open 1.3689 2 14 8487 
open 1.3838 1 7 4052 
open 1.3619 1 7 4355 
open 1.3514 1 7 4348 
open 1.3456 1 7 4480 
open 1.3884 1 7 4212 
open 1.4111 1 7 4486 
open 1.4180 1 7 4097 
open 1.3791 1 7 4459 
open 1.3901 1 7 4197 
open 1.3588 1 7 4255 
open 1.3174 1 7 4283 
open 1.3141 1 7 4432 
open 1.3165 1 7 4316 
open 1.3304 1 7 4391 
open 1.3616 1 7 4423 
open 1.3618 1 7 4149 
open 1.2925 1 7 4374 
open 1.3170 1 7 4558 
open 1.2852 1 7 4481 
open 1.2629 1 7 4360 
open 1.2589 1 7 4734 
open 1.2564 1 7 6684 
open 1.2417 1 7 5909 
open 1.2319 1 7 3037 
open 1.2216 1 7 3049 
open 1.2452 2 10 6049 
open 1.2397 1 7 3055 
open 1.2484 2 10 6035 
open 1.2374 1 7 3056 
open 1.2264 1 7 3043 
open 1.2413 1 7 3055 
open 1.2956 1 7 3059 
open 1.2822 1 7 3047 
open 1.2772 1 7 3053 
open 1.2559 1 7 2986 
open 1.2809 1 7 3058 
open 1.2862 1 7 3060 
open 1.3003 2 10 6045 
open 1.2981 1 7 3039 
open 1.2810 1 7 3048 
open 1.2952 1 7 3048 
open 1.2830 1 7 3039 
open 1.2730 1 7 3021 
open 1.2464 1 7 3026 
open 1.2379 1 7 3014 
open 1.2486 1 7 3024 
open 1.2481 2 10 6020 
open 1.2644 1 7 3024 
open 1.2366 1 7 3023 
open 1.2356 1 7 3022 
open 1.2434 1 7 3025 
open 1.2748 2 10 6081 
open 1.2792 1 7 3024 
open 1.2615 1 7 3027 
open 1.2448 1 7 3026 
open 1.2715 2 10 6023 
open 1.2667 1 7 3029 
open 1.2679 1 7 3027 
open 1.2575 1 7 3031 
open 1.2538 1 7 3033 
open 1.2598 2 10 6026 
open 1.2617 1 7 3036 
open 1.2562 1 7 3029 
open 1.2291 1 7 3028 
open 1.2008 1 7 3082 
open 1.2031 1 7 3025 
open 1.1830 1 7 3015 
open 1.1757 1 7 3022 
open 1.1582 2 10 6019 
open 1.1401 1 7 3022 
open 1.1408 1 7 3022 
open 1.1552 1 7 3025 
open 1.1537 1 7 3035 
open 1.1333 2 10 7341 
open 1.1685 1 7 3010 
open 1.1818 1 5 3012 
open 1.1853 1 3 2999 
open 1.1928 1 4 3006 
open 1.1911 1 3 2999 
open 1.2217 1 3 2999 
open 1.1893 1 3 2999 
open 1.1589 1 3 2999 
open 1.1654 1 3 3008 
open 1.1609 1 3 2999 
open 1.1652 1 3 2999 
open 1.1880 1 4 2940 
open 1.1999 1 3 2999 
open 1.2064 1 3 2999 
open 1.1995 1 4 3003 
open 1.1804 2 6 5998 
open 1.1868 1 3 2999 
open 1.1973 1 3 2999 
open 1.2000 1 3 2999 
open 1.2255 1 3 2999 
open 1.2306 1 3 2999 
open 1.2476 1 3 2999 
open 1.2461 1 3 2999 
open 1.2779 1 3 2999 
open 1.2660 1 3 2999 
open 1.2797 1 3 2999 
open 1.3022 1 3 2999 
open 1.2720 1 3 2999 
open 1.2995 1 3 2999 
open 1.2764 1 3 2999 
open 1.2587 1 3 2999 
open 1.2566 1 4 3000 
open 1.2695 1 3 2999 
open 1.2692 1 3 2999 
open 1.2391 1 3 2999 
open 1.2820 1 3 2999 
open 1.2953 1 3 2999 
open 1.3019 1 3 2999 
open 1.2905 1 3 2999 
open 1.2998 1 3 2999 
open 1.2864 1 3 2999 
open 1.3106 1 3 2999 
open 1.3169 1 3 2999 
open 1.3102 1 3 2999 
open 1.3144 1 3 2999 
open 1.3067 1 3 2999 
open 1.2938 1 3 2999 
open 1.3085 2 6 5998 
open 1.3173 1 3 2999 
open 1.2901 1 3 2999 
open 1.2805 1 4 3001 
open 1.2789 1 3 2999 
open 1.2616 1 3 2999 
open 1.2791 1 4 3001 
open 1.2960 1 3 2999 
open 1.3078 1 3 2999 
open 1.3107 1 3 2999 
open 1.3132 1 4 3002 
open 1.3021 1 3 2999 
open 1.2996 1 3 2939 
open 1.3090 1 3 2999 
open 1.2902 1 3 2999 
open 1.2973 1 3 3000 
open 1.2669 2 6 6059 
open 1.2678 2 7 6001 
open 1.2367 1 3 2999 
open 1.2196 1 3 2999 
open 1.2077 1 3 2999 
open 1.2120 1 4 3000 
open 1.2119 1 3 2999 
open 1.2157 1 3 2999 
open 1.2386 1 3 2999 
open 1.2382 1 3 2999 
open 1.2443 1 3 2999 
open 1.2241 1 3 2999 
open 1.2263 1 3 2999 
open 1.2527 2 7 6000 
open 1.2266 1 3 2999 
open 1.2325 1 3 2999 
open 1.2368 1 4 3001 
open 1.2335 1 3 2999 
open 1.2285 2 6 5998 
open 1.2332 1 4 3000 
open 1.2503 1 3 2999 
open 1.2516 2 6 5998 
open 1.2435 1 3 2999 
open 1.2439 1 3 2999 
open 1.2437 1 3 3000 
open 1.2402 1 3 2999 
open 1.2030 1 3 2999 
open 1.1921 1 3 2999 
open 1.1992 1 3 2999 
open 1.2138 1 4 4380 
open 1.2230 1 4 4380 
open 1.2127 1 3 2999 
open 1.2416 1 3 2999 
open 1.2429 1 3 2999 
open 1.2396 1 3 2999 
open 1.2469 1 3 2999 
open 1.2363 1 3 2999 
open 1.2170 1 3 2999 
open 1.2231 1 3 2999 
open 1.2172 1 4 3000 
open 1.2117 1 3 2939 
open 1.2106 1 3 2999 
open 1.2226 1 3 2999 
open 1.2174 1 3 2999 
open 1.2087 1 3 2999 
open 1.2011 1 3 2999 
open 1.2143 1 3 2999 
open 1.2181 1 3 2999 
open 1.2147 1 3 2999 
open 1.2295 1 3 2999 
open 1.2249 1 3 2999 
open 1.2180 1 3 2999 
open 1.2418 1 3 2999 
open 1.2403 1 3 2999 
open 1.2156 1 4 3007 
open 1.2014 2 6 6001 
open 1.2002 1 3 2999 
open 1.2029 1 3 2999 
open 1.1968 1 3 2999 
open 1.2105 1 4 3015 
open 1.2065 1 4 3000 
open 1.2012 1 3 2999 
open 1.2100 1 3 2999 
open 1.1888 1 3 2999 
open 1.1807 1 3 2999 
open 1.1656 1 4 3000 
open 1.1750 1 3 2999 
open 1.1831 1 3 2999 
open 1.1822 1 3 2999 
open 1.1734 1 3 3059 
open 1.1585 1 3 2999 
open 1.1438 1 3 2999 
open 1.1264 1 3 2999 
open 1.1057 1 4 3000 
open 1.1054 1 4 3000 
open 1.1167 1 4 3001 
open 1.1294 1 3 2999 
open 1.1516 1 5 4380 
open 1.1579 1 5 5819 
open 1.1331 1 4 3000 
open 1.1119 1 3 2999 
open 1.0942 1 3 2999 
open 1.0924 1 3 2999 
open 1.0944 1 3 2999 
open 1.0995 1 3 2999 
open 1.1020 1 3 2999 
open 1.0943 1 3 2999 
open 1.0736 1 3 2999 
open 1.0391 1 4 3000 
open 1.0332 1 3 2999 
open 1.0015 2 6 5998 
open 1.0072 2 6 5938 
open 1.0121 1 3 2999 
open 1.0161 1 3 2999 
open 1.0081 2 6 6001 
open 1.0030 1 3 2999 
open 1.0372 1 3 2999 
open 1.0515 1 4 3000 
open 1.0516 1 4 3000 
open 1.0370 1 3 2999 
open 1.0330 1 3 2999 
open 1.0419 1 3 2999 
open 1.0420 1 3 2999 
open 1.0410 1 3 2999 
open 1.0412 1 3 2999 
open 1.0196 1 4 3000 
open 1.0333 1 3 2999 
open 1.0099 1 3 2999 
open 1.0302 1 3 2999 
open 1.0460 2 6 5998 
open 1.0537 1 4 3000 
open 1.0859 1 3 2999 
open 1.0915 1 3 2999 
open 1.1000 1 3 2999 
open 1.1063 1 3 2999 
open 1.1261 1 3 2999 
open 1.1217 1 3 2999 
open 1.0847 1 3 2999 
open 1.1208 1 3 2999 
open 1.1403 1 3 2999 
open 1.1358 1 3 2999 
open 1.1522 1 4 3071 
open 1.1530 1 4 3002 
open 1.1626 1 3 2999 
open 1.1874 1 3 2999 
open 1.2025 1 3 2999 
open 1.1841 1 3 2999 
open 1.2061 1 3 2999 
open 1.2046 1 3 2999 
open 1.1192 1 4 3004 
open 1.0884 1 5 4609 
open 1.0561 1 5 4678 
open 1.1160 1 3 2999 
open 1.1189 1 3 2999 
open 1.1488 1 3 2999 
open 1.1412 1 3 2999 
open 1.1441 1 3 2999 
open 1.1559 1 3 2999 
open 1.1697 1 4 3000 
open 1.1772 1 3 2999 
open 1.1593 1 3 2999 
open 1.1291 1 3 2939 
open 1.1387 1 4 3001 
open 1.1416 1 3 3000 
open 1.1368 1 3 2999 
open 1.1688 1 3 2999 
open 1.1437 1 3 2999 
open 1.1056 1 4 3000 
open 1.1087 1 4 3000 
open 1.0833 1 3 2999 
open 1.0613 1 3 2999 
open 1.0788 1 3 2999 
open 1.0888 1 3 2999 
open 1.0667 1 3 2999 
open 1.0854 1 3 2999 
open 1.0891 1 3 2999 
open 1.0885 1 3 2999 
open 1.0663 2 6 5998 
open 1.0755 1 3 2999 
open 1.0600 1 3 2999 
open 1.0816 1 3 2999 
open 1.0758 1 3 2999 
open 1.0609 2 9 6001 
open 1.0652 1 3 2999 
open 1.0456 1 3 2999 
open 1.0344 1 3 2999 
open 1.0233 1 3 2999 
open 1.0361 1 3 2999 
open 1.0270 1 4 3001 
open 1.0218 1 4 3000 
open 1.0122 1 3 3059 
open 1.0214 1 3 2999 
open 1.0261 1 3 2999 
open 1.0075 1 3 2999 
open 1.0164 2 6 6029 
open 1.0087 1 3 2999 
open 0.9994 1 3 3000 
open 1.0266 1 3 2999 
open 1.0402 1 3 2999 
open 1.0481 1 4 4618 
open 1.0365 1 4 4617 
open 1.0336 1 3 2999 
open 1.0181 1 3 2999 
open 1.0324 1 3 2999 
open 1.0551 2 6 5998 
open 1.0642 1 3 2999 
open 1.0830 1 3 2999 
open 1.0750 1 3 2999 
open 1.0748 1 3 2999 
open 1.0574 1 3 2939 
open 1.0657 1 3 2999 
open 1.0685 1 4 3000 
open 1.0538 1 4 3002 
open 1.0682 1 5 3001 
open 1.0876 1 3 2999 
open 1.1045 1 3 2999 
open 1.1111 1 3 3000 
open 1.1491 1 3 2999 
open 1.1571 1 3 2999 
open 1.1553 1 4 3000 
open 1.1523 1 3 2999 
open 1.1336 1 3 2999 
open 1.1074 1 3 2999 
open 1.0818 1 3 2999 
open 1.0598 1 3 2999 
open 1.0545 1 4 3001 
open 1.0514 1 4 3004 
open 1.0393 1 7 3003 
open 1.0476 1 5 3001 
open 1.0436 1 6 3024 
open 1.0316 1 5 3001 
open 1.0146 1 6 3006 
open 1.0109 1 3 3009 
open 0.9955 2 9 6036 
open 0.9967 1 5 3024 
open 0.9763 1 7 3140 
open 0.9660 1 6 3150 
open 0.9572 1 3 3002 
open 0.9706 2 10 6047 
open 0.9839 1 3 3059 
open 0.9793 1 5 3001 
open 0.9677 1 3 2999 
open 0.9962 1 5 3003 
open 0.9964 1 5 3152 
open 1.0035 1 5 3001 
open 0.9874 1 6 3010 
open 0.9594 2 9 6012 
open 0.9582 1 5 3515 
open 0.9519 1 5 3519 
open 0.9477 1 5 3003 
open 0.9735 1 4 3004 
open 0.9632 1 5 3041 
open 0.9421 1 5 3001 
open 0.9356 1 3 2999 
open 0.9629 1 4 3000 
open 0.9667 1 5 3009 
open 0.9381 1 3 2999 
open 0.9282 1 3 2999 
open 0.9347 1 3 2999 
open 0.9166 1 3 2999 
open 0.9034 1 3 2940 
open 0.9204 1 3 2999 
open 0.9256 1 4 3001 
open 0.8964 1 6 3050 
open 0.8990 1 5 3057 
open 0.8698 1 3 3008 
open 0.8613 1 5 3080 
open 0.8799 2 6 6000 
open 0.8788 1 3 2999 
open 0.8798 1 3 2999 
open 0.8528 1 3 2999 
open 0.8364 1 3 2999 
open 0.8446 1 3 2999 
open 0.8419 1 3 2999 
open 0.8326 1 4 3262 
open 0.8405 1 3 2999 
open 0.8315 1 3 2999 
open 0.8238 1 3 2999 
open 0.8015 1 3 2999 
open 0.7651 1 3 2999 
open 0.7226 1 4 3001 
open 0.7955 1 3 2999 
open 0.7928 1 3 2999 
open 0.8192 1 5 3041 
open 0.8614 1 7 3080 
open 0.8800 1 7 3047 
open 0.8873 2 8 6018 
open 0.8963 2 9 6045 
open 0.9191 1 4 3025 
open 0.9082 1 7 3070 
open 0.8993 1 3 2999 
open 0.8784 1 6 3094 
open 0.8892 1 3 2999 
open 0.8950 1 5 3016 
open 0.9157 1 4 3001 
open 0.9135 1 3 2999 
open 0.9200 1 5 3061 
open 0.9255 2 7 6000 
open 0.9453 1 3 2999 
open 0.9315 1 4 3686 
open 0.9340 1 4 3420 
open 0.9319 2 6 5998 
open 0.9490 2 9 6084 
open 0.9491 1 3 2999 
open 0.9276 1 4 3000 
open 0.9195 2 6 5998 
open 0.9114 1 3 2999 
open 0.9124 1 3 2999 
open 0.8952 1 3 2999 
open 0.9187 1 3 2999 
open 0.9232 1 3 3008 
open 0.9112 1 4 2940 
open 0.9047 1 5 3015 
open 0.9106 1 5 3017 
open 0.9184 1 3 2999 
open 0.9150 1 3 2999 
open 0.9103 2 6 5999 
open 0.9076 1 3 2999 
open 0.9241 1 3 2999 
open 0.9430 1 3 2999 
open 0.9470 1 3 2999 
open 0.9622 1 4 3001 
open 0.9644 1 3 2999 
open 0.9597 1 5 3007 
open 0.9465 3 11 9002 
open 0.9613 1 4 3000 
open 0.9528 1 3 2999 
open 0.9800 1 3 2999 
open 0.9775 2 7 6001 
open 0.9951 1 3 2999 
open 0.9767 2 6 5998 
open 0.9691 1 4 3000 
open 0.9747 1 4 3000 
open 0.9630 1 3 2999 
open 0.9555 1 5 3012 
open 0.9557 1 5 3021 
open 0.9388 1 3 2999 
open 0.9281 1 3 2999 
open 0.9373 1 3 3000 
open 0.9362 2 8 6000 
open 0.9405 1 5 3017 
open 0.9233 1 5 3012 
open 0.9322 2 7 6059 
open 0.9318 1 4 3002 
open 0.9429 1 3 2999 
open 0.9473 1 3 2999 
open 0.9399 1 3 3009 
open 0.9303 1 4 3000 
open 0.9265 1 3 2999 
open 0.9316 1 4 3000 
open 0.9132 1 7 4768 
open 0.9158 1 5 3061 
open 0.9144 1 4 3000 
open 0.9238 1 3 2999 
open 0.9320 1 3 2999 
open 0.9289 1 4 3000 
open 0.9215 1 3 3000 
open 0.9081 1 4 3000 
open 0.9168 1 3 2999 
open 0.9226 1 4 3000 
open 0.9411 1 4 3000 
open 0.9471 1 3 2999 
open 0.9476 3 9 8937 
open 0.9482 1 3 2999 
open 0.9220 1 3 2999 
open 0.9449 1 5 3001 
open 0.9291 1 3 2999 
open 0.9404 1 4 3001 
open 0.9657 1 3 2999 
open 0.9694 1 3 2999 
open 0.9761 1 3 2999 
open 0.9242 1 3 2999 
open 0.9202 1 3 3000 
open 0.9386 1 4 3118 
open 0.9506 1 3 3000 
open 0.9729 1 5 3726 
open 0.9401 1 4 3004 
open 0.9349 2 7 6002 
open 0.9297 1 3 3000 
open 0.9329 1 3 3000 
open 0.9170 1 4 3001 
open 0.9171 1 3 3000 
open 0.9363 1 4 3031 
open 0.9257 1 4 3001 
open 0.9130 1 3 3000 
open 0.9058 1 3 3000 
open 0.9023 1 3 3000 
open 0.9117 1 4 3007 
open 0.8947 1 4 3063 
open 0.8986 1 3 3002 
open 0.9133 1 4 3005 
open 0.9173 1 5 3009 
open 0.9107 1 5 3015 
open 0.9063 1 5 3007 
open 0.9042 1 3 3001 
open 0.8872 1 4 3002 
open 0.8847 1 5 4441 
open 0.8962 1 6 4741 
open 0.8919 1 4 4441 
open 0.9091 2 7 6005 
open 0.9027 1 3 3001 
open 0.8996 1 4 3004 
open 0.9038 1 4 3005 
open 0.8981 1 4 3003 
open 0.8877 1 4 3003 
open 0.8868 1 3 3002 
open 0.8874 1 4 3001 
open 0.8777 1 3 3000 
open 0.8730 2 10 6043 
open 0.8827 1 4 2941 
open 0.8831 1 5 3002 
open 0.8836 1 3 3001 
open 0.8846 1 3 3001 
open 0.8834 1 3 3000 
open 0.8742 1 3 3000 
open 0.8898 1 3 3000 
open 0.8916 1 4 3001 
open 0.8965 1 3 3001 
open 0.8991 2 9 6007 
open 0.8938 1 3 3000 
open 0.8928 1 5 3002 
open 0.8956 1 4 3001 
open 0.9021 1 3 3000 
open 0.9067 1 4 3001 
open 0.9094 1 4 3002 
open 0.9072 1 6 3009 
open 0.9174 1 4 3122 
open 0.9189 1 5 3059 
open 0.9328 1 5 3008 
open 0.9331 2 11 8953 
open 0.9549 2 12 13150 
open 0.9566 1 5 3007 
open 0.9544 2 7 6010 
open 0.9467 1 6 3021 
open 0.9592 1 4 3007 
open 0.9645 3 11 9010 
open 0.9584 2 10 6038 
open 0.9640 1 6 3032 
open 0.9720 1 6 3041 
open 0.9708 1 7 3040 
open 0.9598 2 9 6040 
open 0.9877 1 6 4764 
open 0.9936 4 16 14786 
open 1.0111 1 6 3036 
open 1.0195 1 7 3041 
open 0.9024 1 7 4416 
open 0.9245 1 7 3038 
open 0.9268 1 7 3031 
open 0.9366 1 6 3027 
open 0.9508 1 7 3038 
open 0.9609 1 7 3041 
open 0.9987 2 9 6045 
open 1.0057 2 9 6018 
open 0.9589 1 5 2945 
open 0.9713 1 5 3002 
open 0.9654 1 4 3001 
open 0.9724 1 4 3002 
open 0.9552 1 5 3003 
open 0.9556 1 5 3002 
open 0.9272 1 4 3003 
open 0.9288 1 4 3001 
open 0.9370 1 3 3000 
open 0.9524 2 6 6000 
open 0.9310 1 4 3002 
open 0.9317 1 4 3004 
open 0.9338 1 3 3000 
open 0.9358 2 8 6037 
open 0.9446 1 4 3002 
open 0.9583 1 3 3000 
open 0.9618 1 3 3000 
open 0.9777 1 5 3002 
open 0.9880 1 3 3000 
open 0.9393 1 4 3001 
open 0.9596 1 3 3000 
open 0.9779 2 7 6000 
open 0.9741 1 4 3001 
open 0.9751 1 4 3002 
open 0.9709 1 4 3002 
open 0.9671 1 5 3002 
open 0.9575 2 9 6017 
open 0.9560 1 3 3061 
open 0.9863 2 8 6191 
open 0.9909 1 3 3002 
open 1.0064 1 4 3003 
open 1.0144 1 4 3002 
open 1.0258 1 3 3002 
open 0.9922 2 6 6002 
open 0.9913 1 3 3001 
open 0.9870 1 4 4498 
open 0.9924 1 5 4561 
open 1.0026 1 3 3001 
open 1.0033 1 3 3001 
open 1.0172 1 4 3002 
open 1.0185 1 3 3003 
open 0.9731 2 6 6002 
open 0.9885 1 3 3003 
open 0.9916 1 3 3001 
open 0.9972 3 9 9019 
open 0.9866 1 5 3003 
open 0.9726 2 6 5939 
open 0.9662 1 3 2999 
open 0.9568 1 3 2999 
open 0.9551 1 3 2999 
open 0.9616 2 6 5998 
open 0.9736 1 3 2999 
open 0.9536 1 5 3005 
open 0.9752 1 3 2999 
open 0.9802 2 9 6015 
open 0.9930 1 5 3015 
open 0.9929 1 6 3026 
open 0.9651 1 4 3007 
open 0.9634 2 6 5998 
open 0.9619 1 3 2999 
open 0.9892 2 8 7930 
open 0.9859 1 4 3240 
open 0.9919 2 6 6073 
open 0.9814 1 3 2999 
open 0.9631 1 3 2999 
open 0.9833 1 3 2999 
open 0.9702 1 3 2999 
open 0.9768 1 3 2999 
open 0.9790 1 3 2999 
open 0.9786 1 4 3000 
open 0.9879 2 6 6011 
open 0.9897 1 4 3000 
open 0.9941 1 5 3063 
open 0.9745 1 3 3010 
open 0.9774 1 3 3009 
open 1.0017 1 3 3010 
open 1.0113 1 3 3009 
open 1.0115 1 3 3010 
open 1.0102 1 3 3009 
open 1.0119 1 3 3009 
open 1.0289 1 4 3788 
open 1.0279 1 4 3489 
open 1.0269 1 3 3009 
open 1.0165 1 3 3009 
open 1.0016 1 4 3010 
open 1.0006 2 6 6009 
open 0.9889 1 3 3010 
open 0.9975 1 3 3009 
open 1.0061 1 3 3010 
open 1.0098 2 6 6019 
open 1.0133 1 3 3010 
open 0.9938 2 6 5958 
open 0.9918 2 6 6008 
open 0.9959 1 3 2999 
open 0.9931 2 6 6007 
open 0.9912 1 3 2999 
open 1.0065 1 3 2999 
open 0.9844 1 3 2999 
open 0.9753 1 3 2999 
open 0.9756 1 4 3001 
open 0.9617 1 3 2999 
open 0.9686 1 3 2999 
open 0.9746 2 6 5998 
open 0.9599 1 4 3001 
open 0.9548 1 4 3000 
open 0.9655 1 3 2999 
open 0.9723 1 3 2999 
open 0.9679 1 3 2999 
open 0.9538 1 3 2999 
open 0.9620 1 3 2999 
open 0.9689 1 5 3001 
open 0.9907 1 3 3060 
open 1.0000 1 3 3010 
open 0.9890 1 4 3011 
open 0.9911 2 8 6682 
open 0.9840 1 4 3031 
open 0.9868 2 6 6009 
open 0.9914 1 3 3010 
open 0.9847 1 5 4511 
open 0.9715 1 3 3010 
open 0.9826 1 3 3010 
open 0.9351 1 7 3197 
open 0.9352 1 3 2999 
open 0.9387 1 3 2999 
open 0.9372 1 3 2999 
open 0.9435 1 3 2999 
open 0.9558 1 4 2940 
open 0.9561 1 3 2999 
open 0.9664 1 3 2999 
open 0.9787 1 5 4252 
open 0.9965 1 3 3076 
open 1.0011 2 6 5998 
open 1.0013 1 3 2999 
open 0.9908 1 3 2999 
open 0.9841 1 3 2999 
open 0.9942 1 3 2999 
open 0.9921 1 3 3008 
open 1.0001 1 3 3009 
open 0.9901 2 6 6018 
open 0.9953 2 6 6018 
open 0.9843 1 3 3009 
open 0.9762 1 3 3009 
open 0.9739 1 3 3009 
open 0.9725 1 3 3009 
open 0.9637 1 3 3008 
open 0.9648 1 4 3009 
open 0.9837 1 3 3008 
open 0.9915 1 3 3008 
open 0.9945 1 3 3068 
open 1.0050 1 4 3010 
open 1.0022 1 3 3009 
open 1.0068 1 3 3008 
open 0.9920 2 7 6186 
open 0.9815 1 3 3000 
open 0.9810 1 3 3000 
open 0.9876 1 3 3000 
open 0.9971 1 3 3009 
open 0.9947 1 3 3009 
open 0.9998 1 3 3009 
open 1.0066 1 3 3008 
open 0.9996 2 6 5998 
open 1.0043 1 3 2999 
open 1.0073 1 3 2999 
open 0.9988 1 3 2999 
open 0.9980 1 3 2999 
open 1.0077 1 3 2999 
open 1.0201 1 3 2999 
open 1.0190 1 3 2999 
open 1.0193 1 3 2999 
open 1.0085 1 3 2999 
open 1.0108 1 3 2999 
open 1.0069 1 3 2999 
open 0.9748 1 3 2999 
open 0.9852 2 6 5998 
hight 1.6329 1 7 3530 
hight 1.6429 1 7 3498 
hight 1.6532 1 7 3162 
hight 1.6713 1 7 3608 
hight 1.6582 1 7 3474 
hight 1.6776 1 7 3557 
hight 1.6970 1 7 3800 
hight 1.6981 1 7 3364 
hight 1.6791 1 7 3560 
hight 1.6868 1 7 3657 
hight 1.7212 1 7 3345 
hight 1.7310 1 7 3422 
hight 1.7464 1 7 3377 
hight 1.7202 1 7 3322 
hight 1.7363 1 7 4103 
hight 1.7584 1 7 3212 
hight 1.7377 1 7 3521 
hight 1.7460 1 7 3526 
hight 1.7546 1 7 3501 
hight 1.7708 1 7 3339 
hight 1.7907 1 7 3580 
hight 1.8011 1 7 3322 
hight 1.8066 1 7 3287 
hight 1.7967 1 7 3229 
hight 1.7937 1 7 3335 
hight 1.8026 1 7 3316 
hight 1.8221 1 7 3612 
hight 1.7811 1 7 3278 
hight 1.7566 1 7 3515 
hight 1.7321 1 7 3660 
hight 1.7259 1 7 3790 
hight 1.7221 2 14 8014 
hight 1.6793 1 7 3420 
hight 1.6792 1 7 3677 
hight 1.7099 1 7 3584 
hight 1.7118 2 14 7605 
hight 1.6696 1 7 3432 
hight 1.6065 1 7 3255 
hight 1.6326 1 7 3485 
hight 1.6303 1 7 3253 
hight 1.6519 1 7 3221 
hight 1.6679 1 7 3188 
hight 1.6656 1 7 3263 
hight 1.6461 1 7 3248 
hight 1.6718 1 7 3379 
hight 1.6765 1 7 3435 
hight 1.6730 1 7 4412 
hight 1.6635 1 7 4410 
hight 1.6729 1 7 4242 
hight 1.6540 1 7 4271 
hight 1.6951 1 7 5599 
hight 1.6923 1 7 8041 
hight 1.6642 1 7 4280 
hight 1.6726 1 7 4242 
hight 1.6711 1 7 4377 
hight 1.7174 1 7 4334 
hight 1.7030 1 7 4593 
hight 1.7080 1 7 4481 
hight 1.7117 1 7 4337 
hight 1.6976 1 7 4421 
hight 1.6825 1 7 4360 
hight 1.6742 1 7 4335 
hight 1.6853 1 7 4464 
hight 1.6774 1 7 4544 
hight 1.6705 1 7 4701 
hight 1.6647 1 7 4900 
hight 1.6520 1 7 4745 
hight 1.6183 1 7 4786 
hight 1.6165 1 7 4621 
hight 1.6186 1 7 4529 
hight 1.5895 1 7 4635 
hight 1.5772 1 7 4403 
hight 1.5734 1 7 4330 
hight 1.5707 1 7 4351 
hight 1.5500 1 7 4364 
hight 1.4996 1 7 4059 
hight 1.5083 1 7 4242 
hight 1.4926 1 7 4239 
hight 1.4773 1 7 4097 
hight 1.4904 1 7 3931 
hight 1.5140 1 7 4130 
hight 1.5158 1 7 4337 
hight 1.5089 1 7 4170 
hight 1.5235 1 7 4411 
hight 1.5026 1 7 4578 
hight 1.5023 1 7 4357 
hight 1.5303 1 7 4420 
hight 1.5162 1 7 4425 
hight 1.5070 1 7 4580 
hight 1.5019 1 7 4932 
hight 1.5005 1 7 4987 
hight 1.5168 1 7 5012 
hight 1.5093 1 7 5049 
hight 1.4916 1 7 4957 
hight 1.4717 1 7 4718 
hight 1.4669 1 7 4800 
hight 1.4911 1 7 4934 
hight 1.4976 1 7 5174 
hight 1.4766 1 7 4905 
hight 1.4645 1 7 4571 
hight 1.4325 1 7 4698 
hight 1.4069 1 7 7169 
hight 1.4063 1 7 5678 
hight 1.4082 1 7 4613 
hight 1.3929 1 7 4825 
hight 1.3683 1 7 5175 
hight 1.3734 1 7 4841 
hight 1.3749 1 7 4942 
hight 1.3792 2 14 9551 
hight 1.3783 1 7 4912 
hight 1.3639 1 7 5102 
hight 1.3387 1 7 4807 
hight 1.3933 1 7 4452 
hight 1.4048 1 7 4388 
hight 1.3879 1 7 4564 
hight 1.4080 1 7 4319 
hight 1.4002 1 7 4484 
hight 1.3939 1 7 5090 
hight 1.3631 1 7 4582 
hight 1.3310 1 7 4380 
hight 1.3261 1 7 4229 
hight 1.3025 1 7 4526 
hight 1.3141 1 7 4209 
hight 1.3254 1 7 4298 
hight 1.3187 1 7 4548 
hight 1.3370 1 7 4270 
hight 1.3610 1 7 4361 
hight 1.3787 1 7 4605 
hight 1.3869 1 7 4129 
hight 1.3941 1 7 4052 
hight 1.3634 1 7 4355 
hight 1.3801 2 14 8771 
hight 1.3693 1 7 4480 
hight 1.4011 1 7 4358 
hight 1.4274 1 7 4212 
hight 1.4244 1 7 4486 
hight 1.4237 1 7 4097 
hight 1.3959 1 7 4459 
hight 1.3942 1 7 4197 
hight 1.3593 1 7 4255 
hight 1.3388 1 7 4283 
hight 1.3353 1 7 4432 
hight 1.3444 1 7 4316 
hight 1.3321 1 7 4391 
hight 1.3654 1 7 4502 
hight 1.3626 1 7 4149 
hight 1.3215 1 7 4374 
hight 1.3195 1 7 4558 
hight 1.2955 1 7 4481 
hight 1.2814 1 7 4360 
hight 1.2632 1 7 4734 
hight 1.2575 1 7 6684 
hight 1.2454 1 7 5909 
hight 1.2484 1 7 3037 
hight 1.2723 1 7 3049 
hight 1.2589 1 7 3050 
hight 1.2660 2 14 6069 
hight 1.2550 1 7 3036 
hight 1.2429 3 13 9054 
hight 1.2666 1 7 3043 
hight 1.2985 1 7 3055 
hight 1.3073 1 7 3059 
hight 1.2922 1 7 3047 
hight 1.2856 2 14 6077 
hight 1.2909 1 7 2986 
hight 1.3078 1 7 3058 
hight 1.3045 1 7 3060 
hight 1.3155 1 7 3046 
hight 1.3224 1 7 3044 
hight 1.3097 1 7 3039 
hight 1.3082 1 7 3048 
hight 1.3083 1 7 3048 
hight 1.2914 1 7 3039 
hight 1.2739 2 11 6023 
hight 1.2567 1 7 3026 
hight 1.2702 2 10 6023 
hight 1.2672 2 10 6080 
hight 1.2661 1 7 3024 
hight 1.2387 1 7 3023 
hight 1.2465 1 7 3022 
hight 1.2773 1 7 3025 
hight 1.2837 1 7 3022 
hight 1.2643 1 7 3027 
hight 1.2748 1 7 3026 
hight 1.2847 1 7 3024 
hight 1.2719 1 7 3029 
hight 1.2787 1 7 3027 
hight 1.2771 1 7 3031 
hight 1.2651 1 7 3033 
hight 1.2675 1 7 3019 
hight 1.2680 1 7 3036 
hight 1.2657 1 7 3029 
hight 1.2308 1 7 3028 
hight 1.2132 1 7 3082 
hight 1.2122 1 7 3025 
hight 1.1857 1 7 3015 
hight 1.1763 1 7 3022 
hight 1.1583 1 7 3020 
hight 1.1554 1 7 3022 
hight 1.1681 1 7 3022 
hight 1.1618 1 7 3025 
hight 1.1559 1 7 3035 
hight 1.1709 1 7 4341 
hight 1.1885 1 7 3010 
hight 1.1903 1 5 3012 
hight 1.1970 1 3 2999 
hight 1.1953 1 4 3006 
hight 1.2259 2 6 5998 
hight 1.2239 1 3 2999 
hight 1.1944 1 3 2999 
hight 1.1738 1 3 2999 
hight 1.1827 2 6 6007 
hight 1.1670 1 3 2999 
hight 1.1917 1 3 2999 
hight 1.2082 1 4 2940 
hight 1.2143 1 3 2999 
hight 1.2112 1 3 2999 
hight 1.2194 2 7 6002 
hight 1.1918 1 3 2999 
hight 1.2014 1 3 2999 
hight 1.2092 1 3 2999 
hight 1.2287 1 3 2999 
hight 1.2358 1 3 2999 
hight 1.2493 1 3 2999 
hight 1.2595 1 3 2999 
hight 1.2788 1 3 2999 
hight 1.2789 1 3 2999 
hight 1.2841 1 3 2999 
hight 1.3070 1 3 2999 
hight 1.3072 2 6 5998 
hight 1.3080 1 3 2999 
hight 1.3029 1 3 2999 
hight 1.3057 1 3 2999 
hight 1.2811 1 3 2999 
hight 1.2622 1 3 2999 
hight 1.2768 2 7 5999 
hight 1.2784 1 3 2999 
hight 1.2637 1 3 2999 
hight 1.2823 1 3 3007 
hight 1.2995 1 3 2999 
hight 1.3040 1 3 2999 
hight 1.3020 1 3 2999 
hight 1.3060 1 3 2999 
hight 1.2923 1 3 3059 
hight 1.3171 2 6 5998 
hight 1.3240 1 3 2999 
hight 1.3283 1 3 2999 
hight 1.3234 1 3 2999 
hight 1.3230 1 3 2999 
hight 1.3157 1 3 2999 
hight 1.3114 1 3 2999 
hight 1.3176 1 3 2999 
hight 1.3198 1 3 2999 
hight 1.2901 1 3 2999 
hight 1.2888 2 7 6000 
hight 1.2895 1 3 2999 
hight 1.3037 3 10 9000 
hight 1.3135 1 3 2999 
hight 1.3236 1 3 2999 
hight 1.3174 1 3 2999 
hight 1.3227 1 4 3002 
hight 1.3192 1 3 2939 
hight 1.3134 1 3 2999 
hight 1.3058 1 3 2999 
hight 1.2820 1 3 3000 
hight 1.2747 1 3 2999 
hight 1.2419 1 3 2999 
hight 1.2303 1 3 2999 
hight 1.2238 1 3 2999 
hight 1.2298 1 4 3000 
hight 1.2291 1 3 2999 
hight 1.2406 1 3 2999 
hight 1.2436 1 3 2999 
hight 1.2526 1 3 2999 
hight 1.2500 1 3 2999 
hight 1.2355 1 3 2999 
hight 1.2552 1 3 2999 
hight 1.2593 1 4 3001 
hight 1.2539 2 6 5998 
hight 1.2353 1 3 2999 
hight 1.2443 1 3 2999 
hight 1.2379 1 4 3001 
hight 1.2421 1 3 2999 
hight 1.2386 1 3 2999 
hight 1.2516 1 4 3000 
hight 1.2620 1 3 2999 
hight 1.2565 1 3 2999 
hight 1.2716 1 3 2999 
hight 1.2577 1 3 2999 
hight 1.2521 1 3 2999 
hight 1.2534 1 3 3000 
hight 1.2410 1 3 2999 
hight 1.2115 1 3 2999 
hight 1.2097 1 3 2999 
hight 1.2266 1 3 2999 
hight 1.2234 1 4 4380 
hight 1.2269 1 4 4380 
hight 1.2528 1 3 2999 
hight 1.2545 1 3 2999 
hight 1.2563 1 3 2999 
hight 1.2570 1 3 2999 
hight 1.2549 1 3 2999 
hight 1.2474 1 3 2999 
hight 1.2435 1 3 2999 
hight 1.2354 1 3 2999 
hight 1.2213 1 4 3000 
hight 1.2226 1 3 2939 
hight 1.2237 1 3 2999 
hight 1.2282 1 3 2999 
hight 1.2242 1 3 2999 
hight 1.2125 1 3 2999 
hight 1.2162 1 3 2999 
hight 1.2220 1 3 2999 
hight 1.2329 1 3 2999 
hight 1.2312 1 3 2999 
hight 1.2327 1 3 2999 
hight 1.2467 1 3 2999 
hight 1.2424 1 3 2999 
hight 1.2339 1 3 2999 
hight 1.2230 1 4 3007 
hight 1.2066 1 3 2999 
hight 1.2077 1 3 2999 
hight 1.2163 1 3 2999 
hight 1.2081 2 6 6001 
hight 1.2116 1 3 2999 
hight 1.2212 1 4 3015 
hight 1.2108 1 4 3000 
hight 1.2149 1 3 2999 
hight 1.2136 1 3 2999 
hight 1.1921 1 3 2999 
hight 1.1877 2 6 5998 
hight 1.1776 1 4 3000 
hight 1.1891 1 3 2999 
hight 1.1829 1 3 2999 
hight 1.1772 1 3 3059 
hight 1.1637 1 3 2999 
hight 1.1446 1 3 2999 
hight 1.1264 1 3 2999 
hight 1.1077 1 4 3000 
hight 1.1322 1 4 3000 
hight 1.1360 1 4 3001 
hight 1.1572 1 3 2999 
hight 1.1593 1 5 4380 
hight 1.1587 1 5 5819 
hight 1.1331 1 4 3000 
hight 1.1171 1 3 2999 
hight 1.1120 1 3 2999 
hight 1.0987 1 3 2999 
hight 1.1055 1 3 2999 
hight 1.1101 1 3 2999 
hight 1.1104 1 3 2999 
hight 1.1031 1 3 2999 
hight 1.0761 1 3 2999 
hight 1.0426 1 4 3000 
hight 1.0332 2 6 5998 
hight 1.0247 1 3 2999 
hight 1.0138 2 6 5949 
hight 1.0215 1 3 2999 
hight 1.0161 1 3 2999 
hight 1.0281 1 3 2999 
hight 1.0428 1 3 2999 
hight 1.0606 1 3 2999 
hight 1.0621 2 10 6002 
hight 1.0598 1 4 3000 
hight 1.0390 1 3 2999 
hight 1.0525 1 3 2999 
hight 1.0519 1 3 2999 
hight 1.0538 1 3 2999 
hight 1.0491 1 3 2999 
hight 1.0443 1 3 2999 
hight 1.0346 1 4 3000 
hight 1.0350 1 3 2999 
hight 1.0476 1 3 2999 
hight 1.0557 1 3 2999 
hight 1.0923 1 4 3000 
hight 1.1030 1 3 2999 
hight 1.1084 1 3 2999 
hight 1.1128 1 3 2999 
hight 1.1370 1 3 2999 
hight 1.1415 1 3 2999 
hight 1.1278 1 3 2999 
hight 1.1245 1 3 2999 
hight 1.1486 1 3 2999 
hight 1.1440 1 3 2999 
hight 1.1589 1 3 2999 
hight 1.1746 1 4 3071 
hight 1.1799 1 4 3002 
hight 1.1876 1 3 2999 
hight 1.2044 1 3 2999 
hight 1.2295 1 3 2999 
hight 1.2197 1 3 2999 
hight 1.2249 1 3 2999 
hight 1.1243 1 4 3004 
hight 1.0887 1 5 4609 
hight 1.1276 1 5 4678 
hight 1.1250 1 3 2999 
hight 1.1515 1 3 2999 
hight 1.1713 1 3 2999 
hight 1.1683 1 3 2999 
hight 1.1778 1 3 2999 
hight 1.1775 1 3 2999 
hight 1.1882 1 4 3000 
hight 1.1794 1 3 2999 
hight 1.1846 1 3 2999 
hight 1.1964 1 3 2999 
hight 1.1546 1 3 2939 
hight 1.1503 1 4 3001 
hight 1.1621 1 3 3000 
hight 1.1739 1 3 2999 
hight 1.1719 1 3 2999 
hight 1.1445 1 3 2999 
hight 1.1418 1 3 3000 
hight 1.1260 1 4 3000 
hight 1.1126 1 4 3000 
hight 1.0952 1 3 2999 
hight 1.0984 1 3 2999 
hight 1.0954 1 3 2999 
hight 1.0921 1 3 2999 
hight 1.1019 1 3 2999 
hight 1.0953 1 3 2999 
hight 1.0940 1 3 2999 
hight 1.0890 1 3 2999 
hight 1.0793 2 6 5998 
hight 1.0932 1 3 2999 
hight 1.0880 1 3 2999 
hight 1.0844 1 3 2999 
hight 1.0779 1 3 2999 
hight 1.0712 1 3 2999 
hight 1.0696 1 3 2999 
hight 1.0487 1 3 2999 
hight 1.0387 1 3 2999 
hight 1.0403 1 3 2999 
hight 1.0450 1 3 2999 
hight 1.0357 1 4 3001 
hight 1.0227 1 4 3000 
hight 1.0248 1 3 3059 
hight 1.0336 1 3 2999 
hight 1.0275 2 6 6008 
hight 1.0206 1 3 2999 
hight 1.0221 1 3 3028 
hight 1.0173 1 3 2999 
hight 1.0284 1 3 3000 
hight 1.0427 1 3 2999 
hight 1.0505 1 3 2999 
hight 1.0496 1 4 4618 
hight 1.0420 1 4 4617 
hight 1.0382 1 3 2999 
hight 1.0353 1 3 2999 
hight 1.0492 1 3 2999 
hight 1.0640 1 3 2999 
hight 1.0825 1 3 2999 
hight 1.0896 1 3 2999 
hight 1.0885 1 3 2999 
hight 1.0807 1 3 2999 
hight 1.0791 1 3 2999 
hight 1.0659 1 3 2999 
hight 1.0748 1 3 2939 
hight 1.0720 1 3 2999 
hight 1.0784 1 4 3000 
hight 1.0688 1 4 3002 
hight 1.0898 1 5 3001 
hight 1.1049 1 3 2999 
hight 1.1244 1 3 2999 
hight 1.1514 1 3 3000 
hight 1.1693 1 3 2999 
hight 1.1728 1 3 2999 
hight 1.1671 1 4 3000 
hight 1.1553 1 3 2999 
hight 1.1337 1 3 2999 
hight 1.1135 1 3 2999 
hight 1.0853 1 3 2999 
hight 1.0673 1 3 2999 
hight 1.0615 1 4 3001 
hight 1.0638 1 4 3004 
hight 1.0616 1 7 3003 
hight 1.0624 1 5 3001 
hight 1.0463 1 6 3024 
hight 1.0326 2 8 6002 
hight 1.0236 1 6 3006 
hight 1.0180 1 5 3033 
hight 0.9982 2 8 6033 
hight 0.9842 2 10 6139 
hight 0.9726 2 9 6149 
hight 0.9753 1 3 3002 
hight 0.9880 1 6 3047 
hight 0.9969 1 3 3059 
hight 0.9821 2 8 6000 
hight 0.9973 2 6 6008 
hight 0.9995 1 5 3003 
hight 1.0051 1 5 3152 
hight 1.0064 1 5 3001 
hight 0.9913 2 11 6693 
hight 0.9731 1 5 3002 
hight 0.9662 1 5 3515 
hight 0.9530 2 10 6523 
hight 0.9781 1 5 3003 
hight 0.9761 2 9 6009 
hight 0.9685 3 12 9041 
hight 0.9479 1 5 3001 
hight 0.9641 1 3 2999 
hight 0.9772 1 4 3000 
hight 0.9736 1 5 3009 
hight 0.9389 3 10 9000 
hight 0.9361 1 3 2999 
hight 0.9368 2 6 5999 
hight 0.9196 2 8 6015 
hight 0.9232 1 3 2940 
hight 0.9338 2 6 5998 
hight 0.9290 1 4 3001 
hight 0.9005 1 6 3050 
hight 0.8996 1 5 3057 
hight 0.8831 1 3 3008 
hight 0.8821 1 5 3080 
hight 0.8944 1 3 2999 
hight 0.8890 1 3 2999 
hight 0.8811 1 3 2999 
hight 0.8540 1 3 2999 
hight 0.8466 1 3 2999 
hight 0.8549 1 3 2999 
hight 0.8436 1 3 2999 
hight 0.8523 1 4 3262 
hight 0.8518 1 3 2999 
hight 0.8328 1 3 2999 
hight 0.8258 1 3 2999 
hight 0.8044 1 3 2999 
hight 0.7799 1 3 2999 
hight 0.7995 1 4 3001 
hight 0.8012 1 3 2999 
hight 0.8239 1 3 2999 
hight 0.8623 1 5 3041 
hight 0.8925 1 7 3080 
hight 0.8918 1 7 3047 
hight 0.9180 1 5 3018 
hight 0.9259 1 5 3044 
hight 0.9313 1 4 3025 
hight 0.9109 1 7 3070 
hight 0.9080 3 10 9003 
hight 0.8958 2 9 6094 
hight 0.9065 1 3 2999 
hight 0.9234 1 4 3001 
hight 0.9328 1 3 2999 
hight 0.9294 2 12 7477 
hight 0.9476 2 7 6003 
hight 0.9545 1 3 2999 
hight 0.9397 1 4 3686 
hight 0.9468 2 8 6455 
hight 0.9593 1 3 2999 
hight 0.9572 1 3 2999 
hight 0.9494 1 3 2999 
hight 0.9337 1 4 3000 
hight 0.9261 1 3 2999 
hight 0.9227 1 3 2999 
hight 0.9298 1 3 2999 
hight 0.9136 1 3 2999 
hight 0.9194 1 3 2999 
hight 0.9246 1 3 2999 
hight 0.9333 1 3 3008 
hight 0.9176 3 14 10708 
hight 0.9112 2 9 6017 
hight 0.9220 1 5 3017 
hight 0.9249 1 3 2999 
hight 0.9208 1 3 2999 
hight 0.9131 1 3 2999 
hight 0.9269 1 3 2999 
hight 0.9438 1 3 2999 
hight 0.9498 1 3 2999 
hight 0.9636 1 3 2999 
hight 0.9768 3 10 8999 
hight 0.9655 1 3 2999 
hight 0.9626 1 5 3007 
hight 0.9650 1 3 2999 
hight 0.9676 3 11 9006 
hight 0.9813 1 3 2999 
hight 0.9871 2 6 6060 
hight 0.9970 1 3 3000 
hight 0.9961 1 3 2999 
hight 0.9896 1 3 2999 
hight 0.9807 3 10 8998 
hight 0.9797 1 4 3000 
hight 0.9657 1 3 2999 
hight 0.9615 2 8 6011 
hight 0.9605 1 5 3021 
hight 0.9417 1 3 2999 
hight 0.9436 1 3 3000 
hight 0.9413 1 5 3001 
hight 0.9430 1 5 3017 
hight 0.9341 1 5 3012 
hight 0.9384 2 8 6064 
hight 0.9454 2 7 6001 
hight 0.9510 1 3 2999 
hight 0.9489 1 3 2999 
hight 0.9456 1 3 3009 
hight 0.9339 1 4 3000 
hight 0.9380 2 6 5999 
hight 0.9324 1 4 3000 
hight 0.9179 2 9 6065 
hight 0.9301 1 4 3000 
hight 0.9329 1 3 2999 
hight 0.9386 2 6 5999 
hight 0.9322 1 4 3000 
hight 0.9224 1 3 3000 
hight 0.9212 1 4 3000 
hight 0.9256 1 3 2999 
hight 0.9336 1 4 3000 
hight 0.9461 1 3 2999 
hight 0.9549 3 17 19027 
hight 0.9564 1 3 2999 
hight 0.9502 1 3 2999 
hight 0.9551 1 3 2939 
hight 0.9524 1 3 2999 
hight 0.9496 1 5 3001 
hight 0.9434 1 3 2999 
hight 0.9672 2 7 6001 
hight 0.9759 1 3 2999 
hight 0.9835 2 6 5998 
hight 0.9788 3 9 9009 
hight 0.9491 1 3 2999 
hight 0.9284 1 3 2999 
hight 0.9405 1 3 3000 
hight 0.9527 1 4 3118 
hight 0.9748 1 3 3000 
hight 0.9743 1 5 3726 
hight 0.9392 1 4 3002 
hight 0.9346 1 4 3001 
hight 0.9394 2 8 6008 
hight 0.9287 1 4 3001 
hight 0.9453 1 4 3031 
hight 0.9266 1 4 3001 
hight 0.9135 1 3 3000 
hight 0.9173 1 4 3007 
hight 0.9000 1 4 3063 
hight 0.9149 1 3 3002 
hight 0.9247 1 4 3005 
hight 0.9198 1 5 3009 
hight 0.9187 1 5 3015 
hight 0.9108 2 9 6008 
hight 0.9074 1 3 3001 
hight 0.8915 1 4 3002 
hight 0.8999 1 5 4441 
hight 0.8967 1 6 4741 
hight 0.9097 2 10 7450 
hight 0.9125 1 3 3001 
hight 0.9154 1 3 3001 
hight 0.9132 1 3 3000 
hight 0.9061 1 4 3005 
hight 0.9036 1 4 3003 
hight 0.8913 1 4 3003 
hight 0.8928 1 3 3002 
hight 0.8893 1 4 3001 
hight 0.8786 1 3 3000 
hight 0.8877 1 3 3000 
hight 0.8897 1 4 2941 
hight 0.8951 1 5 3002 
hight 0.8844 1 3 3001 
hight 0.8860 1 3 3001 
hight 0.8854 1 3 3001 
hight 0.8848 1 3 3000 
hight 0.8906 1 3 3000 
hight 0.8980 1 4 3001 
hight 0.8993 1 3 3001 
hight 0.9035 1 4 3001 
hight 0.9011 1 4 3002 
hight 0.8997 1 5 3005 
hight 0.8952 1 3 3000 
hight 0.8957 1 3 3000 
hight 0.8961 1 5 3002 
hight 0.9025 1 4 3001 
hight 0.9072 1 3 3000 
hight 0.9210 1 4 3122 
hight 0.9378 1 5 3059 
hight 0.9682 1 5 3070 
hight 0.9597 1 5 3007 
hight 0.9560 2 8 5950 
hight 0.9557 1 6 3085 
hight 0.9689 1 6 3021 
hight 0.9739 1 4 3007 
hight 0.9687 1 3 3010 
hight 0.9722 1 7 3039 
hight 0.9728 1 6 3032 
hight 0.9816 2 9 6040 
hight 0.9721 1 7 3040 
hight 0.9884 1 6 3041 
hight 0.9937 1 6 4764 
hight 1.0132 2 10 8849 
hight 1.0216 1 6 3036 
hight 1.0238 1 7 3041 
hight 0.9164 1 7 3043 
hight 0.9309 1 7 3038 
hight 0.9372 2 10 6030 
hight 0.9533 1 6 3027 
hight 0.9616 1 7 3038 
hight 0.9998 3 13 8979 
hight 1.0127 1 6 3036 
hight 1.0067 1 6 3009 
hight 0.9754 1 5 2945 
hight 0.9741 1 5 3002 
hight 0.9861 2 8 6010 
hight 0.9769 1 4 3002 
hight 0.9717 1 5 3003 
hight 0.9571 1 5 3002 
hight 0.9357 1 4 3003 
hight 0.9382 1 4 3001 
hight 0.9537 1 3 3000 
hight 0.9541 1 3 3001 
hight 0.9500 1 5 3006 
hight 0.9415 1 3 3000 
hight 0.9514 1 4 3002 
hight 0.9647 1 4 3002 
hight 0.9900 1 5 3002 
hight 0.9888 1 3 3000 
hight 0.9775 1 4 3001 
hight 0.9819 1 3 3000 
hight 0.9822 1 4 3001 
hight 0.9760 1 4 3001 
hight 0.9841 2 8 6002 
hight 0.9793 1 4 3002 
hight 0.9738 1 5 3002 
hight 0.9583 1 4 3001 
hight 0.9955 1 4 3005 
hight 1.0084 1 3 3002 
hight 1.0168 2 7 6012 
hight 1.0223 1 4 3002 
hight 1.0304 1 3 3002 
hight 0.9943 1 3 3003 
hight 0.9988 3 9 9009 
hight 0.9940 1 4 4498 
hight 1.0120 1 5 4561 
hight 1.0109 1 3 3002 
hight 1.0104 1 3 3001 
hight 1.0197 1 3 3001 
hight 1.0254 1 4 3002 
hight 1.0191 1 3 3003 
hight 0.9894 1 3 3003 
hight 1.0001 2 6 6012 
hight 1.0035 2 6 6000 
hight 1.0009 1 3 3000 
hight 1.0089 2 7 6002 
hight 0.9911 3 13 10513 
hight 0.9785 1 3 2940 
hight 0.9668 1 3 2999 
hight 0.9620 1 3 2999 
hight 0.9686 1 3 2999 
hight 0.9794 1 3 2999 
hight 0.9752 2 6 5998 
hight 0.9936 1 6 3016 
hight 0.9954 2 9 6202 
hight 0.9949 2 9 6025 
hight 0.9892 2 6 5998 
hight 0.9925 1 4 3240 
hight 0.9948 1 3 2999 
hight 0.9656 1 3 2999 
hight 0.9882 1 3 2999 
hight 0.9783 1 3 2999 
hight 0.9817 1 3 2999 
hight 0.9812 1 3 2999 
hight 0.9827 1 4 3000 
hight 0.9891 2 7 6000 
hight 0.9912 1 3 3012 
hight 0.9997 1 4 3000 
hight 0.9957 2 8 6012 
hight 1.0022 2 6 6008 
hight 1.0188 1 3 3009 
hight 1.0198 1 3 3010 
hight 1.0210 1 3 3009 
hight 1.0342 1 3 3009 
hight 1.0296 1 4 3788 
hight 1.0331 1 4 3489 
hight 1.0289 1 3 3009 
hight 1.0243 1 3 3009 
hight 1.0118 1 4 3010 
hight 1.0041 1 3 3010 
hight 1.0005 1 3 3010 
hight 1.0081 1 3 3009 
hight 1.0116 1 3 3010 
hight 1.0159 1 3 3010 
hight 1.0099 1 3 3009 
hight 1.0105 1 3 2999 
hight 1.0087 1 3 2999 
hight 0.9967 1 3 2999 
hight 1.0097 1 3 2999 
hight 0.9848 1 3 2999 
hight 0.9806 1 3 2999 
hight 0.9758 1 4 3001 
hight 0.9658 1 4 3001 
hight 0.9694 2 7 5999 
hight 0.9698 2 6 6007 
hight 0.9613 1 4 3000 
hight 0.9725 1 3 2999 
hight 0.9756 1 3 2999 
hight 0.9763 1 3 2999 
hight 0.9695 1 3 2999 
hight 0.9677 1 3 3000 
hight 0.9746 1 3 2999 
hight 0.9784 1 5 3001 
hight 0.9834 1 3 2999 
hight 1.0036 2 6 6070 
hight 1.0015 1 3 3010 
hight 0.9945 1 4 3011 
hight 0.9885 1 4 3031 
hight 0.9976 2 6 6019 
hight 0.9932 1 3 3010 
hight 0.9901 1 5 4931 
hight 0.9839 1 3 3010 
hight 0.9843 1 3 3010 
hight 0.9665 1 4 3010 
hight 0.9579 1 5 3016 
hight 0.9395 1 7 3197 
hight 0.9414 1 3 2999 
hight 0.9488 1 3 2999 
hight 0.9531 1 3 2999 
hight 0.9567 1 3 2999 
hight 0.9595 1 3 2999 
hight 0.9648 1 3 2999 
hight 0.9808 1 3 2999 
hight 0.9968 1 5 4252 
hight 1.0054 1 3 3076 
hight 1.0055 1 3 2999 
hight 1.0031 1 3 2999 
hight 0.9981 1 3 3074 
hight 0.9933 1 3 2999 
hight 0.9886 1 3 2999 
hight 0.9984 1 3 2999 
hight 0.9990 1 3 2999 
hight 0.9959 2 6 6008 
hight 1.0066 1 3 3008 
hight 1.0040 1 3 3009 
hight 0.9980 1 3 3009 
hight 0.9864 1 3 3009 
hight 0.9774 1 3 3009 
hight 0.9757 1 3 3009 
hight 0.9747 1 3 3009 
hight 0.9953 1 3 3008 
hight 0.9931 1 3 3008 
hight 0.9978 1 3 3009 
hight 1.0052 2 6 6067 
hight 1.0091 1 4 3010 
hight 1.0126 1 3 3009 
hight 1.0102 1 3 3008 
hight 1.0002 1 3 3009 
hight 1.0004 1 3 3009 
hight 0.9983 1 3 3008 
hight 0.9962 1 4 3186 
hight 0.9918 1 3 3000 
hight 0.9985 1 3 3000 
hight 1.0018 1 3 3009 
hight 1.0094 1 3 3009 
hight 1.0096 2 6 6007 
hight 1.0122 1 3 2999 
hight 1.0082 1 3 2999 
hight 1.0008 1 3 2999 
hight 1.0010 1 3 2999 
hight 1.0080 1 3 2999 
hight 1.0228 1 3 2999 
hight 1.0235 1 3 2999 
hight 1.0224 1 3 2999 
hight 1.0208 1 3 2999 
hight 1.0119 1 3 2999 
hight 1.0117 1 3 2999 
hight 1.0011 1 3 2999 
hight 1.0013 1 3 2999 
hight 0.9887 1 3 2999 
hight 0.9939 1 3 2999 
hight 0.9906 1 3 2999 
hight 0.9944 1 3 2999 
low 1.5898 1 7 3530 
low 1.6053 1 7 3498 
low 1.6093 1 7 3162 
low 1.6351 1 7 3608 
low 1.6243 1 7 3474 
low 1.6438 1 7 3557 
low 1.6633 1 7 3800 
low 1.6678 1 7 3364 
low 1.6395 1 7 3560 
low 1.6439 1 7 3657 
low 1.6694 1 7 3345 
low 1.6842 1 7 3422 
low 1.7009 1 7 3377 
low 1.6836 1 7 3322 
low 1.7010 1 7 4103 
low 1.6851 1 7 3212 
low 1.6988 1 7 3521 
low 1.7153 1 7 3526 
low 1.7283 1 7 3501 
low 1.7261 1 7 3339 
low 1.7649 1 7 3580 
low 1.7749 1 7 3322 
low 1.7716 1 7 3287 
low 1.7586 1 7 3229 
low 1.7583 1 7 3335 
low 1.7595 1 7 3316 
low 1.7768 1 7 3612 
low 1.7498 1 7 3278 
low 1.7148 1 7 3515 
low 1.7100 1 7 3660 
low 1.6992 1 7 3790 
low 1.6776 1 7 3597 
low 1.6509 2 14 7662 
low 1.6447 1 7 3677 
low 1.6469 1 7 3584 
low 1.6365 1 7 3417 
low 1.5952 1 7 3432 
low 1.5663 1 7 3255 
low 1.5847 1 7 3485 
low 1.5994 1 7 3253 
low 1.6178 1 7 3221 
low 1.6297 1 7 3188 
low 1.6149 1 7 3263 
low 1.6126 1 7 3248 
low 1.6212 1 7 3379 
low 1.6465 1 7 3435 
low 1.6481 1 7 4412 
low 1.6373 1 7 4410 
low 1.6462 1 7 4242 
low 1.6250 1 7 4271 
low 1.6278 1 7 5599 
low 1.6613 1 7 8041 
low 1.6358 1 7 4280 
low 1.6553 1 7 4377 
low 1.6583 1 7 4334 
low 1.6881 1 7 4417 
low 1.6774 1 7 4593 
low 1.6838 1 7 4481 
low 1.6840 1 7 4337 
low 1.6917 1 7 4188 
low 1.6649 1 7 4421 
low 1.6484 1 7 4360 
low 1.6523 1 7 4335 
low 1.6582 1 7 4464 
low 1.6516 1 7 4544 
low 1.6558 1 7 4701 
low 1.6432 1 7 4900 
low 1.6142 1 7 4745 
low 1.5821 1 7 4786 
low 1.5865 1 7 4621 
low 1.5738 1 7 4529 
low 1.5656 1 7 4635 
low 1.5531 1 7 4403 
low 1.5492 1 7 4330 
low 1.5486 1 7 4351 
low 1.4932 1 7 4364 
low 1.4736 1 7 4059 
low 1.4788 1 7 4242 
low 1.4450 1 7 4239 
low 1.4356 1 7 4097 
low 1.4365 1 7 3931 
low 1.4620 1 7 4130 
low 1.4844 1 7 4337 
low 1.4752 1 7 4170 
low 1.4899 1 7 4411 
low 1.4697 1 7 4578 
low 1.4606 1 7 4357 
low 1.4888 1 7 4420 
low 1.4808 1 7 4425 
low 1.4711 1 7 4580 
low 1.4725 1 7 4932 
low 1.4744 1 7 4987 
low 1.4914 1 7 5012 
low 1.4842 1 7 5049 
low 1.4537 1 7 4957 
low 1.4381 1 7 4718 
low 1.4439 1 7 4800 
low 1.4613 1 7 4934 
low 1.4718 1 7 5174 
low 1.4530 1 7 4905 
low 1.4251 1 7 4571 
low 1.4052 1 7 4698 
low 1.3848 2 14 11381 
low 1.3834 1 7 5678 
low 1.3785 1 7 4613 
low 1.3607 1 7 4825 
low 1.3458 1 7 5175 
low 1.3433 1 7 4841 
low 1.3402 1 7 4942 
low 1.3519 1 7 4989 
low 1.3491 1 7 4912 
low 1.3303 1 7 5102 
low 1.3228 1 7 4807 
low 1.3262 1 7 4452 
low 1.3734 1 7 4388 
low 1.3490 1 7 4564 
low 1.3487 1 7 4319 
low 1.3764 1 7 4484 
low 1.3634 1 7 5090 
low 1.3563 1 7 4562 
low 1.3217 2 14 8943 
low 1.3009 1 7 4380 
low 1.2872 1 7 4229 
low 1.2781 1 7 4526 
low 1.2825 1 7 4209 
low 1.2954 2 14 7342 
low 1.2937 1 7 4548 
low 1.3067 1 7 4270 
low 1.3405 1 7 4605 
low 1.3538 1 7 4129 
low 1.3522 1 7 4052 
low 1.3371 1 7 4355 
low 1.3446 1 7 4348 
low 1.3406 1 7 4480 
low 1.3632 1 7 4358 
low 1.3971 1 7 4486 
low 1.3751 1 7 4097 
low 1.3735 1 7 4459 
low 1.3461 1 7 4197 
low 1.3096 1 7 4255 
low 1.3107 1 7 4283 
low 1.3049 1 7 4432 
low 1.3153 1 7 4316 
low 1.3028 1 7 4391 
low 1.3175 1 7 4502 
low 1.3586 1 7 4423 
low 1.2910 1 7 4149 
low 1.2917 1 7 4374 
low 1.2845 1 7 4558 
low 1.2595 1 7 4481 
low 1.2563 1 7 4360 
low 1.2481 1 7 4734 
low 1.2406 1 7 6684 
low 1.2240 1 7 5909 
low 1.2139 2 10 6036 
low 1.2193 2 10 6048 
low 1.2272 1 7 3050 
low 1.2391 1 7 3055 
low 1.2258 2 10 6035 
low 1.2223 1 7 3056 
low 1.2183 1 7 3043 
low 1.2389 1 7 3055 
low 1.2673 1 7 3059 
low 1.2624 1 7 3047 
low 1.2517 1 7 3053 
low 1.2544 1 7 2986 
low 1.2598 1 7 3058 
low 1.2711 1 7 3060 
low 1.2827 1 7 3046 
low 1.2793 1 7 3039 
low 1.2699 1 7 3048 
low 1.2697 1 7 3048 
low 1.2661 1 7 3039 
low 1.2427 1 7 3021 
low 1.2321 1 7 3026 
low 1.2368 1 7 3014 
low 1.2419 1 7 3024 
low 1.2387 1 7 3021 
low 1.2268 1 7 3024 
low 1.2205 1 7 3023 
low 1.2230 1 7 3022 
low 1.2410 1 7 3025 
low 1.2688 1 7 3022 
low 1.2490 1 7 3024 
low 1.2377 1 7 3027 
low 1.2401 1 7 3026 
low 1.2631 1 7 3024 
low 1.2559 1 7 3029 
low 1.2520 1 7 3027 
low 1.2523 1 7 3031 
low 1.2513 1 7 3033 
low 1.2445 1 7 3019 
low 1.2469 1 7 3036 
low 1.2269 2 10 6028 
low 1.1925 1 7 3028 
low 1.1910 1 7 3082 
low 1.1754 1 7 3025 
low 1.1692 1 7 3015 
low 1.1562 1 7 3022 
low 1.1327 1 7 3020 
low 1.1299 1 7 3022 
low 1.1401 1 7 3022 
low 1.1385 1 7 3025 
low 1.1315 1 7 3035 
low 1.1288 1 7 4341 
low 1.1647 1 7 3010 
low 1.1626 1 5 3012 
low 1.1748 1 3 2999 
low 1.1777 1 4 3006 
low 1.1856 1 3 2999 
low 1.1877 1 3 2999 
low 1.1571 1 3 2999 
low 1.1575 1 3 2999 
low 1.1582 1 3 3008 
low 1.1482 1 3 2999 
low 1.1502 1 3 2999 
low 1.1876 1 4 2940 
low 1.1884 1 3 2999 
low 1.1896 1 3 2999 
low 1.1790 1 4 3003 
low 1.1740 1 3 2999 
low 1.1839 1 3 2999 
low 1.1880 1 3 2999 
low 1.1962 1 3 2999 
low 1.2149 1 3 2999 
low 1.2247 1 3 2999 
low 1.2428 1 3 2999 
low 1.2409 1 3 2999 
low 1.2569 1 3 2999 
low 1.2620 1 3 2999 
low 1.2770 1 3 2999 
low 1.2700 2 6 5998 
low 1.2712 1 3 2999 
low 1.2749 1 3 2999 
low 1.2542 1 3 2999 
low 1.2433 2 6 5998 
low 1.2547 2 8 6002 
low 1.2503 1 3 2999 
low 1.2239 1 3 2999 
low 1.2309 1 3 2999 
low 1.2530 1 3 3007 
low 1.2658 1 3 2999 
low 1.2852 1 3 2999 
low 1.2670 1 3 2999 
low 1.2779 1 3 2999 
low 1.2743 1 3 2999 
low 1.2693 1 3 3059 
low 1.2758 1 3 2999 
low 1.3044 1 3 2999 
low 1.3079 1 3 2999 
low 1.2992 1 3 2999 
low 1.3034 1 3 2999 
low 1.2859 1 3 2999 
low 1.2775 1 3 2999 
low 1.3031 1 3 2999 
low 1.2889 1 3 2999 
low 1.2674 1 3 2999 
low 1.2716 1 4 3001 
low 1.2556 1 3 2999 
low 1.2572 1 3 2999 
low 1.2772 1 4 3001 
low 1.2923 1 3 2999 
low 1.3029 1 3 2999 
low 1.3019 1 3 2999 
low 1.2894 1 3 2999 
low 1.3004 1 4 3002 
low 1.2869 1 3 2999 
low 1.2976 1 3 2939 
low 1.2874 1 3 2999 
low 1.2805 1 3 2999 
low 1.2665 1 3 3000 
low 1.2639 1 3 3000 
low 1.2284 1 3 2999 
low 1.2179 1 3 2999 
low 1.1919 1 3 2999 
low 1.2003 1 3 2999 
low 1.2025 1 4 3000 
low 1.2014 2 6 5998 
low 1.2314 1 3 2999 
low 1.2217 1 3 2999 
low 1.2188 1 3 2999 
low 1.2249 1 3 2999 
low 1.2355 1 4 3001 
low 1.2255 1 3 2999 
low 1.2191 1 3 2999 
low 1.2182 1 4 3001 
low 1.2227 1 3 2999 
low 1.2323 1 4 3000 
low 1.2292 1 3 2999 
low 1.2404 2 6 5998 
low 1.2448 1 3 2999 
low 1.2638 1 3 2999 
low 1.2412 1 3 3059 
low 1.2346 1 3 2999 
low 1.2396 1 3 3000 
low 1.1879 1 3 2999 
low 1.1882 1 3 2999 
low 1.1988 1 3 2999 
low 1.2110 1 4 4380 
low 1.2111 1 4 4380 
low 1.2120 1 3 2999 
low 1.2400 1 3 2999 
low 1.2375 1 3 2999 
low 1.2411 1 3 2999 
low 1.2376 1 3 2999 
low 1.2379 1 3 2999 
low 1.2311 1 3 2999 
low 1.2142 1 3 2999 
low 1.2108 1 3 2999 
low 1.2157 1 3 2999 
low 1.2029 1 4 3000 
low 1.2075 1 3 2939 
low 1.2082 2 6 5998 
low 1.2122 1 3 2999 
low 1.2064 1 3 2999 
low 1.2001 1 3 2999 
low 1.1993 1 3 2999 
low 1.2126 1 3 2999 
low 1.2138 1 3 2999 
low 1.2199 1 3 2999 
low 1.2161 1 3 2999 
low 1.2147 1 3 2999 
low 1.2386 1 3 2999 
low 1.2259 1 3 2999 
low 1.2090 1 3 2999 
low 1.1998 1 4 3007 
low 1.1974 1 3 2999 
low 1.1960 2 7 5999 
low 1.2004 1 3 2999 
low 1.1816 1 3 3002 
low 1.1912 1 3 2999 
low 1.1994 1 4 3015 
low 1.1981 1 3 2999 
low 1.1837 1 3 2999 
low 1.1796 1 3 2999 
low 1.1637 1 3 2999 
low 1.1622 1 4 3000 
low 1.1712 1 3 2999 
low 1.1768 1 3 2999 
low 1.1600 1 3 2999 
low 1.1574 1 3 3059 
low 1.1421 1 3 2999 
low 1.1187 1 3 2999 
low 1.1054 1 3 2999 
low 1.0891 1 4 3000 
low 1.1040 1 4 3000 
low 1.1153 1 4 3001 
low 1.1273 1 3 2999 
low 1.1510 1 5 4380 
low 1.1259 1 5 5819 
low 1.1018 1 4 3000 
low 1.0854 1 3 2999 
low 1.0836 1 3 2999 
low 1.0845 1 3 2999 
low 1.0731 1 3 2999 
low 1.0932 1 3 2999 
low 1.0883 1 3 2999 
low 1.0704 1 3 2999 
low 1.0307 1 3 2999 
low 1.0132 1 4 3000 
low 0.9646 1 3 2999 
low 0.9869 1 3 2999 
low 0.9870 3 11 8964 
low 1.0013 1 3 2999 
low 0.9887 1 3 2999 
low 0.9938 1 3 2999 
low 1.0021 1 3 2999 
low 1.0328 1 3 2999 
low 1.0388 1 4 3000 
low 1.0356 1 4 3000 
low 1.0214 1 3 2999 
low 1.0258 1 3 2999 
low 1.0147 1 3 2999 
low 1.0301 1 3 2999 
low 1.0303 1 3 2999 
low 1.0129 2 6 5998 
low 1.0111 1 4 3000 
low 1.0011 2 6 5998 
low 1.0027 1 3 2999 
low 1.0288 1 3 2999 
low 1.0402 1 3 2999 
low 1.0501 1 4 3000 
low 1.0823 1 3 2999 
low 1.0841 1 3 2999 
low 1.0882 1 3 2999 
low 1.1007 2 6 5998 
low 1.1046 1 3 2999 
low 1.0692 1 3 2999 
low 1.0800 2 6 5998 
low 1.1144 1 3 2999 
low 1.1128 1 3 2999 
low 1.1281 1 3 2999 
low 1.1481 1 4 3071 
low 1.1201 1 4 3002 
low 1.1550 1 3 2999 
low 1.1761 1 3 2999 
low 1.1830 1 3 2999 
low 1.1840 1 3 2999 
low 1.1923 1 3 2999 
low 1.1143 1 3 2999 
low 1.0414 1 4 3004 
low 1.0370 1 5 4609 
low 1.0540 1 5 4678 
low 1.0863 1 3 2999 
low 1.1108 1 3 2999 
low 1.1313 1 3 2999 
low 1.1328 1 3 2999 
low 1.1410 1 3 2999 
low 1.1511 1 3 2999 
low 1.1461 1 4 3000 
low 1.1547 1 3 2999 
low 1.1432 1 3 2999 
low 1.1495 1 3 2999 
low 1.1158 1 3 2999 
low 1.1168 1 3 2939 
low 1.1239 1 4 3001 
low 1.1302 1 3 3000 
low 1.1366 1 3 2999 
low 1.1348 1 3 2999 
low 1.1244 1 3 2999 
low 1.1003 1 3 3000 
low 1.0976 1 4 3000 
low 1.0809 1 4 3000 
low 1.0589 1 3 2999 
low 1.0601 1 3 2999 
low 1.0648 1 3 2999 
low 1.0641 1 3 2999 
low 1.0631 1 3 2999 
low 1.0706 1 3 2999 
low 1.0748 1 3 2999 
low 1.0622 1 3 2999 
low 1.0629 1 3 2999 
low 1.0561 1 3 2999 
low 1.0581 1 3 2999 
low 1.0669 1 3 2999 
low 1.0551 1 3 2999 
low 1.0528 1 3 2999 
low 1.0430 1 3 2999 
low 1.0322 1 3 2999 
low 1.0215 1 3 2999 
low 1.0186 1 3 2999 
low 1.0235 1 3 2999 
low 1.0191 1 4 3001 
low 1.0081 1 4 3000 
low 1.0031 1 3 3059 
low 1.0155 1 3 2999 
low 1.0053 2 6 6008 
low 1.0033 1 3 2999 
low 1.0070 1 3 3028 
low 0.9916 3 9 9007 
low 0.9960 1 3 3000 
low 1.0217 1 3 2999 
low 1.0344 1 3 2999 
low 1.0278 1 4 4618 
low 1.0251 1 4 4617 
low 1.0137 1 3 2999 
low 1.0323 1 3 2999 
low 1.0445 1 3 2999 
low 1.0496 1 3 2999 
low 1.0617 1 3 2999 
low 1.0646 1 3 2999 
low 1.0693 1 3 2999 
low 1.0647 1 3 2999 
low 1.0532 2 7 5999 
low 1.0505 1 3 2999 
low 1.0557 1 3 2939 
low 1.0433 1 3 2999 
low 1.0500 1 4 3002 
low 1.0657 1 5 3001 
low 1.0746 1 3 2999 
low 1.0922 1 3 2999 
low 1.1058 1 3 3000 
low 1.1420 1 3 2999 
low 1.1468 1 3 2999 
low 1.1429 1 4 3000 
low 1.1291 1 3 2999 
low 1.0560 1 3 2999 
low 1.0480 1 3 2999 
low 1.0398 1 4 3001 
low 1.0393 1 4 3004 
low 1.0346 1 6 3002 
low 1.0330 1 7 3003 
low 1.0349 1 5 3001 
low 1.0256 1 6 3024 
low 1.0134 1 5 3001 
low 1.0064 1 6 3006 
low 0.9931 1 3 3009 
low 0.9945 1 5 3033 
low 0.9736 2 8 6023 
low 0.9643 3 17 9168 
low 0.9553 1 6 3150 
low 0.9462 1 3 3002 
low 0.9570 2 9 6046 
low 0.9756 1 3 3059 
low 0.9546 1 5 3001 
low 0.9669 3 12 9002 
low 0.9847 1 5 3003 
low 0.9897 1 5 3152 
low 0.9724 1 5 3001 
low 0.9560 1 6 3010 
low 0.9557 1 5 3002 
low 0.9446 2 9 6517 
low 0.9298 1 5 3519 
low 0.9468 1 5 3003 
low 0.9550 1 4 3004 
low 0.9402 1 5 3041 
low 0.9335 1 5 3001 
low 0.9327 1 3 2999 
low 0.9551 3 11 9011 
low 0.9364 1 5 3009 
low 0.9232 1 3 2999 
low 0.9200 1 3 2999 
low 0.9139 1 3 2999 
low 0.8926 1 3 2999 
low 0.8977 1 3 2940 
low 0.9125 3 10 9120 
low 0.8941 1 4 3001 
low 0.8894 1 6 3050 
low 0.8670 1 5 3057 
low 0.8594 1 3 3008 
low 0.8553 1 5 3080 
low 0.8781 1 3 2999 
low 0.8746 1 3 2999 
low 0.8464 1 3 2999 
low 0.8325 1 3 2999 
low 0.8345 1 3 2999 
low 0.8398 1 3 2999 
low 0.8274 1 3 2999 
low 0.8295 1 4 3262 
low 0.8280 1 3 2999 
low 0.8084 1 3 2999 
low 0.7996 1 3 2999 
low 0.7609 1 3 2999 
low 0.7068 1 3 2999 
low 0.7179 1 4 3001 
low 0.7807 1 3 2999 
low 0.7873 1 3 2999 
low 0.7710 1 5 3041 
low 0.8540 1 7 3080 
low 0.8646 1 7 3047 
low 0.8855 1 5 3018 
low 0.8916 1 5 3044 
low 0.9001 1 4 3025 
low 0.8879 1 7 3070 
low 0.8770 1 3 2999 
low 0.8567 1 6 3094 
low 0.8760 1 3 2999 
low 0.8921 1 5 3016 
low 0.9083 1 4 3001 
low 0.9064 1 5 3061 
low 0.9175 1 3 2999 
low 0.9265 1 3 2999 
low 0.9243 2 7 6686 
low 0.9303 1 4 3420 
low 0.9316 1 3 2999 
low 0.9405 1 3 2999 
low 0.9233 2 7 6001 
low 0.9120 1 4 3000 
low 0.9108 2 6 5998 
low 0.9087 1 3 2999 
low 0.9081 1 3 2999 
low 0.8929 1 3 2999 
low 0.8934 2 7 6003 
low 0.9069 1 3 2999 
low 0.9090 1 3 3008 
low 0.9014 2 7 5940 
low 0.9000 1 5 3015 
low 0.9099 1 5 3017 
low 0.9089 1 3 2999 
low 0.9084 1 3 2999 
low 0.9041 1 3 2999 
low 0.9074 1 3 2999 
low 0.9235 1 3 2999 
low 0.9366 1 3 2999 
low 0.9465 1 3 2999 
low 0.9575 1 4 3001 
low 0.9478 1 3 2999 
low 0.9420 1 5 3007 
low 0.9422 1 3 2999 
low 0.9461 1 4 3000 
low 0.9525 1 3 2999 
low 0.9749 1 3 2999 
low 0.9746 1 3 3000 
low 0.9693 2 6 6002 
low 0.9655 1 3 2999 
low 0.9684 2 7 5999 
low 0.9617 2 7 5999 
low 0.9537 1 3 2999 
low 0.9500 1 5 3012 
low 0.9377 3 13 9746 
low 0.9237 2 8 6001 
low 0.9256 1 3 2999 
low 0.9331 1 3 3000 
low 0.9273 2 8 6000 
low 0.9226 2 8 6017 
low 0.9212 1 5 3012 
low 0.9288 1 4 3060 
low 0.9274 1 4 3002 
low 0.9379 1 3 2999 
low 0.9390 1 3 2999 
low 0.9253 1 3 3009 
low 0.9239 1 4 3000 
low 0.9248 1 3 2999 
low 0.9122 1 4 3000 
low 0.9082 2 11 7769 
low 0.9094 1 5 3061 
low 0.9076 1 4 3000 
low 0.9191 1 4 3000 
low 0.9020 1 3 3000 
low 0.9055 1 4 3000 
low 0.9150 1 3 2999 
low 0.9183 1 4 3000 
low 0.9278 1 3 2999 
low 0.9400 1 4 3000 
low 0.9352 1 3 2999 
low 0.9442 1 3 2939 
low 0.9306 1 3 2999 
low 0.9206 1 3 2999 
low 0.9204 1 3 2999 
low 0.9276 1 5 3001 
low 0.9245 2 8 6005 
low 0.9332 1 4 3001 
low 0.9576 2 7 6006 
low 0.9589 1 3 2999 
low 0.9407 1 3 2999 
low 0.9221 1 3 2999 
low 0.9129 1 3 2999 
low 0.9178 1 3 3000 
low 0.9371 1 4 3118 
low 0.9445 1 3 3000 
low 0.9320 1 4 3004 
low 0.9262 1 4 3002 
low 0.9173 2 11 6039 
low 0.9145 1 3 3000 
low 0.9160 1 4 3001 
low 0.9169 1 3 3000 
low 0.9299 1 4 3031 
low 0.9234 1 3 3000 
low 0.8990 1 3 3000 
low 0.8966 1 3 3000 
low 0.8938 2 8 6012 
low 0.8888 1 4 3063 
low 0.8950 1 3 3002 
low 0.9096 1 4 3005 
low 0.9093 1 5 3009 
low 0.9060 1 5 3015 
low 0.9019 1 5 3007 
low 0.8848 1 3 3001 
low 0.8830 1 4 3002 
low 0.8838 1 5 4441 
low 0.8798 1 6 4741 
low 0.8907 2 8 7442 
low 0.8985 1 3 3001 
low 0.9025 1 3 3001 
low 0.8902 1 3 3000 
low 0.8868 1 4 3003 
low 0.8852 1 4 3003 
low 0.8776 2 6 6003 
low 0.8755 1 4 3001 
low 0.8697 1 3 3000 
low 0.8729 1 3 3000 
low 0.8813 1 4 2941 
low 0.8817 1 5 3002 
low 0.8742 1 3 3001 
low 0.8769 1 3 3001 
low 0.8719 1 3 3000 
low 0.8702 1 3 3000 
low 0.8881 1 3 3000 
low 0.8896 1 4 3001 
low 0.8931 1 3 3001 
low 0.8958 1 4 3002 
low 0.8911 1 5 3005 
low 0.8858 1 3 3000 
low 0.8872 1 3 3000 
low 0.8897 1 5 3002 
low 0.8954 1 4 3001 
low 0.9006 1 3 3000 
low 0.9039 1 4 3001 
low 0.9031 1 4 3002 
low 0.9022 1 6 3009 
low 0.9088 1 4 3004 
low 0.9174 1 5 3059 
low 0.9301 1 5 3008 
low 0.9322 1 6 5947 
low 0.9549 2 10 13089 
low 0.9516 1 5 3070 
low 0.9467 1 5 3007 
low 0.9367 1 4 3010 
low 0.9444 1 6 3085 
low 0.9440 1 6 3021 
low 0.9582 2 7 6006 
low 0.9531 1 7 3039 
low 0.9594 1 6 3032 
low 0.9648 2 9 6040 
low 0.9552 1 7 3040 
low 0.9593 1 6 3041 
low 0.9835 2 9 7763 
low 0.9930 1 7 5839 
low 1.0093 1 6 3036 
low 0.8348 1 7 3041 
low 0.8496 1 7 3043 
low 0.8984 1 7 4416 
low 0.9227 1 7 3031 
low 0.9313 1 6 3027 
low 0.9448 1 7 3038 
low 0.9591 1 7 3041 
low 0.9968 1 6 3036 
low 0.9535 2 10 6019 
low 0.9489 2 8 5944 
low 0.9479 1 5 3002 
low 0.9596 1 4 3001 
low 0.9493 1 4 3002 
low 0.9492 1 5 3003 
low 0.9070 1 4 3003 
low 0.9077 1 4 3001 
low 0.9287 1 3 3000 
low 0.9308 1 3 3001 
low 0.9149 1 4 3004 
low 0.9341 1 4 3002 
low 0.9329 1 5 3004 
low 0.9524 1 3 3000 
low 0.9547 1 3 3000 
low 0.9759 1 5 3002 
low 0.9679 1 3 3000 
low 0.9258 1 4 3001 
low 0.9386 1 4 3001 
low 0.9595 1 3 3000 
low 0.9667 1 4 3001 
low 0.9526 1 4 3001 
low 0.9555 1 5 3002 
low 0.9480 1 4 3001 
low 0.9528 1 3 3061 
low 0.9821 1 4 3005 
low 0.9885 1 3 3002 
low 0.9993 1 4 3003 
low 1.0120 1 4 3002 
low 1.0143 1 3 3001 
low 0.9874 1 3 3002 
low 0.9791 1 3 3003 
low 0.9810 1 3 3001 
low 0.9853 2 7 7497 
low 0.9856 1 5 4561 
low 0.9882 1 3 3002 
low 0.9957 1 3 3001 
low 0.9990 2 6 6000 
low 1.0110 1 4 3002 
low 0.9662 2 6 6002 
low 0.9852 1 3 3003 
low 0.9851 2 7 6001 
low 0.9878 1 3 3000 
low 0.9802 2 7 6002 
low 0.9651 1 5 3003 
low 0.9656 1 3 2940 
low 0.9545 1 3 2999 
low 0.9497 1 3 2999 
low 0.9548 1 3 2999 
low 0.9601 1 3 2999 
low 0.9443 1 3 2999 
low 0.9532 1 5 3005 
low 0.9797 1 6 3016 
low 0.9520 1 3 2999 
low 0.9739 1 3 2999 
low 0.9762 1 3 2999 
low 0.9834 1 4 3240 
low 0.9632 1 3 2999 
low 0.9644 1 4 3000 
low 0.9588 2 6 5998 
low 0.9536 1 3 2999 
low 0.9625 1 3 2999 
low 0.9692 3 9 8997 
low 0.9649 2 6 5998 
low 0.9702 1 3 2999 
low 0.9659 1 3 2999 
low 0.9640 3 10 9008 
low 0.9732 1 4 3000 
low 0.9854 3 9 9021 
low 0.9727 1 5 3063 
low 0.9680 1 3 3010 
low 0.9982 1 3 3010 
low 1.0079 1 3 3009 
low 1.0048 2 6 6009 
low 1.0020 1 3 3009 
low 1.0084 1 3 3009 
low 1.0221 1 4 3788 
low 1.0109 1 4 3489 
low 1.0086 1 3 3009 
low 0.9996 1 3 3009 
low 0.9959 1 4 3010 
low 0.9860 1 3 3010 
low 0.9929 1 3 3009 
low 0.9966 1 3 3010 
low 1.0010 1 3 3010 
low 1.0060 1 3 3010 
low 0.9921 1 3 3009 
low 0.9813 1 3 2949 
low 0.9912 1 3 2999 
low 0.9954 1 3 2999 
low 0.9908 1 3 2999 
low 0.9892 1 3 2999 
low 0.9857 2 6 6008 
low 0.9845 2 7 6010 
low 0.9695 1 3 2999 
low 0.9612 1 4 3001 
low 0.9590 1 3 2999 
low 0.9599 2 7 6009 
low 0.9522 1 3 2999 
low 0.9437 1 4 3000 
low 0.9585 1 3 2999 
low 0.9429 1 3 2999 
low 0.9533 2 6 5999 
low 0.9419 1 3 2999 
low 0.9563 1 3 2999 
low 0.9709 1 3 2999 
low 0.9704 1 3 2999 
low 0.9867 2 6 6069 
low 0.9950 1 3 3010 
low 0.9880 1 3 3010 
low 0.9777 1 5 3683 
low 0.9735 1 4 3031 
low 0.9833 2 6 6009 
low 0.9827 1 5 4511 
low 0.9698 1 5 4931 
low 0.9710 1 3 3010 
low 0.9580 1 3 3010 
low 0.9293 1 5 3016 
low 0.9255 1 7 3197 
low 0.9321 1 4 3035 
low 0.9186 1 3 2999 
low 0.9323 1 3 2999 
low 0.9337 1 3 2999 
low 0.9356 1 3 2999 
low 0.9423 1 3 2999 
low 0.9432 1 4 2940 
low 0.9460 1 3 2999 
low 0.9554 1 3 2999 
low 0.9786 1 5 4252 
low 0.9935 1 3 3076 
low 0.9956 1 3 2999 
low 0.9849 1 3 3074 
low 0.9825 1 3 2999 
low 0.9787 2 6 5999 
low 0.9824 1 3 2999 
low 0.9890 1 3 2999 
low 0.9904 2 6 6017 
low 0.9900 1 3 3009 
low 0.9901 3 9 9007 
low 0.9893 2 6 6008 
low 0.9841 1 3 3009 
low 0.9744 1 3 3009 
low 0.9652 1 3 3009 
low 0.9541 1 3 3008 
low 0.9622 1 4 3009 
low 0.9832 1 3 3008 
low 0.9846 1 3 3008 
low 0.9899 2 6 6017 
low 0.9940 1 3 3068 
low 0.9967 1 4 3010 
low 0.9951 1 3 3009 
low 0.9907 3 9 8956 
low 0.9920 1 3 3009 
low 0.9861 1 3 3009 
low 0.9838 1 4 3187 
low 0.9789 1 4 3186 
low 0.9715 1 3 3000 
low 0.9871 1 3 3000 
low 0.9987 1 3 3009 
low 1.0001 1 3 3008 
low 0.9980 1 3 2999 
low 0.9925 1 3 2999 
low 1.0030 1 3 2999 
low 0.9983 1 3 2999 
low 0.9952 1 3 2999 
low 1.0066 1 3 2999 
low 1.0167 1 3 2999 
low 1.0125 1 3 2999 
low 1.0054 1 3 2999 
low 1.0007 1 3 2999 
low 0.9737 1 3 2999 
low 0.9816 1 3 2999 
close 1.6135 1 7 3530 
close 1.6319 1 7 3498 
close 1.6394 1 7 3162 
close 1.6457 1 7 3608 
close 1.6531 1 7 3474 
close 1.6682 1 7 3557 
close 1.6851 1 7 3800 
close 1.6744 1 7 3364 
close 1.6484 1 7 3560 
close 1.6828 1 7 3657 
close 1.6859 1 7 3345 
close 1.7174 1 7 3422 
close 1.7028 1 7 3377 
close 1.7163 1 7 3322 
close 1.7283 1 7 4103 
close 1.7133 1 7 3212 
close 1.7254 2 14 7181 
close 1.7419 1 7 3526 
close 1.7440 1 7 3501 
close 1.7670 1 7 3339 
close 1.7803 1 7 3580 
close 1.7765 1 7 3322 
close 1.7875 1 7 3287 
close 1.7890 1 7 3229 
close 1.7637 1 7 3335 
close 1.7956 1 7 3316 
close 1.7779 1 7 3612 
close 1.7502 1 7 3278 
close 1.7241 1 7 3515 
close 1.7183 1 7 3790 
close 1.6789 1 7 3597 
close 1.6538 1 7 3420 
close 1.6638 1 7 3677 
close 1.7034 1 7 3584 
close 1.6505 2 14 8317 
close 1.5982 1 7 3432 
close 1.5876 1 7 3255 
close 1.6195 1 7 3485 
close 1.6231 1 7 3253 
close 1.6342 1 7 3221 
close 1.6587 1 7 3188 
close 1.6243 1 7 3263 
close 1.6461 1 7 3248 
close 1.6690 1 7 3379 
close 1.6485 1 7 3435 
close 1.6572 1 7 4412 
close 1.6518 1 7 4410 
close 1.6533 1 7 4242 
close 1.6326 1 7 4271 
close 1.6875 2 14 10080 
close 1.6613 1 7 8041 
close 1.6543 1 7 4280 
close 1.6664 1 7 4242 
close 1.6607 1 7 4377 
close 1.6995 1 7 4334 
close 1.6978 1 7 4417 
close 1.6849 1 7 4593 
close 1.7083 1 7 4337 
close 1.6938 1 7 4188 
close 1.6777 1 7 4421 
close 1.6600 1 7 4360 
close 1.6678 1 7 4335 
close 1.6627 1 7 4464 
close 1.6658 1 7 4544 
close 1.6644 1 7 4701 
close 1.6169 1 7 4745 
close 1.5917 1 7 4786 
close 1.6142 1 7 4621 
close 1.5793 1 7 4529 
close 1.5736 1 7 4635 
close 1.5642 1 7 4403 
close 1.5554 1 7 4330 
close 1.5490 1 7 4351 
close 1.4934 1 7 4364 
close 1.4886 1 7 4059 
close 1.4824 1 7 4242 
close 1.4502 1 7 4239 
close 1.4666 1 7 4097 
close 1.4808 1 7 3931 
close 1.5110 1 7 4130 
close 1.4853 1 7 4337 
close 1.5001 1 7 4170 
close 1.4922 1 7 4411 
close 1.4718 1 7 4578 
close 1.4969 1 7 4357 
close 1.5101 1 7 4420 
close 1.4897 1 7 4425 
close 1.4896 1 7 4580 
close 1.4972 1 7 4932 
close 1.4936 1 7 4987 
close 1.5026 1 7 5012 
close 1.4902 1 7 5049 
close 1.4637 1 7 4957 
close 1.4440 1 7 4718 
close 1.4632 1 7 4800 
close 1.4825 1 7 4934 
close 1.4762 1 7 5174 
close 1.4620 1 7 4905 
close 1.4284 1 7 4571 
close 1.4054 1 7 4698 
close 1.3848 1 7 7169 
close 1.4003 1 7 5678 
close 1.3860 1 7 4613 
close 1.3629 1 7 4825 
close 1.3561 1 7 5175 
close 1.3463 1 7 4841 
close 1.3669 1 7 4942 
close 1.3762 1 7 4989 
close 1.3579 1 7 4912 
close 1.3313 1 7 5102 
close 1.3285 1 7 4807 
close 1.3815 1 7 4452 
close 1.3823 1 7 4388 
close 1.3506 1 7 4564 
close 1.3859 1 7 4319 
close 1.3922 1 7 4484 
close 1.3718 1 7 5090 
close 1.3625 1 7 4562 
close 1.3244 1 7 4582 
close 1.3137 1 7 4380 
close 1.2873 1 7 4229 
close 1.2879 1 7 4526 
close 1.3100 1 7 4209 
close 1.3160 1 7 4298 
close 1.3083 1 7 4548 
close 1.3303 2 14 8661 
close 1.3426 1 7 4361 
close 1.3687 1 7 4605 
close 1.3837 1 7 4129 
close 1.3618 1 7 4052 
close 1.3515 1 7 4355 
close 1.3455 1 7 4348 
close 1.3690 1 7 4480 
close 1.3883 1 7 4358 
close 1.4112 1 7 4212 
close 1.4179 1 7 4486 
close 1.3790 1 7 4097 
close 1.3899 1 7 4459 
close 1.3587 1 7 4197 
close 1.3173 2 10 7254 
close 1.3142 1 7 4283 
close 1.3164 1 7 4432 
close 1.3304 1 7 4316 
close 1.3616 2 14 8925 
close 1.2924 1 7 4149 
close 1.3170 1 7 4374 
close 1.2851 1 7 4558 
close 1.2628 1 7 4481 
close 1.2590 1 7 4360 
close 1.2563 1 7 4734 
close 1.2417 1 7 6684 
close 1.2319 1 7 5909 
close 1.2216 1 7 3037 
close 1.2451 1 7 3049 
close 1.2398 1 7 3050 
close 1.2485 1 7 3055 
close 1.2374 1 7 3036 
close 1.2265 1 7 3056 
close 1.2413 1 7 3043 
close 1.2956 1 7 3055 
close 1.2821 1 7 3059 
close 1.2772 1 7 3047 
close 1.2560 1 7 3053 
close 1.2809 1 7 2986 
close 1.2862 1 7 3058 
close 1.3004 1 7 3060 
close 1.3136 1 7 3046 
close 1.2982 1 7 3044 
close 1.2810 1 7 3039 
close 1.2951 1 7 3048 
close 1.2831 1 7 3048 
close 1.2729 1 7 3039 
close 1.2464 1 7 3021 
close 1.2380 1 7 3026 
close 1.2486 1 7 3014 
close 1.2482 1 7 3024 
close 1.2644 1 7 3021 
close 1.2365 1 7 3024 
close 1.2356 1 7 3023 
close 1.2434 2 10 6021 
close 1.2749 1 7 3025 
close 1.2792 1 7 3022 
close 1.2615 1 7 3024 
close 1.2447 1 7 3027 
close 1.2714 1 7 3026 
close 1.2667 1 7 3024 
close 1.2679 1 7 3029 
close 1.2574 1 7 3027 
close 1.2538 1 7 3031 
close 1.2597 2 10 6032 
close 1.2617 2 10 6018 
close 1.2561 1 7 3036 
close 1.2291 1 7 3029 
close 1.2008 1 7 3028 
close 1.2031 1 7 3082 
close 1.1830 1 7 3025 
close 1.1757 1 7 3015 
close 1.1581 2 12 7402 
close 1.1401 1 7 3020 
close 1.1408 1 7 3022 
close 1.1552 1 7 3022 
close 1.1538 1 7 3025 
close 1.1332 1 7 3035 
close 1.1685 1 7 4341 
close 1.1817 1 7 3010 
close 1.1853 1 5 3012 
close 1.1928 1 3 2999 
close 1.1911 1 4 3006 
close 1.2217 1 3 2999 
close 1.1893 1 3 2999 
close 1.1589 1 3 2999 
close 1.1654 1 3 2999 
close 1.1609 1 3 3008 
close 1.1652 1 3 2999 
close 1.1879 1 3 2999 
close 1.2000 2 7 5939 
close 1.2064 1 3 2999 
close 1.1995 1 3 2999 
close 1.1805 1 4 3003 
close 1.1867 1 3 2999 
close 1.1973 1 3 2999 
close 1.2254 1 3 2999 
close 1.2306 1 3 2999 
close 1.2476 1 3 2999 
close 1.2461 1 3 2999 
close 1.2779 1 3 2999 
close 1.2660 1 3 2999 
close 1.2797 1 3 2999 
close 1.3022 1 3 2999 
close 1.2719 1 3 2999 
close 1.3003 1 3 2999 
close 1.2995 2 6 5998 
close 1.2764 1 3 2999 
close 1.2587 1 3 2999 
close 1.2567 1 3 2999 
close 1.2695 1 4 3000 
close 1.2692 1 3 2999 
close 1.2391 1 3 2999 
close 1.2819 1 3 3007 
close 1.2953 1 3 2999 
close 1.3018 1 3 2999 
close 1.2905 1 3 2999 
close 1.2998 1 3 2999 
close 1.2747 1 3 2999 
close 1.2864 1 3 3059 
close 1.3105 1 3 2999 
close 1.3169 1 3 2999 
close 1.3102 1 3 2999 
close 1.3144 1 3 2999 
close 1.3067 1 3 2999 
close 1.2938 1 3 2999 
close 1.3084 1 3 2999 
close 1.2902 2 6 5998 
close 1.2805 1 3 2999 
close 1.2788 1 4 3001 
close 1.2791 1 3 2999 
close 1.2961 1 4 3001 
close 1.3078 1 3 2999 
close 1.3085 1 3 2999 
close 1.3106 1 3 2999 
close 1.3132 1 3 2999 
close 1.3021 1 4 3002 
close 1.3089 1 3 2939 
close 1.2973 1 3 2999 
close 1.2670 1 3 3000 
close 1.2678 2 6 5999 
close 1.2367 1 3 2999 
close 1.2196 1 3 2999 
close 1.2078 1 3 2999 
close 1.2119 2 7 5999 
close 1.2158 1 3 2999 
close 1.2386 1 3 2999 
close 1.2382 1 3 2999 
close 1.2443 1 3 2999 
close 1.2241 1 3 2999 
close 1.2263 1 3 2999 
close 1.2527 2 7 6000 
close 1.2266 1 3 2999 
close 1.2326 1 3 2999 
close 1.2368 1 3 2999 
close 1.2335 1 4 3001 
close 1.2284 2 6 5998 
close 1.2331 1 3 2999 
close 1.2502 1 4 3000 
close 1.2515 1 3 2999 
close 1.2452 1 3 2999 
close 1.2715 1 3 2999 
close 1.2668 1 4 3002 
close 1.2440 1 3 3059 
close 1.2481 1 3 2999 
close 1.2437 1 3 2999 
close 1.2402 1 3 3000 
close 1.2029 2 6 5998 
close 1.1921 1 3 2999 
close 1.1993 1 3 2999 
close 1.2138 1 3 2999 
close 1.2230 1 4 4380 
close 1.2127 1 4 4380 
close 1.2416 1 3 2999 
close 1.2484 1 3 2999 
close 1.2429 1 3 2999 
close 1.2516 1 3 2999 
close 1.2396 1 3 2999 
close 1.2469 1 3 2999 
close 1.2363 1 3 2999 
close 1.2170 1 3 2999 
close 1.2231 1 3 2999 
close 1.2172 1 3 2999 
close 1.2117 1 4 3000 
close 1.2106 1 3 2939 
close 1.2226 1 3 2999 
close 1.2174 1 3 2999 
close 1.2087 1 3 2999 
close 1.2011 1 3 2999 
close 1.2143 1 3 2999 
close 1.2181 1 3 2999 
close 1.2147 1 3 2999 
close 1.2295 1 3 2999 
close 1.2249 1 3 2999 
close 1.2180 1 3 2999 
close 1.2418 1 3 2999 
close 1.2403 1 3 2999 
close 1.2156 1 3 2999 
close 1.2013 1 4 3007 
close 1.2002 1 3 2999 
close 1.2014 1 3 2999 
close 1.1968 1 3 3002 
close 1.2105 1 3 2999 
close 1.2065 1 4 3015 
close 1.2012 1 4 3000 
close 1.2100 1 3 2999 
close 1.1888 1 3 2999 
close 1.1807 1 3 2999 
close 1.1655 1 3 2999 
close 1.1750 1 4 3000 
close 1.1831 1 3 2999 
close 1.1822 1 3 2999 
close 1.1733 1 3 2999 
close 1.1585 1 3 3059 
close 1.1437 1 3 2999 
close 1.1264 1 3 2999 
close 1.1057 1 3 2999 
close 1.1054 1 4 3000 
close 1.1167 1 4 3000 
close 1.1293 1 4 3001 
close 1.1516 1 3 2999 
close 1.1331 1 5 5819 
close 1.1119 1 4 3000 
close 1.0942 2 6 5998 
close 1.0924 1 3 2999 
close 1.0944 1 3 2999 
close 1.0995 1 3 2999 
close 1.1020 1 3 2999 
close 1.0737 1 3 2999 
close 1.0390 1 3 2999 
close 1.0331 1 4 3000 
close 1.0015 2 6 5998 
close 1.0071 1 3 2999 
close 1.0122 2 7 5939 
close 1.0161 1 3 2999 
close 1.0081 1 3 2999 
close 1.0031 1 3 2999 
close 1.0372 1 3 2999 
close 1.0515 1 3 2999 
close 1.0516 1 4 3000 
close 1.0369 1 4 3000 
close 1.0330 1 3 2999 
close 1.0419 1 3 2999 
close 1.0420 1 3 2999 
close 1.0410 1 3 2999 
close 1.0411 1 3 2999 
close 1.0196 1 3 2999 
close 1.0333 1 4 3000 
close 1.0099 2 6 6009 
close 1.0302 1 3 2999 
close 1.0460 1 3 2999 
close 1.0538 2 7 5999 
close 1.0859 1 4 3000 
close 1.0915 1 3 2999 
close 1.1000 1 3 2999 
close 1.1064 1 3 2999 
close 1.1260 1 3 2999 
close 1.1216 1 3 2999 
close 1.0848 1 3 2999 
close 1.1208 1 3 2999 
close 1.1403 1 3 2999 
close 1.1358 1 3 2999 
close 1.1522 1 3 2999 
close 1.1529 1 4 3071 
close 1.1625 1 4 3002 
close 1.1874 1 3 2999 
close 1.2024 1 3 2999 
close 1.1840 1 3 2999 
close 1.2060 1 3 2999 
close 1.2046 1 3 2999 
close 1.1193 1 3 2999 
close 1.0884 1 4 3004 
close 1.0560 1 5 4609 
close 1.1159 1 5 4678 
close 1.1189 1 3 2999 
close 1.1487 1 3 2999 
close 1.1413 1 3 2999 
close 1.1441 1 3 2999 
close 1.1560 1 3 2999 
close 1.1698 1 3 2999 
close 1.1582 1 4 3000 
close 1.1772 1 3 2999 
close 1.1592 1 3 2999 
close 1.1804 1 3 2999 
close 1.1290 1 3 2999 
close 1.1388 1 3 2939 
close 1.1416 1 4 3001 
close 1.1368 1 3 3000 
close 1.1688 1 3 2999 
close 1.1436 1 3 2999 
close 1.1333 1 3 2999 
close 1.1055 1 3 3000 
close 1.1086 1 4 3000 
close 1.0833 1 4 3000 
close 1.0613 1 3 2999 
close 1.0788 1 3 2999 
close 1.0888 1 3 2999 
close 1.0669 1 3 2999 
close 1.0854 1 3 2999 
close 1.0890 1 3 2999 
close 1.0885 1 3 2999 
close 1.0663 1 3 2999 
close 1.0755 1 3 2999 
close 1.0601 1 3 2999 
close 1.0815 1 3 2999 
close 1.0758 1 3 2999 
close 1.0610 1 3 2999 
close 1.0653 1 3 2999 
close 1.0455 1 3 2999 
close 1.0344 1 3 2999 
close 1.0232 1 3 2999 
close 1.0361 1 3 2999 
close 1.0269 1 3 2999 
close 1.0217 1 4 3001 
close 1.0214 1 3 3059 
close 1.0260 1 3 2999 
close 1.0075 1 3 2999 
close 1.0165 2 6 6008 
close 1.0087 1 3 3028 
close 0.9994 1 3 2999 
close 1.0266 1 3 3000 
close 1.0402 1 3 2999 
close 1.0481 1 3 2999 
close 1.0366 1 4 4618 
close 1.0336 1 4 4617 
close 1.0181 1 3 2999 
close 1.0324 1 3 2999 
close 1.0459 1 3 2999 
close 1.0550 1 3 2999 
close 1.0642 1 3 2999 
close 1.0662 1 3 2999 
close 1.0831 1 3 2999 
close 1.0750 1 3 2999 
close 1.0748 1 3 2999 
close 1.0551 1 3 2999 
close 1.0574 1 3 2999 
close 1.0657 1 3 2939 
close 1.0686 1 3 2999 
close 1.0682 1 4 3002 
close 1.0875 1 5 3001 
close 1.1044 1 3 2999 
close 1.1111 1 3 2999 
close 1.1492 1 3 3000 
close 1.1570 1 3 2999 
close 1.1554 1 3 2999 
close 1.1523 1 4 3000 
close 1.1336 1 3 2999 
close 1.1073 1 3 2999 
close 1.0817 1 3 2999 
close 1.0599 1 3 2999 
close 1.0545 1 3 2999 
close 1.0514 1 4 3001 
close 1.0608 1 4 3004 
close 1.0393 1 6 3002 
close 1.0476 1 7 3003 
close 1.0435 1 5 3001 
close 1.0316 1 6 3024 
close 1.0147 1 5 3001 
close 1.0109 1 6 3006 
close 0.9955 2 6 6009 
close 0.9968 1 5 3033 
close 0.9762 2 8 6033 
close 0.9660 1 7 3140 
close 0.9572 1 6 3150 
close 0.9707 2 6 6001 
close 0.9840 1 6 3047 
close 0.9793 1 3 3059 
close 0.9676 1 5 3001 
close 0.9963 1 3 2999 
close 0.9964 1 5 3003 
close 1.0034 1 5 3152 
close 0.9875 1 5 3001 
close 0.9594 2 9 6020 
close 0.9582 2 8 6001 
close 0.9519 1 5 3515 
close 0.9477 1 5 3519 
close 0.9735 1 5 3003 
close 0.9632 1 4 3004 
close 0.9421 1 5 3041 
close 0.9357 1 5 3001 
close 0.9628 1 3 2999 
close 0.9667 1 4 3000 
close 0.9381 1 5 3009 
close 0.9282 1 3 2999 
close 0.9347 1 3 2999 
close 0.9166 1 3 2999 
close 0.9034 1 3 2999 
close 0.9204 1 3 2940 
close 0.9255 2 6 5999 
close 0.8964 1 4 3001 
close 0.8990 1 6 3050 
close 0.8699 1 5 3057 
close 0.8612 1 3 3008 
close 0.8800 2 12 6160 
close 0.8787 1 3 2999 
close 0.8799 2 6 6000 
close 0.8528 1 3 2999 
close 0.8364 1 3 2999 
close 0.8446 1 3 2999 
close 0.8420 1 3 2999 
close 0.8326 1 3 2999 
close 0.8405 1 4 3262 
close 0.8314 1 3 2999 
close 0.8238 1 3 2999 
close 0.8015 1 3 2999 
close 0.7651 1 3 2999 
close 0.7227 1 3 2999 
close 0.7955 1 4 3001 
close 0.7929 1 3 2999 
close 0.8193 1 3 2999 
close 0.8615 1 5 3041 
close 0.8873 2 10 6047 
close 0.8963 2 8 6019 
close 0.9189 2 9 6166 
close 0.9081 2 7 6025 
close 0.8992 1 7 3070 
close 0.8783 1 3 2999 
close 0.8892 1 6 3094 
close 0.8949 1 3 2999 
close 0.9157 1 5 3016 
close 0.9136 1 4 3001 
close 0.9200 1 3 2999 
close 0.9254 1 5 3061 
close 0.9453 1 3 2999 
close 0.9316 2 6 5998 
close 0.9340 1 4 3686 
close 0.9318 1 4 3420 
close 0.9490 1 3 2999 
close 0.9491 2 7 6009 
close 0.9276 1 3 2999 
close 0.9195 2 7 5999 
close 0.9115 1 3 2999 
close 0.9124 1 3 2999 
close 0.8952 1 3 2999 
close 0.9187 1 3 2999 
close 0.9232 1 3 2999 
close 0.9112 1 3 3008 
close 0.9046 1 4 2940 
close 0.9106 1 5 3015 
close 0.9184 1 5 3017 
close 0.9151 1 3 2999 
close 0.9103 2 6 6000 
close 0.9076 1 3 2999 
close 0.9242 2 6 5998 
close 0.9430 1 3 2999 
close 0.9470 1 3 2999 
close 0.9622 1 3 2999 
close 0.9644 2 8 6008 
close 0.9597 1 3 2999 
close 0.9464 2 9 5947 
close 0.9613 1 3 2999 
close 0.9528 1 4 3000 
close 0.9800 1 3 2999 
close 0.9775 2 6 5999 
close 0.9951 1 3 3000 
close 0.9766 1 3 2999 
close 0.9692 1 3 2999 
close 0.9747 3 10 8998 
close 0.9629 1 4 3000 
close 0.9556 2 8 6002 
close 0.9558 2 8 6011 
close 0.9388 1 5 3021 
close 0.9281 1 3 2999 
close 0.9373 1 3 2999 
close 0.9362 2 6 5999 
close 0.9405 1 5 3001 
close 0.9233 1 5 3017 
close 0.9322 2 8 6011 
close 0.9317 2 8 6062 
close 0.9429 1 4 3002 
close 0.9473 1 3 2999 
close 0.9399 1 3 2999 
close 0.9303 1 3 3009 
close 0.9265 1 4 3000 
close 0.9132 1 4 3000 
close 0.9159 1 7 4768 
close 0.9144 1 5 3061 
close 0.9238 1 4 3000 
close 0.9319 2 7 5999 
close 0.9289 1 3 2999 
close 0.9215 1 4 3000 
close 0.9168 1 4 3000 
close 0.9226 1 3 2999 
close 0.9410 1 3 2999 
close 0.9471 1 4 3000 
close 0.9476 3 9 8997 
close 0.9481 1 3 2939 
close 0.9220 1 3 2999 
close 0.9450 1 3 2999 
close 0.9291 1 5 3001 
close 0.9404 1 3 2999 
close 0.9656 1 4 3001 
close 0.9694 1 3 2999 
close 0.9761 1 3 2999 
close 0.9202 1 3 2999 
close 0.9386 1 3 3000 
close 0.9506 1 4 3118 
close 0.9729 1 3 3000 
close 0.9401 1 5 3726 
close 0.9349 2 8 6035 
close 0.9297 1 4 3002 
close 0.9329 1 4 3001 
close 0.9170 1 3 3000 
close 0.9171 1 4 3001 
close 0.9363 1 3 3000 
close 0.9257 1 3 3000 
close 0.9130 1 4 3001 
close 0.9057 1 3 3000 
close 0.9023 1 3 3000 
close 0.9118 1 3 3000 
close 0.8947 1 4 3007 
close 0.8986 1 4 3063 
close 0.9133 1 3 3002 
close 0.9173 1 4 3005 
close 0.9107 1 5 3009 
close 0.9063 1 5 3015 
close 0.9042 1 5 3007 
close 0.8872 1 3 3001 
close 0.8848 1 4 3002 
close 0.8960 1 5 4441 
close 0.8919 1 6 4741 
close 0.9091 2 10 7450 
close 0.9026 1 3 3001 
close 0.8996 1 3 3000 
close 0.9038 1 4 3004 
close 0.8981 1 4 3005 
close 0.8877 1 4 3003 
close 0.8867 1 4 3003 
close 0.8875 1 3 3002 
close 0.8778 1 4 3001 
close 0.8731 1 3 3000 
close 0.8827 1 3 3000 
close 0.8831 1 4 2941 
close 0.8836 1 5 3002 
close 0.8847 1 3 3001 
close 0.8834 1 3 3001 
close 0.8742 1 3 3000 
close 0.8898 1 3 3000 
close 0.8916 1 3 3000 
close 0.8965 1 4 3001 
close 0.8991 2 8 6003 
close 0.8938 1 5 3005 
close 0.8928 1 3 3000 
close 0.8956 1 5 3002 
close 0.9021 1 4 3001 
close 0.9067 1 3 3000 
close 0.9094 1 4 3001 
close 0.9073 1 4 3002 
close 0.9174 1 4 3004 
close 0.9328 1 5 3059 
close 0.9331 2 8 6009 
close 0.9549 2 13 16027 
close 0.9565 1 5 3070 
close 0.9544 2 8 6006 
close 0.9467 1 6 3085 
close 0.9592 1 6 3021 
close 0.9584 1 3 3010 
close 0.9640 1 7 3039 
close 0.9720 1 6 3032 
close 0.9708 2 10 6043 
close 0.9598 2 10 6039 
close 0.9877 1 6 3041 
close 0.9937 1 6 4764 
close 1.0112 1 7 5839 
close 1.0195 2 9 6035 
close 0.8729 1 7 3041 
close 0.9024 1 7 3043 
close 0.9246 1 7 4416 
close 0.9267 1 7 3038 
close 0.9367 1 7 3031 
close 0.9508 1 6 3027 
close 0.9609 1 7 3038 
close 0.9987 2 10 6040 
close 1.0058 1 6 3036 
close 0.9589 1 6 3009 
close 0.9714 1 5 2945 
close 0.9654 1 5 3002 
close 0.9723 1 4 3001 
close 0.9553 1 4 3002 
close 0.9272 1 5 3002 
close 0.9288 1 4 3003 
close 0.9370 1 4 3001 
close 0.9525 1 3 3000 
close 0.9310 1 5 3006 
close 0.9339 1 4 3004 
close 0.9359 1 3 3000 
close 0.9465 1 4 3002 
close 0.9446 1 5 3004 
close 0.9583 1 4 3002 
close 0.9617 2 6 5999 
close 0.9777 2 6 6010 
close 0.9880 1 5 3002 
close 0.9393 1 4 3001 
close 0.9596 1 4 3001 
close 0.9779 2 6 5999 
close 0.9741 1 4 3001 
close 0.9751 1 4 3001 
close 0.9672 1 4 3002 
close 0.9575 2 9 6012 
close 0.9559 1 4 3001 
close 0.9863 1 3 3061 
close 0.9909 2 7 6004 
close 1.0063 1 3 3002 
close 1.0143 1 4 3003 
close 1.0164 1 4 3002 
close 1.0257 1 3 3001 
close 0.9922 3 9 9010 
close 0.9913 1 3 3003 
close 0.9870 2 6 6000 
close 0.9924 2 7 7506 
close 1.0083 1 5 4561 
close 1.0026 1 3 3002 
close 1.0033 1 3 3001 
close 1.0172 1 3 3001 
close 1.0185 1 4 3002 
close 0.9730 1 3 3003 
close 0.9885 1 3 3003 
close 0.9914 2 6 6013 
close 0.9973 1 3 3001 
close 0.9867 1 4 3003 
close 0.9726 1 5 3003 
close 0.9663 1 3 2940 
close 0.9567 1 3 2999 
close 0.9552 1 3 2999 
close 0.9736 1 3 2999 
close 0.9537 2 6 5999 
close 0.9752 1 5 3005 
close 0.9802 2 6 5998 
close 0.9931 3 12 9024 
close 0.9930 1 5 3015 
close 0.9652 1 6 3026 
close 0.9635 2 8 6007 
close 0.9621 2 6 5998 
close 0.9767 1 3 2999 
close 0.9892 3 11 10520 
close 0.9859 1 3 2999 
close 0.9919 2 7 6239 
close 0.9645 2 7 6000 
close 0.9814 1 4 3000 
close 0.9616 1 3 2999 
close 0.9631 1 3 2999 
close 0.9833 1 3 2999 
close 0.9702 1 3 2999 
close 0.9769 1 3 2999 
close 0.9790 1 3 2999 
close 0.9786 2 7 5999 
close 0.9879 2 7 5999 
close 0.9898 2 6 6011 
close 0.9942 1 4 3000 
close 0.9746 2 8 6062 
close 1.0017 1 3 3009 
close 1.0113 1 3 3010 
close 1.0115 1 3 3009 
close 1.0101 1 3 3010 
close 1.0119 1 3 3009 
close 1.0287 1 3 3009 
close 1.0279 1 4 3788 
close 1.0273 1 4 3489 
close 1.0016 1 3 3009 
close 1.0007 1 4 3010 
close 0.9975 1 3 3010 
close 1.0061 1 3 3009 
close 1.0096 1 3 3010 
close 1.0056 1 3 3010 
close 1.0131 1 3 3009 
close 0.9939 2 6 6018 
close 0.9918 2 6 5948 
close 1.0072 1 3 2999 
close 0.9959 1 3 2999 
close 0.9912 2 7 6010 
close 1.0064 1 3 2999 
close 0.9845 1 3 2999 
close 0.9753 1 3 2999 
close 0.9756 1 3 2999 
close 0.9618 1 4 3001 
close 0.9687 1 3 2999 
close 0.9548 1 3 2999 
close 0.9524 1 4 3000 
close 0.9655 1 3 2999 
close 0.9725 2 6 5998 
close 0.9679 1 3 2999 
close 0.9599 1 3 2999 
close 0.9689 1 3 2999 
close 0.9732 1 5 3001 
close 0.9907 1 3 2999 
close 0.9971 2 6 6060 
close 0.9999 1 3 3010 
close 0.9891 1 3 3010 
close 0.9838 1 5 3683 
close 0.9869 1 4 3031 
close 0.9848 1 3 3010 
close 0.9715 1 5 4931 
close 0.9824 1 3 3010 
close 0.9353 1 5 3016 
close 0.9356 1 7 3197 
close 0.9352 1 4 3035 
close 0.9387 1 3 2999 
close 0.9375 1 3 2999 
close 0.9435 1 3 2999 
close 0.9561 1 3 2999 
close 0.9665 1 3 2999 
close 0.9965 1 5 4252 
close 1.0012 1 3 3076 
close 1.0011 1 3 2999 
close 0.9908 1 3 3074 
close 0.9841 1 3 2999 
close 0.9941 1 3 2999 
close 1.0000 1 3 3008 
close 0.9936 2 6 6008 
close 0.9902 2 6 6017 
close 0.9954 1 3 3009 
close 0.9844 1 3 3009 
close 0.9739 1 3 3009 
close 0.9724 1 3 3009 
close 0.9637 1 3 3009 
close 0.9648 1 3 3008 
close 0.9837 1 4 3009 
close 0.9915 1 3 3008 
close 0.9944 1 3 3009 
close 1.0050 1 3 3068 
close 1.0023 1 4 3010 
close 1.0068 1 3 3009 
close 0.9950 1 3 3008 
close 0.9986 1 3 3009 
close 0.9972 1 3 3009 
close 0.9842 1 4 3187 
close 0.9816 1 4 3186 
close 0.9809 1 3 3000 
close 0.9876 1 3 3000 
close 0.9945 1 3 3009 
close 0.9997 1 3 3009 
close 1.0066 1 3 3009 
close 1.0010 1 3 3008 
close 0.9996 2 6 5998 
close 1.0042 1 3 2999 
close 1.0073 1 3 2999 
close 0.9981 1 3 2939 
close 1.0076 1 3 2999 
close 1.0200 1 3 2999 
close 1.0190 1 3 2999 
close 1.0086 1 3 2999 
close 1.0108 1 3 2999 
close 1.0070 1 3 2999 
close 0.9923 1 3 2999 
close 1.0006 1 3 2999 
close 0.9853 1 3 2999 
close 0.9935 1 3 2999 
close 0.9852 1 3 2999 
body 0.0147 2 10 6532 
body 0.0185 1 7 3498 
body 0.0075 2 10 6161 
body 0.0065 8 31 25984 
body 0.0071 3 16 9509 
body 0.0151 1 7 3557 
body 0.0169 2 11 6800 
body -0.0107 5 23 16742 
body -0.0260 2 14 11601 
body 0.0344 1 7 3657 
body 0.0032 3 17 10899 
body 0.0313 1 7 3422 
body -0.0146 1 7 3377 
body 0.0135 3 13 9323 
body 0.0120 6 28 20401 
body -0.0150 1 7 3212 
body 0.0121 1 7 3521 
body 0.0165 1 7 3526 
body 0.0021 3 13 9500 
body 0.0230 3 17 9717 
body 0.0134 2 13 6627 
body -0.0040 4 17 12335 
body 0.0110 2 14 6508 
body 0.0015 3 14 9350 
body -0.0253 1 7 3335 
body 0.0320 3 17 9800 
body -0.0177 5 25 17565 
body -0.0278 2 10 6278 
body -0.0261 2 10 6514 
body 0.0012 3 17 9688 
body -0.0071 2 10 6789 
body -0.0394 1 7 3597 
body -0.0251 2 10 6419 
body 0.0100 2 10 6676 
body 0.0396 1 7 3584 
body -0.0529 1 7 3417 
body -0.0523 1 7 3432 
body -0.0106 2 10 6254 
body 0.0036 2 10 6252 
body 0.0245 2 14 7562 
body -0.0344 1 7 3263 
body 0.0218 2 13 9195 
body -0.0205 3 19 9494 
body 0.0087 3 14 10411 
body -0.0053 6 27 19425 
body 0.0014 1 7 4242 
body -0.0208 1 7 4271 
body 0.0548 1 7 5599 
body -0.0070 1 7 4280 
body -0.0057 3 14 10381 
body 0.0389 1 7 4334 
body -0.0018 2 10 7416 
body -0.0129 3 13 10591 
body 0.0026 2 13 7531 
body 0.0209 1 7 4337 
body -0.0144 1 7 4188 
body -0.0160 3 15 10421 
body -0.0176 2 14 7382 
body 0.0079 6 24 19606 
body -0.0052 5 21 16468 
body -0.0015 8 28 25714 
body -0.0138 2 11 7901 
body -0.0337 1 7 4745 
body -0.0254 2 11 7786 
body 0.0225 2 10 7620 
body -0.0350 1 7 4529 
body -0.0056 3 17 10679 
body -0.0094 4 17 13351 
body -0.0088 4 20 13492 
body -0.0064 2 12 7352 
body -0.0555 1 7 4364 
body -0.0047 4 17 13243 
body -0.0062 1 7 4242 
body -0.0322 1 7 4239 
body 0.0164 2 10 7096 
body 0.0141 2 14 6979 
body 0.0302 1 7 4130 
body -0.0257 2 10 7336 
body 0.0148 4 20 14297 
body -0.0078 4 21 15145 
body -0.0204 2 14 9668 
body 0.0250 2 14 7343 
body 0.0133 3 17 10465 
body -0.0203 1 7 4425 
body 0.0000 8 40 34099 
body 0.0080 4 20 13963 
body -0.0035 4 16 13986 
body 0.0090 4 18 14028 
body -0.0124 1 7 5049 
body -0.0265 1 7 4957 
body -0.0198 2 10 7717 
body 0.0191 1 7 4800 
body 0.0193 2 12 7935 
body -0.0063 3 15 11629 
body -0.0142 2 14 9518 
body -0.0335 1 7 4571 
body -0.0232 2 10 7708 
body -0.0206 2 10 10168 
body 0.0155 2 10 8678 
body -0.0230 1 7 4825 
body -0.0067 3 13 11173 
body -0.0098 2 14 10750 
body 0.0205 1 7 4942 
body 0.0094 4 19 13993 
body -0.0184 2 11 7912 
body -0.0267 1 7 5102 
body -0.0029 2 11 9424 
body 0.0531 1 7 4452 
body 0.0008 1 7 4388 
body -0.0318 1 7 4564 
body 0.0354 1 7 4319 
body 0.0062 1 7 4484 
body -0.0093 3 13 10560 
body -0.0380 1 7 4582 
body -0.0264 1 7 4229 
body 0.0005 6 28 19662 
body 0.0221 2 10 7216 
body 0.0059 3 19 10346 
body 0.0219 2 10 7269 
body 0.0124 1 7 4361 
body 0.0262 1 7 4605 
body -0.0220 3 13 10050 
body -0.0104 4 17 13366 
body -0.0059 3 15 10349 
body 0.0234 1 7 4480 
body 0.0194 1 7 4358 
body 0.0228 1 7 4212 
body 0.0068 3 13 10494 
body -0.0390 1 7 4097 
body 0.0108 2 13 7553 
body -0.0314 1 7 4197 
body -0.0415 1 7 4255 
body -0.0032 1 7 4283 
body 0.0023 5 23 16511 
body 0.0139 4 18 13375 
body -0.0001 3 14 10390 
body 0.0314 1 7 4502 
body -0.0694 1 7 4149 
body -0.0319 1 7 4558 
body -0.0224 1 7 4481 
body -0.0039 1 7 4360 
body -0.0026 5 19 16740 
body -0.0147 4 18 15683 
body -0.0103 4 22 13561 
body 0.0235 2 10 6048 
body -0.0054 1 7 3050 
body 0.0088 3 13 9053 
body -0.0110 3 18 9101 
body -0.0109 3 13 9065 
body 0.0149 1 7 3043 
body 0.0543 1 7 3055 
body -0.0135 2 10 6058 
body -0.0050 2 10 6046 
body -0.0212 3 14 9052 
body 0.0053 2 10 6067 
body 0.0142 2 13 6087 
body -0.0155 2 10 6043 
body -0.0171 3 14 9040 
body -0.0121 1 7 3048 
body -0.0101 1 7 3039 
body -0.0266 1 7 3021 
body -0.0084 1 7 3026 
body 0.0107 2 11 6016 
body -0.0004 2 10 6023 
body 0.0163 1 7 3021 
body -0.0279 1 7 3024 
body -0.0010 6 26 18815 
body 0.0078 4 18 12046 
body 0.0315 1 7 3025 
body 0.0044 3 13 9020 
body -0.0168 1 7 3027 
body 0.0266 1 7 3026 
body -0.0048 2 10 6024 
body -0.0105 2 10 6027 
body -0.0037 5 23 15039 
body 0.0019 3 16 9040 
body -0.0271 2 10 6028 
body -0.0283 1 7 3028 
body -0.0201 1 7 3025 
body -0.0073 3 15 9698 
body -0.0181 2 10 6019 
body 0.0007 7 27 21096 
body 0.0144 2 11 6024 
body -0.0014 5 22 15136 
body 0.0352 1 7 4341 
body 0.0132 2 10 6009 
body 0.0035 2 8 6022 
body -0.0017 4 14 12006 
body 0.0306 1 3 2999 
body -0.0324 2 8 7608 
body -0.0304 1 3 2999 
body -0.0045 3 9 9006 
body 0.0043 5 19 15009 
body 0.0227 1 3 2999 
body -0.0069 2 6 5998 
body -0.0190 1 4 3003 
body 0.0063 3 9 8997 
body 0.0105 3 9 9066 
body 0.0027 5 20 16777 
body 0.0254 1 3 2999 
body 0.0051 4 12 11996 
body 0.0170 4 14 11940 
body 0.0318 1 3 2999 
body -0.0119 2 6 5998 
body 0.0137 4 14 12000 
body -0.0303 2 6 5999 
body 0.0283 1 3 2999 
body -0.0008 1 3 2999 
body -0.0231 1 3 2999 
body -0.0020 2 6 5948 
body 0.0129 2 10 6016 
body -0.0003 2 7 5999 
body -0.0301 1 3 2999 
body 0.0206 1 3 2999 
body -0.0114 2 6 6009 
body 0.0093 5 17 14939 
body 0.0116 1 3 3059 
body 0.0241 1 3 2999 
body 0.0042 4 13 12001 
body -0.0077 3 9 9026 
body 0.0146 2 6 5998 
body -0.0096 5 19 15011 
body -0.0172 3 11 9015 
body 0.0175 2 6 5998 
body 0.0118 1 3 2999 
body 0.0025 4 13 12683 
body -0.0111 1 4 3002 
body -0.0188 1 3 2999 
body 0.0009 1 3 3000 
body -0.0311 1 3 2999 
body -0.0118 3 10 9007 
body 0.0039 2 7 6062 
body 0.0229 1 3 2999 
body 0.0061 3 9 8997 
body -0.0202 1 3 2999 
body 0.0022 6 25 18052 
body 0.0264 1 3 2999 
body 0.0060 5 20 17002 
body -0.0033 4 13 11998 
body -0.0051 1 3 2999 
body 0.0046 9 29 27021 
body -0.0082 1 3 2999 
body 0.0017 2 6 6008 
body 0.0263 1 3 2999 
body -0.0229 1 3 3059 
body -0.0044 3 11 9013 
body -0.0373 1 3 2999 
body 0.0072 1 3 2999 
body 0.0092 4 13 13437 
body 0.0289 1 3 2999 
body -0.0055 3 10 9001 
body -0.0120 3 12 9031 
body 0.0073 3 13 9045 
body -0.0193 2 6 6000 
body -0.0011 4 12 12012 
body -0.0087 1 3 2999 
body -0.0076 1 3 2999 
body 0.0038 2 7 5999 
body -0.0034 3 9 9018 
body -0.0046 4 12 12060 
body 0.0238 1 3 2999 
body -0.0143 1 4 3007 
body -0.0012 6 23 18041 
body -0.0081 3 10 9008 
body -0.0152 1 3 2999 
body 0.0081 3 9 8997 
body -0.0009 3 10 9012 
body -0.0089 1 3 2999 
body -0.0149 2 6 6068 
body -0.0148 3 9 8997 
body -0.0174 1 3 2999 
body -0.0207 1 3 2999 
body 0.0113 3 12 10440 
body 0.0126 1 4 3001 
body 0.0222 2 10 7415 
body -0.0248 1 5 5819 
body 0.0020 3 10 9000 
body -0.0346 1 3 2999 
body -0.0060 1 4 3000 
body -0.0317 1 3 2999 
body 0.0056 4 17 12037 
body 0.0050 3 9 8947 
body 0.0040 3 10 9003 
body -0.0080 3 9 8997 
body 0.0342 1 3 2999 
body 0.0143 2 6 5998 
body 0.0001 5 17 14998 
body 0.0089 2 8 6011 
body -0.0216 2 9 6001 
body -0.0234 2 6 5998 
body 0.0203 2 7 6000 
body 0.0158 1 3 2999 
body 0.0322 1 4 3000 
body 0.0085 1 3 2999 
body 0.0064 2 6 6059 
body 0.0197 1 3 2999 
body -0.0369 1 3 2999 
body 0.0361 1 3 2999 
body 0.0195 1 3 2999 
body 0.0095 3 10 9002 
body 0.0248 1 3 2999 
body 0.0150 1 3 2999 
body -0.0185 2 6 5998 
body -0.0853 1 3 2999 
body -0.0308 1 4 3004 
body 0.0598 1 5 4678 
body 0.0029 7 23 21031 
body 0.0298 1 3 2999 
body -0.0075 2 6 5998 
body 0.0119 1 3 2999 
body -0.0115 2 8 7618 
body 0.0190 1 3 2999 
body -0.0180 1 3 2999 
body 0.0211 1 3 2999 
body -0.0514 1 3 2999 
body 0.0097 3 9 8938 
body -0.0252 1 3 2999 
body 0.0030 2 7 5999 
body -0.0219 2 6 5998 
body 0.0187 2 8 6079 
body -0.0006 4 14 12523 
body -0.0222 2 8 6015 
body -0.0154 2 6 6008 
body 0.0215 1 3 2999 
body -0.0058 1 3 2999 
body -0.0197 2 6 5998 
body -0.0112 2 6 5998 
body 0.0128 2 6 5998 
body -0.0092 3 9 8999 
body -0.0186 1 3 2999 
body 0.0272 3 9 8998 
body 0.0136 1 3 2999 
body 0.0091 2 6 5998 
body 0.0168 3 9 9007 
body -0.0002 2 6 6000 
body 0.0083 4 17 11945 
body 0.0066 3 9 8998 
body 0.0381 1 3 3000 
body -0.0030 1 4 3000 
body -0.0187 1 3 2999 
body -0.0263 1 3 2999 
body -0.0031 2 7 6000 
body -0.0041 2 8 6010 
body -0.0169 2 10 6022 
body 0.0013 2 9 6035 
body -0.0117 1 5 3001 
body 0.0286 1 3 2999 
body 0.0002 2 8 6012 
body 0.0070 3 11 9150 
body -0.0280 1 6 3010 
body -0.0042 3 11 9529 
body 0.0258 1 5 3003 
body -0.0211 1 5 3041 
body -0.0286 1 5 3009 
body -0.0099 1 3 2999 
body -0.0132 1 3 2999 
body -0.0292 1 4 3001 
body -0.0291 1 5 3057 
body -0.0086 3 9 9006 
body 0.0011 2 6 6007 
body -0.0270 1 3 2999 
body -0.0164 1 3 2999 
body 0.0082 2 7 6000 
body -0.0091 2 6 5998 
body -0.0223 1 3 2999 
body -0.0364 1 3 2999 
body -0.0424 1 3 2999 
body 0.0729 1 4 3001 
body 0.0265 1 3 2999 
body 0.0423 1 5 3041 
body 0.0186 1 7 3080 
body 0.0226 1 5 3044 
body -0.0090 1 7 3070 
body -0.0210 1 3 2999 
body 0.0057 3 9 8999 
body 0.0207 1 5 3016 
body -0.0021 4 18 12016 
body 0.0054 2 9 7559 
body 0.0198 1 3 2999 
body -0.0137 1 3 2999 
body -0.0022 2 9 6427 
body 0.0171 1 3 2999 
body -0.0215 1 3 2999 
body 0.0045 4 15 13449 
body -0.0066 3 12 8959 
body -0.0027 3 10 9008 
body 0.0166 1 3 2999 
body 0.0189 2 7 6008 
body 0.0152 2 6 5998 
body -0.0133 1 5 3007 
body -0.0085 1 4 3000 
body -0.0025 1 3 2999 
body 0.0176 2 10 8839 
body -0.0074 3 10 8998 
body 0.0003 4 16 12018 
body -0.0005 1 4 3060 
body 0.0111 1 4 3002 
body -0.0038 3 11 9000 
body -0.0134 1 3 3000 
body 0.0058 1 3 2999 
body -0.0102 1 3 2999 
body -0.0158 1 5 3001 
body 0.0252 1 4 3001 
body 0.0037 1 3 2999 
body 0.0067 2 6 5998 
body -0.0285 1 3 2999 
body 0.0184 1 3 3000 
body 0.0223 1 3 3000 
body -0.0328 1 5 3726 
body 0.0074 2 7 6010 
body -0.0159 2 6 6009 
body 0.0192 1 3 3000 
body -0.0127 1 4 3001 
body -0.0170 2 7 6008 
body -0.0024 2 8 6002 
body -0.0043 3 13 10744 
body 0.0172 1 4 4441 
body -0.0065 3 9 9010 
body 0.0076 1 3 3001 
body 0.0004 3 12 8953 
body 0.0048 1 3 3001 
body 0.0156 1 3 3000 
body 0.0018 1 3 3000 
body 0.0049 1 4 3001 
body 0.0028 2 9 6003 
body 0.0055 1 3 3000 
body 0.0016 4 15 12071 
body -0.0023 3 12 9093 
body 0.0125 3 14 8965 
body 0.0052 1 4 3007 
body -0.0061 1 3 3010 
body 0.0279 1 6 3041 
body 0.0084 2 9 6035 
body -0.1466 1 7 3041 
body 0.0294 1 7 3043 
body 0.0099 1 7 3031 
body 0.0101 1 7 3038 
body 0.0378 1 7 3041 
body -0.0468 1 6 3009 
body 0.0069 2 7 6000 
body -0.0284 1 5 3002 
body -0.0019 3 12 9013 
body 0.0034 1 3 3000 
body 0.0159 2 8 7561 
body 0.0103 1 5 3002 
body -0.0382 1 4 3001 
body 0.0183 2 6 5999 
body 0.0010 2 7 6000 
body -0.0016 3 11 9007 
body 0.0303 1 3 3061 
body 0.0154 2 6 6005 
body -0.0336 1 3 3002 
body -0.0455 1 3 3003 
body -0.0140 1 5 3003 
body -0.0095 1 3 2999 
body -0.0199 1 3 2999 
body 0.0216 1 5 3005 
body -0.0277 1 6 3026 
body -0.0013 2 6 6007 
body -0.0274 1 3 2999 
body 0.0202 1 3 2999 
body -0.0131 1 3 2999 
body -0.0083 1 3 2999 
body -0.0195 1 5 3063 
body 0.0243 1 3 3009 
body 0.0096 1 3 3010 
body 0.0086 2 6 6019 
body -0.0113 1 3 2999 
body -0.0028 1 3 2999 
body 0.0131 1 3 2999 
body -0.0007 2 6 6008 
body 0.0033 2 6 6008 
body 0.0109 1 3 3010 
body 0.0123 2 6 5998 
body 0.0117 1 3 2999 
body 0.0104 1 3 2999 
body 0.0122 1 3 2999 
body 0.0178 1 5 4252 
body 0.0047 1 3 3076 
body -0.0259 1 3 2999 
up 0.0194 1 7 3530 
up 0.0110 3 14 9532 
up 0.0138 2 11 6163 
up 0.0256 1 7 3608 
up 0.0051 8 29 24474 
up 0.0094 2 14 7855 
up 0.0119 4 16 12797 
up 0.0130 3 13 9422 
up 0.0047 8 42 28202 
up 0.0040 12 52 36756 
up 0.0353 1 7 3345 
up 0.0136 1 7 3422 
up 0.0290 1 7 3377 
up 0.0039 13 64 45491 
up 0.0080 8 44 30670 
up 0.0301 1 7 3212 
up 0.0123 3 13 9519 
up 0.0041 9 46 30000 
up 0.0106 2 10 6500 
up 0.0038 8 36 26502 
up 0.0104 4 20 14156 
up 0.0206 1 7 3322 
up 0.0191 2 14 6719 
up 0.0077 4 17 12228 
up 0.0070 7 32 23123 
up 0.0265 1 7 3612 
up 0.0031 7 33 21307 
up 0.0064 12 55 39222 
up 0.0067 8 42 28068 
up 0.0005 15 66 48843 
up 0.0004 11 49 38625 
up 0.0154 2 10 6676 
up 0.0065 10 41 32130 
up 0.0084 7 34 21508 
up 0.0083 6 23 18263 
up 0.0131 3 21 9581 
up 0.0072 4 17 12253 
up 0.0177 2 10 6220 
up 0.0092 5 23 16515 
up 0.0069 8 35 24312 
up 0.0000 12 52 48034 
up 0.0028 17 67 51384 
up 0.0075 5 20 15438 
up 0.0158 2 10 7351 
up 0.0196 3 17 10272 
up 0.0006 12 56 39063 
up 0.0076 3 14 11599 
up 0.0050 9 36 32117 
up 0.0029 11 45 34338 
up 0.0062 8 33 26810 
up 0.0179 1 7 4334 
up 0.0225 3 17 11804 
up 0.0052 10 37 32085 
up 0.0205 2 10 7481 
up 0.0034 13 53 42611 
up 0.0036 8 36 26608 
up 0.0049 8 30 25357 
up 0.0174 5 29 18060 
up 0.0116 4 21 13583 
up 0.0046 9 34 28709 
up 0.0014 17 64 55497 
up 0.0012 10 41 33175 
up 0.0023 6 25 19624 
up 0.0043 11 49 36305 
up 0.0103 9 43 31130 
up 0.0153 1 7 4351 
up 0.0011 14 57 47612 
up 0.0063 7 33 22102 
up 0.0197 1 7 4242 
up 0.0102 2 11 7249 
up 0.0107 3 14 10111 
up 0.0096 4 19 12970 
up 0.0030 12 45 39134 
up 0.0048 6 28 20771 
up 0.0088 3 13 10168 
up 0.0235 1 7 4411 
up 0.0054 5 23 16387 
up 0.0202 1 7 4420 
up 0.0142 2 10 8012 
up 0.0079 3 17 10857 
up 0.0037 11 43 39294 
up 0.0086 5 19 16930 
up 0.0151 2 10 8173 
up 0.0026 7 31 24131 
up 0.0015 15 62 52254 
up 0.0060 5 24 19135 
up 0.0055 10 45 35422 
up 0.0173 2 10 7849 
up 0.0020 17 66 55811 
up 0.0059 5 20 17102 
up 0.0073 4 17 13815 
up 0.0118 4 18 13713 
up 0.0221 1 7 4319 
up 0.0017 17 75 56409 
up 0.0074 6 24 19571 
up 0.0007 7 33 23446 
up 0.0066 12 56 37631 
up 0.0124 2 11 7230 
up 0.0146 2 14 7548 
up 0.0184 1 7 4361 
up 0.0100 3 21 10638 
up 0.0032 5 19 16137 
up 0.0287 1 7 4348 
up 0.0003 7 29 25397 
up 0.0128 4 17 13776 
up 0.0162 1 7 4212 
up 0.0057 10 37 31827 
up 0.0214 1 7 4283 
up 0.0189 1 7 4432 
up 0.0140 3 21 10362 
up 0.0185 3 18 11783 
up 0.0008 17 66 55101 
up 0.0045 7 39 22459 
up 0.0025 16 63 49623 
up 0.0165 2 10 6036 
up 0.0272 1 7 3049 
up 0.0137 3 15 9051 
up 0.0175 1 7 3055 
up 0.0253 1 7 3043 
up 0.0117 3 17 10807 
up 0.0216 2 14 6082 
up 0.0019 13 48 40526 
up 0.0087 6 24 18047 
up 0.0009 14 53 43957 
up 0.0021 13 52 39460 
up 0.0024 5 26 16389 
up 0.0132 1 7 3024 
up 0.0108 1 7 3027 
up 0.0058 6 24 18027 
up 0.0095 3 15 9038 
up 0.0101 3 13 9089 
up 0.0091 5 19 14971 
up 0.0027 12 48 36101 
up 0.0001 5 19 15026 
up 0.0129 2 10 6021 
up 0.0022 10 34 30038 
up 0.0068 2 10 6009 
up 0.0042 14 47 42129 
up 0.0018 6 19 18019 
up 0.0082 3 15 8979 
up 0.0199 1 4 3003 
up 0.0033 8 26 24005 
up 0.0010 9 32 27003 
up 0.0044 7 23 20996 
up 0.0035 5 16 15007 
up 0.0089 4 13 11999 
up 0.0071 4 13 12009 
up 0.0114 1 3 2999 
up 0.0090 6 23 18036 
up 0.0099 4 14 12184 
up 0.0016 17 57 52543 
up 0.0085 4 12 11997 
up 0.0178 2 7 5999 
up 0.0133 4 12 12006 
up 0.0105 3 11 8999 
up 0.0113 2 6 5998 
up 0.0053 3 11 9042 
up 0.0061 6 20 17998 
up 0.0097 2 9 6021 
up 0.0013 11 39 33035 
up 0.0109 1 3 2939 
up 0.0056 5 16 15004 
up 0.0078 3 10 9008 
up 0.0134 2 7 6002 
up 0.0155 1 4 3000 
up 0.0081 2 6 5998 
up 0.0176 1 3 2999 
up 0.0200 1 3 2999 
up 0.0115 2 8 6001 
up 0.0217 2 9 6089 
up 0.0002 6 22 18690 
up 0.0270 1 3 2999 
up 0.0188 1 3 2999 
up 0.0242 1 3 2999 
up 0.0218 1 3 2999 
up 0.0160 1 3 2999 
up 0.0163 1 3 2999 
up 0.0157 1 3 2999 
up 0.0148 2 8 6000 
up 0.0166 1 3 3009 
up 0.0212 1 5 3033 
up 0.0145 1 3 2999 
up 0.0125 1 7 3080 
up 0.0122 1 4 3025 
up 0.0161 1 5 3003 
up 0.0169 1 5 3006 
down 0.0090 3 17 11434 
down 0.0081 6 30 19926 
down 0.0226 1 7 3162 
down 0.0041 9 41 28034 
down 0.0217 2 13 6568 
down 0.0093 5 27 17596 
down 0.0049 6 31 21806 
down 0.0066 7 26 21360 
down 0.0089 5 25 16984 
down 0.0045 8 44 27665 
down 0.0133 2 10 6344 
down 0.0019 20 88 63047 
down 0.0192 3 19 11321 
down 0.0153 4 25 13148 
down 0.0282 1 7 3212 
down 0.0145 2 14 7931 
down 0.0101 5 24 16694 
down 0.0136 3 18 9609 
down 0.0179 2 12 6858 
down 0.0020 11 52 37081 
down 0.0016 12 45 39257 
down 0.0289 1 7 3229 
down 0.0054 11 57 36174 
down 0.0011 13 58 44886 
down 0.0004 13 55 42177 
down 0.0142 2 10 6659 
down 0.0191 1 7 3790 
down 0.0013 7 28 21594 
down 0.0029 11 44 33496 
down 0.0091 4 16 12734 
down 0.0169 1 7 3584 
down 0.0140 3 17 10902 
down 0.0030 5 27 18772 
down 0.0213 3 13 9253 
down 0.0028 13 49 40961 
down 0.0201 1 7 3253 
down 0.0094 8 34 24281 
down 0.0117 2 12 6252 
down 0.0248 1 7 3379 
down 0.0057 7 33 25347 
down 0.0076 4 24 14630 
down 0.0000 7 34 37299 
down 0.0185 2 14 8860 
down 0.0035 12 47 38552 
down 0.0023 16 67 50885 
down 0.0097 4 20 13439 
down 0.0075 5 26 18208 
down 0.0034 10 38 31292 
down 0.0021 11 45 37451 
down 0.0128 2 14 8801 
down 0.0116 4 21 13396 
down 0.0110 3 13 10545 
down 0.0086 3 15 10701 
down 0.0073 4 18 14413 
down 0.0027 11 53 37912 
down 0.0096 6 34 22527 
down 0.0052 9 36 29855 
down 0.0055 11 39 34592 
down 0.0080 6 28 21078 
down 0.0111 2 14 7451 
down 0.0062 8 38 28837 
down 0.0002 9 40 31871 
down 0.0150 2 10 7058 
down 0.0036 9 41 29487 
down 0.0146 3 17 11644 
down 0.0302 1 7 3931 
down 0.0188 1 7 4130 
down 0.0009 14 63 49117 
down 0.0113 3 17 10426 
down 0.0167 1 7 4932 
down 0.0022 13 57 44332 
down 0.0060 11 60 35291 
down 0.0100 3 15 10901 
down 0.0059 10 40 31884 
down 0.0044 8 31 26178 
down 0.0033 11 44 36142 
down 0.0014 13 54 42796 
down 0.0103 1 7 5175 
down 0.0149 1 7 4989 
down 0.0088 7 27 24526 
down 0.0010 10 39 32138 
down 0.0018 16 64 49437 
down 0.0084 3 13 11098 
down 0.0001 8 31 26479 
down 0.0147 1 7 4298 
down 0.0017 21 86 67893 
down 0.0085 4 18 14977 
down 0.0151 4 26 13213 
down 0.0144 2 10 7357 
down 0.0050 11 47 36353 
down 0.0039 7 26 22105 
down 0.0056 7 27 22485 
down 0.0126 5 27 16267 
down 0.0077 7 32 22299 
down 0.0092 3 17 10470 
down 0.0012 5 21 17755 
down 0.0275 1 7 4391 
down 0.0127 3 14 10501 
down 0.0008 4 16 13371 
down 0.0006 12 52 41828 
down 0.0082 6 24 19746 
down 0.0079 6 23 20916 
down 0.0042 10 39 31821 
down 0.0024 13 52 39817 
down 0.0148 4 21 12106 
down 0.0043 10 36 30062 
down 0.0015 18 71 54632 
down 0.0211 2 11 6059 
down 0.0176 1 7 3046 
down 0.0134 3 14 9053 
down 0.0068 5 22 16606 
down 0.0037 6 23 18086 
down 0.0063 5 23 15024 
down 0.0125 1 7 3024 
down 0.0070 4 19 12085 
down 0.0047 8 37 24087 
down 0.0108 3 13 9027 
down 0.0025 11 42 33292 
down 0.0083 5 19 15025 
down 0.0098 2 10 6081 
down 0.0065 8 31 24034 
down 0.0074 5 24 15099 
down 0.0102 1 7 3022 
down 0.0007 10 40 29993 
down 0.0038 7 26 21017 
down 0.0105 5 16 14977 
down 0.0115 3 11 9001 
down 0.0099 2 6 5998 
down 0.0064 5 15 14995 
down 0.0106 2 6 5998 
down 0.0040 8 29 25492 
down 0.0246 1 3 2999 
down 0.0189 1 3 2999 
down 0.0152 2 6 6001 
down 0.0162 1 3 2999 
down 0.0235 1 3 2999 
down 0.0163 2 7 5999 
down 0.0131 1 3 2999 
down 0.0072 7 30 24543 
down 0.0061 7 23 21689 
down 0.0005 10 36 30140 
down 0.0159 2 6 5998 
down 0.0124 3 10 9008 
down 0.0053 7 29 21075 
down 0.0172 1 4 3001 
down 0.0132 3 9 8997 
down 0.0058 6 20 18785 
down 0.0031 9 31 27234 
down 0.0121 4 18 13747 
down 0.0071 6 20 18025 
down 0.0051 3 9 8997 
down 0.0003 8 27 24023 
down 0.0199 1 4 3000 
down 0.0369 1 3 2999 
down 0.0202 2 7 5942 
down 0.0194 1 3 2999 
down 0.0272 1 3 2999 
down 0.0109 1 3 2999 
down 0.0107 1 3 2999 
down 0.0067 5 18 15150 
down 0.0118 2 6 5998 
down 0.0170 1 3 2999 
down 0.0156 1 3 2999 
down 0.0230 1 3 2999 
down 0.0329 1 4 3002 
down 0.0123 3 9 8937 
down 0.0470 1 4 3004 
down 0.0190 1 5 4609 
down 0.0297 1 3 2999 
down 0.0048 6 21 18012 
down 0.0160 1 3 2999 
down 0.0137 1 3 2999 
down 0.0026 7 27 21032 
down 0.0078 2 7 5999 
down 0.0046 9 35 27097 
down 0.0224 1 3 2999 
down 0.0130 3 11 8999 
down 0.0154 2 10 6046 
down 0.0122 2 6 6002 
down 0.0482 1 5 3041 
down 0.0032 6 20 17951 
down 0.0119 2 6 5998 
down 0.0069 3 9 9003 
down 0.0381 1 7 3041 
down 0.0234 1 7 3043 
down 0.0175 1 5 3002 
down 0.0168 1 4 3004 
down 0.0095 3 9 9010 
down 0.0135 1 4 3001 
down 0.0215 1 4 3001 
down 0.0225 1 3 3009 
down 0.0164 1 4 3489 
down 0.0087 2 7 6009 
down 0.0143 1 3 2999 
down 0.0166 1 3 2999 
