open 1.4198 1 7 3481 
open 1.4100 2 13 6408 
open 1.4188 1 7 3216 
open 1.4120 2 14 6911 
open 1.3926 1 7 3451 
open 1.4064 3 18 9617 
open 1.3996 1 7 3771 
open 1.4015 1 7 3613 
open 1.4044 1 7 3594 
open 1.4356 1 7 3431 
open 1.4118 2 14 8508 
open 1.4264 2 13 6535 
open 1.4012 1 7 3465 
open 1.4129 1 7 3359 
open 1.3820 1 7 4274 
open 1.3802 1 7 3189 
open 1.3823 2 13 6544 
open 1.3677 1 7 3537 
open 1.3647 1 7 3485 
open 1.3569 1 7 3449 
open 1.3311 2 12 7141 
open 1.3129 2 12 6411 
open 1.3063 2 14 6407 
open 1.2990 1 7 3313 
open 1.3098 1 7 3309 
open 1.3097 1 7 3302 
open 1.2804 1 7 3772 
open 1.2988 1 7 3549 
open 1.3227 1 7 3817 
open 1.3446 2 14 7021 
open 1.3432 1 7 3981 
open 1.3447 1 7 4237 
open 1.3851 2 12 7073 
open 1.4196 1 7 4492 
open 1.4037 1 7 4307 
open 1.3843 1 7 4033 
open 1.4211 1 7 4338 
open 1.4570 1 7 3724 
open 1.4490 2 14 8546 
open 1.4380 1 7 4022 
open 1.4292 1 7 3642 
open 1.4202 3 20 9563 
open 1.3989 1 7 3457 
open 1.4276 1 7 3411 
open 1.4236 1 7 3548 
open 1.4033 1 7 3728 
open 1.4073 1 7 4995 
open 1.4066 1 7 4832 
open 1.3988 1 7 4675 
open 1.4022 1 7 4912 
open 1.4210 1 7 6124 
open 1.4087 1 7 8359 
open 1.4154 1 7 5190 
open 1.4244 2 14 8009 
open 1.4029 1 7 5092 
open 1.4263 1 7 4948 
open 1.3782 1 7 5185 
open 1.3842 1 7 5353 
open 1.3943 2 14 8229 
open 1.3929 1 7 4866 
open 1.3902 1 7 4752 
open 1.3830 1 7 4933 
open 1.3883 1 7 4869 
open 1.3971 1 7 4878 
open 1.3938 1 7 4995 
open 1.4002 1 7 5382 
open 1.4036 1 7 5540 
open 1.3948 1 7 5686 
open 1.3968 2 14 8505 
open 1.4104 1 7 5740 
open 1.4312 1 7 5177 
open 1.4052 1 7 5082 
open 1.4212 1 7 5034 
open 1.4375 1 7 4977 
open 1.4568 2 14 8110 
open 1.4705 2 14 8053 
open 1.4900 1 7 4543 
open 1.5036 1 7 4914 
open 1.5018 1 7 5072 
open 1.5560 2 14 10297 
open 1.5669 1 7 4237 
open 1.5486 1 7 4427 
open 1.5288 2 13 7936 
open 1.5403 1 7 4605 
open 1.5323 1 7 4843 
open 1.5272 2 12 8202 
open 1.5456 1 7 4958 
open 1.5328 1 7 5021 
open 1.5386 1 7 5095 
open 1.5577 2 14 8226 
open 1.5530 1 7 5526 
open 1.5643 1 7 5831 
open 1.5574 1 7 5713 
open 1.5320 2 13 8858 
open 1.5362 1 7 5861 
open 1.5973 1 7 5235 
open 1.5872 2 14 10153 
open 1.5651 2 14 9039 
open 1.5521 1 7 5885 
open 1.5720 1 7 5131 
open 1.5892 1 7 5539 
open 1.5972 2 11 10464 
open 1.6490 1 7 6128 
open 1.6272 1 7 5036 
open 1.6255 1 7 5212 
open 1.6431 1 7 5527 
open 1.6533 2 10 8200 
open 1.6491 1 7 5389 
open 1.6395 1 7 5458 
open 1.6194 1 7 5085 
open 1.6087 1 7 5377 
open 1.6139 1 7 5102 
open 1.6235 1 7 4649 
open 1.5690 2 10 7424 
open 1.5736 2 14 9136 
open 1.6122 1 7 4309 
open 1.5636 1 7 5111 
open 1.5953 1 7 4466 
open 1.5922 1 7 4182 
open 1.5986 1 7 4155 
open 1.5795 1 7 4335 
open 1.6270 2 14 7034 
open 1.5982 1 7 4272 
open 1.5931 1 7 4468 
open 1.5748 1 7 4207 
open 1.5640 2 12 7444 
open 1.5612 1 7 4664 
open 1.5417 2 13 6996 
open 1.5539 1 7 3815 
open 1.6028 1 7 4057 
open 1.5905 1 7 4072 
open 1.5937 1 7 3949 
open 1.5622 2 12 7166 
open 1.5536 1 7 3849 
open 1.5160 1 7 4359 
open 1.5058 1 7 3799 
open 1.5349 2 13 6974 
open 1.5305 1 7 3787 
open 1.5502 1 7 3804 
open 1.5750 2 11 6946 
open 1.5662 1 7 4063 
open 1.5517 2 14 6949 
open 1.5361 1 7 4119 
open 1.5293 1 7 4152 
open 1.5264 1 7 4187 
open 1.5106 2 11 6775 
open 1.5554 1 7 3841 
open 1.5448 2 11 6999 
open 1.5689 1 7 3794 
open 1.6005 1 7 3727 
open 1.6352 1 7 3909 
open 1.6396 1 7 5970 
open 1.6276 1 7 5895 
open 1.6363 1 7 3030 
open 1.6241 1 7 3032 
open 1.6258 1 7 3027 
open 1.6498 1 7 3032 
open 1.6777 1 7 3047 
open 1.6878 1 7 3032 
open 1.6812 1 7 3026 
open 1.6841 1 7 3030 
open 1.6403 1 7 3034 
open 1.6305 1 7 3032 
open 1.6360 1 7 3031 
open 1.6441 1 7 2982 
open 1.5906 1 7 3031 
open 1.5899 1 7 3037 
open 1.5927 1 7 3016 
open 1.6066 1 7 3027 
open 1.6124 1 7 3033 
open 1.6591 1 7 3034 
open 1.6463 1 7 3021 
open 1.6622 1 7 3033 
open 1.6599 1 7 3016 
open 1.6721 1 7 3012 
open 1.6536 1 7 3009 
open 1.6649 1 7 3012 
open 1.6459 1 7 3016 
open 1.6293 1 7 3017 
open 1.6245 1 7 3013 
open 1.6179 1 7 3018 
open 1.6075 1 7 3017 
open 1.5881 1 7 3012 
open 1.6145 1 7 3011 
open 1.6126 1 7 3012 
open 1.5764 1 7 3015 
open 1.5981 1 7 3013 
open 1.5578 2 12 6016 
open 1.5856 1 7 3017 
open 1.5861 1 7 3014 
open 1.5654 1 7 3012 
open 1.5529 1 7 3013 
open 1.5465 1 7 3015 
open 1.5731 1 7 3011 
open 1.5623 1 7 3075 
open 1.5604 1 7 3015 
open 1.5473 1 7 3014 
open 1.5475 1 7 3019 
open 1.5778 1 7 3016 
open 1.6221 1 7 3011 
open 1.6439 1 7 3015 
open 1.6418 1 7 3018 
open 1.6552 1 7 4333 
open 1.6225 1 6 3008 
open 1.5980 1 7 3010 
open 1.5940 1 6 3009 
open 1.6038 1 7 3020 
open 1.6128 1 6 3005 
open 1.5924 1 6 3004 
open 1.6022 2 9 6010 
open 1.6254 1 5 3005 
open 1.6338 1 6 3013 
open 1.6181 1 5 3003 
open 1.6067 1 5 3008 
open 1.5806 1 6 2954 
open 1.5666 1 6 3010 
open 1.5977 1 7 3016 
open 1.6158 2 11 6007 
open 1.6150 1 6 3010 
open 1.6146 1 6 3004 
open 1.5965 1 5 3001 
open 1.5941 1 6 3010 
open 1.5845 1 5 3005 
open 1.5433 1 7 3007 
open 1.5297 1 7 3006 
open 1.5059 3 15 10631 
open 1.5004 1 6 3004 
open 1.4857 1 7 3008 
open 1.4816 1 6 3004 
open 1.4732 1 7 3008 
open 1.4669 1 6 3006 
open 1.4784 2 13 6020 
open 1.4833 1 6 3002 
open 1.5008 2 11 6077 
open 1.4808 2 13 6019 
open 1.4644 2 13 6031 
open 1.4543 1 7 3006 
open 1.4817 1 7 3010 
open 1.4510 1 6 3019 
open 1.4161 1 7 3010 
open 1.4152 1 6 3005 
open 1.3969 2 9 6017 
open 1.4092 4 25 13718 
open 1.4060 2 13 6044 
open 1.4245 1 5 3066 
open 1.4133 4 27 12558 
open 1.3962 2 9 6015 
open 1.3972 2 10 6019 
open 1.3874 1 6 3011 
open 1.3754 1 7 3009 
open 1.3626 2 11 6008 
open 1.3725 1 7 3004 
open 1.3916 1 6 3018 
open 1.3889 1 7 3012 
open 1.3898 1 6 3010 
open 1.4041 1 7 3012 
open 1.4071 1 7 3006 
open 1.4130 1 7 3008 
open 1.3824 1 7 3016 
open 1.3738 1 7 3009 
open 1.3662 1 7 3010 
open 1.3555 2 14 6021 
open 1.3666 1 7 3013 
open 1.3903 1 7 3006 
open 1.4086 1 5 2948 
open 1.4039 1 7 3011 
open 1.4260 1 7 3008 
open 1.3896 1 6 3007 
open 1.4059 1 7 3007 
open 1.3973 1 7 3006 
open 1.4034 1 7 3007 
open 1.4226 1 7 3009 
open 1.4364 2 10 6016 
open 1.4139 1 7 3008 
open 1.4268 1 7 3012 
open 1.3967 1 7 3010 
open 1.4067 1 6 3008 
open 1.4112 1 7 3012 
open 1.4174 1 7 3011 
open 1.4449 2 13 6027 
open 1.4193 1 6 3013 
open 1.4345 1 7 3011 
open 1.4499 1 6 3007 
open 1.4367 1 7 3015 
open 1.4348 1 7 3012 
open 1.4283 2 12 6029 
open 1.4206 2 13 6016 
open 1.4208 1 7 3016 
open 1.4286 1 7 3010 
open 1.4287 1 6 3008 
open 1.4298 1 7 3024 
open 1.4150 3 21 16231 
open 1.4326 1 6 3011 
open 1.4430 1 7 3006 
open 1.4573 1 6 3011 
open 1.4718 1 7 3011 
open 1.4917 1 6 3012 
open 1.5211 1 6 3005 
open 1.5309 1 7 3010 
open 1.5210 2 13 7395 
open 1.5225 1 7 4391 
open 1.5469 1 7 3010 
open 1.5284 1 6 3006 
open 1.5190 1 7 3012 
open 1.5378 1 7 3010 
open 1.5285 1 7 3014 
open 1.5213 3 18 9036 
open 1.5369 1 7 3006 
open 1.5441 2 11 6012 
open 1.5436 1 6 3013 
open 1.5490 1 6 3009 
open 1.5461 1 6 2957 
open 1.5445 1 7 3011 
open 1.5434 1 5 3017 
open 1.5400 1 7 3012 
open 1.5352 2 10 6018 
open 1.5290 1 7 3013 
open 1.5120 1 6 3012 
open 1.4964 1 7 3016 
open 1.4927 1 6 3006 
open 1.4626 1 7 3012 
open 1.4431 1 7 3013 
open 1.4357 1 6 3009 
open 1.4189 1 7 3009 
open 1.4259 1 6 3008 
open 1.4381 1 7 3010 
open 1.4428 1 7 3020 
open 1.4515 1 7 3006 
open 1.4384 1 5 3010 
open 1.4329 1 6 3010 
open 1.4588 1 4 3007 
open 1.4495 1 7 3008 
open 1.4451 1 5 3024 
open 1.4322 1 7 3014 
open 1.4473 2 13 6014 
open 1.4288 2 12 6021 
open 1.4423 1 6 3008 
open 1.4167 1 6 3007 
open 1.4131 2 14 6021 
open 1.3858 1 7 3006 
open 1.3875 1 6 3006 
open 1.3784 1 7 3066 
open 1.3764 2 10 6010 
open 1.3368 1 5 3003 
open 1.4006 1 6 3007 
open 1.4511 1 7 3010 
open 1.4773 2 12 6009 
open 1.4939 1 7 3010 
open 1.4866 1 6 3002 
open 1.4197 1 7 5829 
open 1.4492 1 7 3016 
open 1.4779 2 13 6013 
open 1.5060 1 5 3003 
open 1.4753 1 5 3002 
open 1.4756 1 6 3004 
open 1.4582 1 6 3009 
open 1.4979 1 5 3005 
open 1.4725 2 10 6004 
open 1.5121 2 13 6018 
open 1.5463 1 5 3007 
open 1.5896 2 8 5944 
open 1.5913 1 6 3004 
open 1.6057 1 5 3001 
open 1.6097 1 6 3006 
open 1.5569 1 5 3002 
open 1.5526 2 11 6012 
open 1.5589 1 6 3005 
open 1.5811 1 6 3006 
open 1.5789 1 6 3004 
open 1.5751 1 5 3004 
open 1.6134 1 6 3005 
open 1.5957 1 6 3004 
open 1.5925 1 6 3003 
open 1.5912 1 5 3004 
open 1.5954 1 6 3005 
open 1.6120 1 6 3004 
open 1.5877 1 5 3001 
open 1.5679 1 5 3002 
open 1.5338 1 5 3003 
open 1.5494 2 11 6004 
open 1.5131 1 4 3000 
open 1.5117 1 5 3001 
open 1.5206 1 4 3000 
open 1.4993 3 16 9025 
open 1.5010 2 11 6022 
open 1.5803 1 3 2999 
open 1.5827 1 4 3073 
open 1.6294 1 4 3003 
open 1.4951 1 3 2999 
open 1.5566 1 4 3000 
open 1.6008 1 6 3003 
open 1.5890 1 3 2999 
open 1.6265 1 4 3000 
open 1.6953 1 4 3004 
open 1.6979 1 6 4613 
open 1.7144 1 5 4680 
open 1.5987 1 4 3001 
open 1.6117 1 3 2999 
open 1.6283 1 3 2999 
open 1.6035 1 3 2999 
open 1.6036 1 5 3002 
open 1.5904 1 5 3002 
open 1.5968 1 3 2999 
open 1.6242 1 4 3000 
open 1.6277 1 4 3001 
open 1.6558 1 4 2940 
open 1.6704 1 5 3003 
open 1.6416 1 5 3003 
open 1.6109 1 3 2999 
open 1.6000 1 3 3000 
open 1.5646 1 6 3006 
open 1.5832 1 5 3001 
open 1.5742 1 5 3004 
open 1.5613 1 4 3000 
open 1.5478 1 4 3000 
open 1.5535 1 5 3002 
open 1.6193 1 6 3005 
open 1.6310 1 5 3002 
open 1.6228 1 3 2999 
open 1.5823 1 5 3001 
open 1.5711 2 9 6001 
open 1.5317 1 4 3001 
open 1.5565 1 3 2999 
open 1.5528 1 4 3002 
open 1.5683 2 12 7259 
open 1.5721 1 4 3000 
open 1.5805 1 4 3000 
open 1.5815 1 4 3001 
open 1.5585 1 6 3004 
open 1.5319 1 6 3002 
open 1.5661 1 5 3061 
open 1.5752 1 4 3000 
open 1.5687 1 3 3000 
open 1.5730 1 5 3001 
open 1.5621 1 3 3027 
open 1.5822 1 3 2999 
open 1.5776 1 5 3005 
open 1.5642 1 3 2999 
open 1.5424 1 6 3003 
open 1.4984 1 7 4623 
open 1.4924 1 3 2999 
open 1.5054 1 4 3000 
open 1.4953 1 5 3001 
open 1.4765 1 4 3000 
open 1.4714 1 5 3001 
open 1.4096 1 6 3003 
open 1.3956 1 6 3004 
open 1.3951 2 9 6001 
open 1.3707 1 4 2940 
open 1.3675 2 10 6005 
open 1.3412 2 11 6016 
open 1.3631 1 5 3003 
open 1.3400 1 7 3005 
open 1.3381 1 6 3006 
open 1.3287 1 3 2999 
open 1.2897 1 5 3002 
open 1.2667 1 4 3000 
open 1.3176 1 4 3000 
open 1.2895 1 4 3001 
open 1.2540 1 5 3003 
open 1.2628 1 5 3003 
open 1.2610 1 3 2999 
open 1.2838 1 4 3000 
open 1.3296 1 5 3002 
open 1.3105 2 10 6027 
open 1.3450 1 5 3006 
open 1.3534 1 7 3011 
open 1.3578 1 6 3006 
open 1.3294 1 7 3030 
open 1.3386 1 6 3004 
open 1.3498 1 6 3012 
open 1.3289 2 12 6025 
open 1.3339 1 7 3047 
open 1.3591 1 6 3031 
open 1.3982 1 7 3142 
open 1.4051 2 14 8995 
open 1.4056 1 6 3005 
open 1.4185 1 6 3048 
open 1.4182 1 6 3069 
open 1.4155 2 10 6007 
open 1.3867 2 6 5998 
open 1.3775 1 6 3002 
open 1.3679 1 6 3154 
open 1.3314 1 6 3006 
open 1.3444 1 6 3009 
open 1.3319 1 6 3526 
open 1.3128 1 6 3522 
open 1.3285 1 7 3007 
open 1.2836 1 6 3010 
open 1.3270 1 6 3044 
open 1.3637 1 5 3001 
open 1.3691 1 6 3004 
open 1.3346 1 6 3012 
open 1.3521 1 6 3006 
open 1.3419 1 6 3009 
open 1.3500 1 4 3000 
open 1.3771 1 6 3002 
open 1.3911 1 5 2942 
open 1.3746 1 5 3004 
open 1.3701 1 5 3005 
open 1.3930 1 6 3059 
open 1.3696 1 6 3068 
open 1.3958 2 11 6064 
open 1.4121 2 10 6095 
open 1.3783 1 5 3001 
open 1.4301 1 6 3003 
open 1.3986 1 5 3001 
open 1.3978 1 5 3001 
open 1.3891 1 5 3002 
open 1.3486 1 4 3002 
open 1.3459 1 4 3001 
open 1.3682 1 6 3002 
open 1.4075 2 12 6054 
open 1.4147 1 5 3002 
open 1.4261 1 6 3004 
open 1.4126 1 7 3048 
open 1.3859 1 7 3084 
open 1.3481 1 6 3047 
open 1.3592 1 4 3018 
open 1.4038 2 12 6072 
open 1.4023 1 7 3070 
open 1.3939 1 5 3002 
open 1.3947 1 4 3000 
open 1.3953 1 5 3017 
open 1.3808 1 5 3002 
open 1.4028 1 4 3000 
open 1.3739 1 6 3065 
open 1.3530 1 6 3003 
open 1.3473 1 5 3003 
open 1.3451 1 6 3693 
open 1.3193 1 7 3013 
open 1.2980 1 7 3004 
open 1.2937 1 5 3001 
open 1.3149 1 5 3003 
open 1.3116 1 6 3005 
open 1.3185 1 4 3002 
open 1.3110 1 6 3005 
open 1.3191 1 5 3002 
open 1.3391 1 6 3006 
open 1.2928 1 6 3018 
open 1.3115 1 6 2945 
open 1.3260 1 6 3018 
open 1.3133 1 5 3001 
open 1.2981 1 5 3002 
open 1.3023 1 6 3007 
open 1.3044 1 6 3004 
open 1.2978 1 3 3001 
open 1.2818 1 6 3007 
open 1.2943 1 6 3005 
open 1.2760 1 6 3008 
open 1.2919 1 6 3006 
open 1.2824 1 7 3013 
open 1.2912 2 13 6023 
open 1.2791 1 7 3009 
open 1.2755 1 7 3008 
open 1.2526 1 6 3014 
open 1.2437 1 7 3006 
open 1.2326 1 6 3003 
open 1.2331 1 6 3006 
open 1.2351 1 4 3001 
open 1.2219 1 7 3014 
open 1.2333 1 7 3009 
open 1.2409 1 7 3022 
open 1.2384 1 7 3029 
open 1.2508 1 7 3007 
open 1.2712 1 7 3008 
open 1.2647 1 5 3004 
open 1.2704 1 7 3019 
open 1.2598 1 6 3025 
open 1.2881 1 7 3071 
open 1.2950 1 6 3011 
open 1.2707 1 6 3011 
open 1.2725 1 6 3003 
open 1.2770 1 7 3016 
open 1.2864 1 7 3012 
open 1.2999 1 6 3009 
open 1.2823 1 7 3007 
open 1.3035 1 7 4782 
open 1.3103 1 6 3008 
open 1.2901 1 5 3003 
open 1.3087 1 7 3007 
open 1.3209 1 6 3004 
open 1.3502 1 7 3010 
open 1.3516 1 5 3003 
open 1.3472 1 6 3006 
open 1.3539 1 5 3003 
open 1.3395 1 5 3002 
open 1.3396 1 7 3006 
open 1.3365 2 10 6005 
open 1.3204 1 4 3000 
open 1.3072 1 6 2952 
open 1.3006 1 6 3010 
open 1.3453 1 6 3004 
open 1.3341 1 5 3004 
open 1.3257 1 6 3012 
open 1.3137 1 6 3006 
open 1.3168 1 5 3003 
open 1.3254 1 6 3005 
open 1.3526 2 13 6009 
open 1.3557 1 5 3008 
open 1.3748 1 7 3125 
open 1.3688 1 5 3008 
open 1.3456 1 6 3730 
open 1.3644 1 7 3016 
open 1.3601 1 7 3008 
open 1.3661 1 7 3013 
open 1.3800 1 7 3014 
open 1.3717 1 7 3010 
open 1.4026 1 7 3012 
open 1.3873 1 7 3039 
open 1.3727 1 7 3007 
open 1.3750 1 6 3011 
open 1.3878 1 7 3010 
open 1.4079 2 14 6024 
open 1.4030 1 7 3016 
open 1.4176 1 6 3066 
open 1.4387 1 6 3008 
open 1.4162 2 14 6070 
open 1.4302 1 7 3024 
open 1.4464 1 7 3008 
open 1.4585 1 6 3010 
open 1.4595 1 7 4456 
open 1.4537 2 14 7825 
open 1.4650 1 6 4444 
open 1.4659 1 7 3013 
open 1.4971 3 21 9053 
open 1.4869 2 13 6028 
open 1.5227 1 7 3010 
open 1.4967 1 7 3015 
open 1.5013 1 7 3018 
open 1.5071 4 27 12062 
open 1.5233 1 7 3013 
open 1.5244 1 6 3010 
open 1.5392 1 5 3005 
open 1.5509 1 6 3008 
open 1.5437 1 7 2951 
open 1.5163 1 7 3019 
open 1.5224 1 7 3014 
open 1.5164 1 7 3017 
open 1.4947 3 18 9033 
open 1.4802 1 7 3013 
open 1.4862 1 7 3008 
open 1.4767 1 7 3012 
open 1.4710 1 7 3023 
open 1.4614 1 6 3012 
open 1.4544 1 7 3015 
open 1.4527 1 7 3015 
open 1.4590 2 13 6024 
open 1.4460 1 7 3010 
open 1.4546 2 14 6066 
open 1.4654 1 7 3018 
open 1.4603 1 7 3031 
open 1.4418 2 13 6141 
open 1.4349 1 7 3073 
open 1.4200 1 6 3015 
open 1.4216 1 7 5957 
open 1.4269 1 7 3101 
open 1.4221 1 7 3032 
open 1.4305 2 13 6022 
open 1.4140 1 6 3017 
open 1.4124 1 6 3047 
open 1.4159 1 7 3046 
open 1.4143 1 7 4786 
open 1.3991 1 7 3046 
open 1.4250 1 7 3041 
open 1.4242 2 12 6049 
open 1.4164 1 7 3047 
open 1.3556 1 6 3033 
open 1.3544 1 6 3012 
open 1.3641 1 7 2950 
open 1.3614 1 5 3004 
open 1.3297 1 6 3007 
open 1.3177 1 7 3004 
open 1.3201 1 7 3011 
open 1.3503 1 5 3005 
open 1.3465 1 6 3008 
open 1.3629 1 5 3004 
open 1.3518 1 4 3005 
open 1.3840 1 6 3196 
open 1.3913 1 6 3003 
open 1.3819 1 5 3009 
open 1.3767 1 5 3003 
open 1.3890 2 11 6801 
open 1.3994 1 6 3004 
open 1.4017 1 7 3010 
open 1.4304 1 5 3003 
open 1.4360 1 4 3002 
open 1.4467 1 6 3006 
open 1.4397 1 5 3003 
open 1.5368 1 5 3002 
open 1.4961 1 4 3003 
open 1.4803 2 11 6023 
open 1.4926 1 6 3004 
open 1.5097 1 6 3003 
open 1.4689 1 7 3008 
open 1.4821 1 5 3005 
open 1.4738 2 10 6068 
open 1.4647 1 6 3013 
open 1.4313 1 5 3007 
open 1.4228 2 13 6026 
open 1.4169 1 5 3005 
open 1.4160 1 4 3006 
open 1.4791 1 4 3005 
open 1.5002 1 4 3005 
open 1.5248 1 4 4500 
open 1.5113 1 6 4563 
open 1.5027 1 3 3002 
open 1.5470 1 5 3005 
open 1.5346 1 4 3002 
open 1.5660 1 3 3003 
open 1.5194 1 6 3005 
open 1.4580 1 6 3005 
open 1.4769 1 6 3006 
open 1.4827 1 6 3005 
open 1.4630 1 4 2946 
open 1.4739 2 10 6006 
open 1.4524 1 5 3001 
open 1.4412 1 5 3002 
open 1.4604 2 12 6024 
open 1.4692 1 6 3004 
open 1.4611 1 6 3019 
open 1.4552 1 7 3031 
open 1.4478 1 4 3009 
open 1.4401 1 6 3002 
open 1.4426 1 6 3005 
open 1.4393 1 4 3000 
open 1.4446 1 4 3000 
open 1.4344 1 7 3246 
open 1.4702 1 6 3003 
open 1.4578 1 6 3009 
open 1.4497 1 6 3006 
open 1.4598 1 6 3007 
open 1.4760 1 3 3000 
open 1.4806 1 5 3002 
open 1.4634 1 6 3015 
open 1.4388 1 7 3004 
open 1.4800 1 6 3014 
open 1.4640 1 4 3011 
open 1.4416 1 4 3011 
open 1.4303 1 4 3012 
open 1.3952 1 6 3013 
open 1.4194 1 6 3494 
open 1.4077 1 5 3014 
open 1.3828 1 7 3016 
open 1.3850 1 6 3016 
open 1.4171 1 6 3017 
open 1.4296 1 7 3018 
open 1.4433 1 6 2958 
open 1.4465 1 7 3008 
open 1.4358 1 6 3006 
open 1.4826 1 6 3006 
open 1.4977 2 11 6005 
open 1.4915 1 7 3008 
open 1.5096 1 6 3008 
open 1.5115 1 6 3012 
open 1.5044 2 12 6021 
open 1.5162 1 6 3007 
open 1.4830 1 6 3009 
open 1.4772 1 7 3008 
open 1.4936 1 7 3010 
open 1.4683 1 7 3009 
open 1.4810 2 12 6891 
open 1.4587 1 5 3004 
open 1.4566 1 6 3005 
open 1.4893 1 6 3004 
open 1.4968 1 7 3009 
open 1.4574 1 7 3010 
open 1.4564 1 7 3006 
open 1.4664 2 13 6020 
open 1.4780 1 7 3006 
open 1.4717 1 7 3012 
open 1.4903 1 6 3074 
open 1.5012 1 7 3023 
open 1.5020 1 6 3016 
open 1.5003 1 6 3696 
open 1.5180 1 7 3041 
open 1.5014 3 20 9046 
open 1.5103 1 7 3020 
open 1.5245 1 6 4522 
open 1.5040 1 7 4937 
open 1.5085 2 13 5977 
open 1.5239 1 5 3012 
open 1.5295 1 7 3184 
open 1.5459 1 6 3037 
open 1.5547 1 7 3009 
open 1.5598 1 7 3005 
open 1.6044 1 5 3006 
open 1.6055 1 7 3008 
open 1.6007 1 6 2944 
open 1.5978 1 6 3008 
open 1.5567 1 7 3013 
open 1.5532 1 6 3004 
open 1.5399 1 5 3079 
open 1.5366 1 6 3005 
open 1.5217 1 6 3005 
open 1.5107 1 7 3079 
open 1.5028 1 7 3008 
open 1.5177 1 6 3009 
open 1.5376 1 3 3000 
open 1.5382 1 6 3014 
open 1.5367 1 7 3016 
open 1.5144 1 6 3020 
open 1.4812 1 7 3019 
open 1.5090 1 6 3017 
open 1.5116 1 6 3019 
open 1.5260 1 6 3020 
open 1.5140 1 7 3016 
open 1.5145 1 6 3014 
open 1.5242 1 7 3020 
open 1.4876 1 5 3013 
open 1.4871 1 7 3025 
open 1.4940 1 6 3014 
open 1.5119 1 5 3013 
open 1.5038 1 7 3019 
open 1.5156 1 6 3013 
open 1.5301 1 7 3204 
open 1.5487 1 7 3197 
open 1.5629 1 7 3008 
open 1.5187 1 5 3011 
open 1.5136 1 7 3009 
open 1.5169 1 7 3027 
open 1.5171 1 6 3019 
open 1.4995 1 7 3024 
open 1.4982 1 7 3012 
open 1.5095 1 6 3006 
open 1.5074 2 13 6029 
open 1.5125 1 7 3015 
open 1.4952 1 7 3014 
open 1.5084 1 7 3020 
open 1.4960 1 7 3018 
open 1.5065 1 5 3008 
open 1.5070 1 6 3016 
open 1.4969 1 6 3010 
open 1.4976 1 6 3013 
open 1.4789 1 6 3018 
open 1.4707 1 7 3015 
hight 1.4416 1 7 3481 
hight 1.4302 1 7 3399 
hight 1.4334 2 13 6299 
hight 1.4139 2 13 6910 
hight 1.4162 3 20 12038 
hight 1.4194 1 7 3584 
hight 1.4243 1 7 3771 
hight 1.4150 3 21 16708 
hight 1.4504 4 26 15444 
hight 1.4488 2 14 6439 
hight 1.4276 1 7 3240 
hight 1.4279 1 7 3530 
hight 1.4181 1 7 3465 
hight 1.4277 2 12 6364 
hight 1.3951 1 7 4274 
hight 1.4018 1 7 3189 
hight 1.3975 1 7 3534 
hight 1.3811 2 13 6542 
hight 1.3707 1 7 3485 
hight 1.3696 1 7 3449 
hight 1.3362 1 7 3719 
hight 1.3255 1 7 3406 
hight 1.3095 1 7 3331 
hight 1.3240 1 7 3313 
hight 1.3133 2 13 6316 
hight 1.3097 1 7 3302 
hight 1.3031 2 14 6784 
hight 1.3258 1 7 3549 
hight 1.3546 1 7 3817 
hight 1.3556 1 7 4014 
hight 1.3618 2 14 7028 
hight 1.3919 1 7 4237 
hight 1.4208 1 7 4029 
hight 1.4307 1 7 4492 
hight 1.4217 1 7 4307 
hight 1.4354 1 7 4033 
hight 1.4635 2 13 7341 
hight 1.4645 1 7 3724 
hight 1.4536 1 7 4156 
hight 1.4465 1 7 4022 
hight 1.4316 2 14 6654 
hight 1.4288 1 7 3544 
hight 1.4345 2 13 6505 
hight 1.4500 2 11 6411 
hight 1.4450 1 7 3548 
hight 1.4106 2 14 8723 
hight 1.4115 1 7 4995 
hight 1.4116 1 7 4832 
hight 1.4095 1 7 4675 
hight 1.4222 1 7 4912 
hight 1.4229 1 7 6124 
hight 1.4165 1 7 8359 
hight 1.4455 1 7 5190 
hight 1.4309 2 14 9946 
hight 1.4331 1 7 5092 
hight 1.3958 1 7 5185 
hight 1.4022 1 7 5353 
hight 1.3967 2 13 8272 
hight 1.4003 1 7 4866 
hight 1.3953 1 7 4752 
hight 1.3984 1 7 4933 
hight 1.4101 1 7 4869 
hight 1.3999 1 7 4878 
hight 1.4092 2 12 8396 
hight 1.4062 3 18 11550 
hight 1.4058 1 7 5686 
hight 1.4403 1 7 5740 
hight 1.4327 2 14 8223 
hight 1.4255 1 7 5082 
hight 1.4256 2 12 8271 
hight 1.4426 2 14 8043 
hight 1.4577 1 7 4977 
hight 1.4762 1 7 5093 
hight 1.4902 1 7 5047 
hight 1.5110 1 7 4543 
hight 1.5120 2 14 7928 
hight 1.5596 1 7 5072 
hight 1.5827 2 14 10727 
hight 1.5872 1 7 4237 
hight 1.5748 1 7 4427 
hight 1.5444 1 7 4930 
hight 1.5469 3 20 10615 
hight 1.5403 2 14 8995 
hight 1.5497 1 7 5182 
hight 1.5698 2 14 7977 
hight 1.5589 1 7 5021 
hight 1.5632 2 14 8103 
hight 1.5704 2 13 8225 
hight 1.5764 1 7 5526 
hight 1.5614 1 7 5713 
hight 1.5427 1 7 5843 
hight 1.5634 1 7 5861 
hight 1.5993 1 7 5401 
hight 1.6102 2 14 9417 
hight 1.5921 1 7 5655 
hight 1.5669 2 12 9027 
hight 1.5875 1 7 5885 
hight 1.6097 1 7 5131 
hight 1.6012 2 14 8552 
hight 1.6538 1 7 7464 
hight 1.6519 1 7 6128 
hight 1.6456 2 14 8018 
hight 1.6445 2 11 8212 
hight 1.6635 1 7 5527 
hight 1.6636 1 7 5201 
hight 1.6559 1 7 5389 
hight 1.6484 1 7 5458 
hight 1.6328 1 7 5085 
hight 1.6250 2 14 8393 
hight 1.6289 1 7 5102 
hight 1.6303 1 7 4649 
hight 1.5825 2 14 9013 
hight 1.6121 1 7 4547 
hight 1.6153 1 7 4309 
hight 1.5961 1 7 5111 
hight 1.6152 1 7 4498 
hight 1.6056 1 7 4466 
hight 1.5995 1 7 4155 
hight 1.6386 2 13 7348 
hight 1.6350 1 7 4020 
hight 1.6015 1 7 4272 
hight 1.5983 1 7 4468 
hight 1.5815 1 7 4207 
hight 1.5670 1 7 4443 
hight 1.5640 2 14 8513 
hight 1.5760 2 14 8140 
hight 1.6060 1 7 3815 
hight 1.6165 1 7 4057 
hight 1.6019 1 7 4072 
hight 1.5997 1 7 3949 
hight 1.5333 1 7 4359 
hight 1.5366 1 7 3799 
hight 1.5470 1 7 3969 
hight 1.5583 2 10 6787 
hight 1.5782 1 7 3804 
hight 1.5846 3 16 9951 
hight 1.5796 3 17 10067 
hight 1.5548 1 7 3935 
hight 1.5483 1 7 4119 
hight 1.5313 1 7 4187 
hight 1.5558 1 7 3775 
hight 1.5590 1 7 3841 
hight 1.5713 1 7 3996 
hight 1.6037 1 7 3794 
hight 1.6371 1 7 3727 
hight 1.6633 1 7 3909 
hight 1.6408 1 7 5970 
hight 1.6417 1 7 5895 
hight 1.6391 1 7 3030 
hight 1.6387 1 7 3032 
hight 1.6701 2 14 6045 
hight 1.6810 1 7 3032 
hight 1.6946 1 7 3047 
hight 1.6947 1 7 3032 
hight 1.6969 1 7 3026 
hight 1.6881 1 7 3030 
hight 1.6498 1 7 3034 
hight 1.6462 1 7 3032 
hight 1.6514 1 7 3031 
hight 1.6288 1 7 3031 
hight 1.6166 1 7 3037 
hight 1.6235 1 7 3016 
hight 1.6188 1 7 3027 
hight 1.6609 1 7 3033 
hight 1.6749 1 7 3034 
hight 1.6802 1 7 3021 
hight 1.6685 1 7 3033 
hight 1.6758 1 7 3016 
hight 1.6779 1 7 3012 
hight 1.6668 1 7 3009 
hight 1.6650 1 7 3012 
hight 1.6529 1 7 3016 
hight 1.6373 1 7 3014 
hight 1.6395 1 7 3017 
hight 1.6398 1 7 3013 
hight 1.6248 1 7 3018 
hight 1.6115 1 7 3017 
hight 1.6202 1 7 3012 
hight 1.6323 3 18 9021 
hight 1.6136 1 7 3012 
hight 1.6067 1 7 3015 
hight 1.5978 1 7 3015 
hight 1.5902 1 7 3017 
hight 1.5874 1 7 3014 
hight 1.5790 1 7 3012 
hight 1.5564 1 7 3013 
hight 1.5772 1 7 3015 
hight 1.5781 1 7 3011 
hight 1.5644 2 12 6078 
hight 1.5605 1 7 3015 
hight 1.5581 1 7 3014 
hight 1.5836 1 7 3014 
hight 1.6500 1 7 3011 
hight 1.6523 1 7 3015 
hight 1.6623 1 7 4333 
hight 1.6011 1 7 3010 
hight 1.6142 1 6 3009 
hight 1.6217 2 13 6024 
hight 1.6174 1 6 3005 
hight 1.6078 1 6 3004 
hight 1.6299 1 6 3009 
hight 1.6541 1 5 3005 
hight 1.6258 1 5 3003 
hight 1.6179 1 5 3008 
hight 1.5847 1 6 2954 
hight 1.5812 2 11 6014 
hight 1.6059 1 6 3010 
hight 1.6276 1 7 3016 
hight 1.6252 2 13 6011 
hight 1.6247 1 6 3010 
hight 1.6219 1 6 3004 
hight 1.6073 2 11 5945 
hight 1.6005 1 6 3010 
hight 1.5948 1 5 3005 
hight 1.5389 1 7 3006 
hight 1.5130 2 12 6018 
hight 1.5069 2 12 6013 
hight 1.4903 1 7 3008 
hight 1.4841 1 6 3004 
hight 1.4750 1 7 3008 
hight 1.4889 2 13 6019 
hight 1.4985 2 12 6015 
hight 1.5131 2 13 5957 
hight 1.5086 1 6 3006 
hight 1.4904 3 18 9078 
hight 1.4753 1 6 3007 
hight 1.4941 2 14 6018 
hight 1.4874 1 7 3010 
hight 1.4563 1 6 3019 
hight 1.4304 2 13 6015 
hight 1.4199 1 6 3005 
hight 1.4400 1 6 3008 
hight 1.4347 1 6 3006 
hight 1.4275 1 6 3004 
hight 1.4270 1 5 3066 
hight 1.4251 1 7 3011 
hight 1.4029 1 5 3004 
hight 1.3906 1 6 3011 
hight 1.3782 1 7 3009 
hight 1.3796 1 7 3008 
hight 1.4046 1 7 3004 
hight 1.3938 1 6 3018 
hight 1.3961 1 7 3012 
hight 1.4207 1 6 3010 
hight 1.4112 2 11 6012 
hight 1.4245 1 7 3006 
hight 1.4185 1 7 3008 
hight 1.3866 1 7 3016 
hight 1.3836 1 6 3010 
hight 1.3789 2 14 6016 
hight 1.3765 2 14 6135 
hight 1.3726 1 7 3011 
hight 1.3909 1 7 3013 
hight 1.4221 1 7 3006 
hight 1.4148 1 5 2948 
hight 1.4359 1 7 3011 
hight 1.4296 1 7 3008 
hight 1.4108 1 6 3007 
hight 1.4160 2 13 6015 
hight 1.4167 1 7 3006 
hight 1.4377 2 14 6013 
hight 1.4453 1 6 3015 
hight 1.4320 1 7 3008 
hight 1.4287 1 7 3012 
hight 1.4203 1 7 3010 
hight 1.4303 3 17 9037 
hight 1.4468 1 7 3011 
hight 1.4472 1 7 3019 
hight 1.4470 2 13 6025 
hight 1.4583 1 6 3007 
hight 1.4464 1 7 3015 
hight 1.4299 2 13 6018 
hight 1.4274 1 7 3009 
hight 1.4261 2 14 6050 
hight 1.4343 1 7 3010 
hight 1.4290 1 7 3010 
hight 1.4332 2 12 6024 
hight 1.4318 1 7 3024 
hight 1.4350 1 7 3070 
hight 1.4521 1 6 3011 
hight 1.4632 1 7 3006 
hight 1.4734 1 6 3011 
hight 1.4937 1 7 3011 
hight 1.5287 1 6 3012 
hight 1.5336 1 6 3005 
hight 1.5312 1 7 3010 
hight 1.5260 1 7 4388 
hight 1.5488 2 14 7402 
hight 1.5500 1 7 3010 
hight 1.5314 1 6 3006 
hight 1.5431 1 7 3012 
hight 1.5397 1 7 3010 
hight 1.5447 1 7 3014 
hight 1.5472 1 6 3005 
hight 1.5391 1 6 3012 
hight 1.5459 1 7 3006 
hight 1.5541 1 7 3011 
hight 1.5533 1 6 3013 
hight 1.5680 1 6 3009 
hight 1.5507 1 6 2957 
hight 1.5499 1 5 3017 
hight 1.5426 1 7 3012 
hight 1.5405 1 7 3016 
hight 1.5325 1 7 3013 
hight 1.5132 2 11 6025 
hight 1.5077 1 7 3016 
hight 1.4967 1 6 3006 
hight 1.4641 3 20 9030 
hight 1.4448 1 7 3013 
hight 1.4371 1 6 3009 
hight 1.4412 1 7 3009 
hight 1.4440 1 6 3008 
hight 1.4460 1 7 3010 
hight 1.4542 1 7 3020 
hight 1.4588 1 7 3006 
hight 1.4625 1 4 3007 
hight 1.4534 1 7 3008 
hight 1.4547 1 5 3024 
hight 1.4493 2 13 6028 
hight 1.4532 2 10 6009 
hight 1.4593 1 6 3007 
hight 1.4471 1 6 3008 
hight 1.4225 1 6 3007 
hight 1.4257 1 6 3007 
hight 1.3922 1 7 3006 
hight 1.3969 2 13 6016 
hight 1.3855 1 7 3066 
hight 1.3810 1 6 3009 
hight 1.4124 1 5 3003 
hight 1.4574 2 12 6009 
hight 1.4842 1 7 3010 
hight 1.4978 1 6 3003 
hight 1.5025 1 7 3010 
hight 1.4949 2 12 6016 
hight 1.4523 1 7 4390 
hight 1.4821 3 19 9908 
hight 1.5186 1 7 3006 
hight 1.5196 1 4 3000 
hight 1.5074 1 5 3003 
hight 1.4955 1 5 3002 
hight 1.4773 2 13 6027 
hight 1.4983 1 6 3009 
hight 1.5068 1 5 3005 
hight 1.5176 1 6 3004 
hight 1.5362 1 6 3003 
hight 1.5932 1 5 3007 
hight 1.6319 1 5 2943 
hight 1.6034 1 4 3000 
hight 1.6154 1 5 3001 
hight 1.6263 1 6 3006 
hight 1.5681 1 5 3002 
hight 1.5598 1 4 3001 
hight 1.5656 2 13 6016 
hight 1.6143 1 7 3005 
hight 1.5916 1 6 3006 
hight 1.5930 2 9 6031 
hight 1.6173 1 5 3004 
hight 1.6176 2 9 6004 
hight 1.6096 1 6 3004 
hight 1.5988 2 9 6003 
hight 1.6137 2 9 6004 
hight 1.6197 1 6 3005 
hight 1.5950 1 5 3001 
hight 1.5711 1 5 3002 
hight 1.5529 1 4 3000 
hight 1.5316 1 4 3000 
hight 1.5468 1 5 3001 
hight 1.5290 1 4 3000 
hight 1.5106 1 4 3000 
hight 1.6108 1 3 2999 
hight 1.6335 1 4 3073 
hight 1.6367 1 4 3003 
hight 1.5348 1 3 2999 
hight 1.5652 2 10 6004 
hight 1.6209 1 4 3000 
hight 1.6066 1 6 3003 
hight 1.6475 1 3 2999 
hight 1.6999 1 4 3000 
hight 1.7490 1 4 3004 
hight 1.7501 1 6 4613 
hight 1.7232 1 5 4680 
hight 1.6432 1 4 3001 
hight 1.6641 1 3 2999 
hight 1.6488 1 3 2999 
hight 1.6287 1 4 3000 
hight 1.6107 1 3 2999 
hight 1.6238 1 5 3002 
hight 1.6138 1 5 3002 
hight 1.6362 1 3 2999 
hight 1.6561 1 4 3001 
hight 1.6966 1 3 2999 
hight 1.6772 1 4 2940 
hight 1.6827 1 5 3003 
hight 1.6435 1 5 3003 
hight 1.6194 1 3 3000 
hight 1.6038 1 3 3001 
hight 1.5925 1 6 3006 
hight 1.6004 1 5 3001 
hight 1.5615 1 4 3000 
hight 1.5770 1 4 3000 
hight 1.5739 1 5 3002 
hight 1.6241 1 3 3000 
hight 1.6324 1 6 3005 
hight 1.6320 1 3 2999 
hight 1.5927 1 5 3001 
hight 1.5734 1 5 3001 
hight 1.5490 1 4 3001 
hight 1.5601 1 4 3001 
hight 1.5695 1 3 2999 
hight 1.5901 1 5 3001 
hight 1.5889 1 4 3000 
hight 1.6090 1 4 3000 
hight 1.5878 1 4 3001 
hight 1.5682 2 13 6007 
hight 1.5941 1 5 3061 
hight 1.5996 1 4 3000 
hight 1.5786 1 5 3001 
hight 1.6006 2 9 6007 
hight 1.5944 1 5 3005 
hight 1.5683 1 3 2999 
hight 1.5105 1 6 4623 
hight 1.5171 1 7 4623 
hight 1.5084 1 3 2999 
hight 1.5082 1 4 3000 
hight 1.5028 1 4 3000 
hight 1.4995 1 5 3001 
hight 1.4832 2 11 6009 
hight 1.4717 1 5 3001 
hight 1.4385 2 9 6016 
hight 1.4433 1 6 3005 
hight 1.4145 2 13 6051 
hight 1.4099 1 6 3004 
hight 1.3990 2 10 6009 
hight 1.3818 1 4 2940 
hight 1.3770 1 4 3000 
hight 1.3753 1 5 3003 
hight 1.3730 1 5 3003 
hight 1.3468 1 7 3005 
hight 1.3543 1 6 3006 
hight 1.3495 2 8 6005 
hight 1.2938 1 5 3002 
hight 1.3471 1 4 3000 
hight 1.3194 1 4 3000 
hight 1.2907 2 7 6000 
hight 1.2699 1 5 3003 
hight 1.2774 1 5 3003 
hight 1.3421 1 4 3000 
hight 1.3327 1 5 3002 
hight 1.3688 1 4 3001 
hight 1.3578 1 7 3007 
hight 1.3684 2 13 6165 
hight 1.3583 1 6 3006 
hight 1.3486 1 7 3030 
hight 1.3559 1 6 3004 
hight 1.3580 1 6 3012 
hight 1.3367 1 7 3021 
hight 1.4019 1 6 3031 
hight 1.4137 1 7 3142 
hight 1.4220 1 7 3158 
hight 1.4262 1 6 3069 
hight 1.4317 1 6 3006 
hight 1.3877 1 3 2999 
hight 1.3996 1 6 3002 
hight 1.3464 1 6 3006 
hight 1.3573 1 6 3013 
hight 1.3452 1 6 3009 
hight 1.3358 1 6 3526 
hight 1.3371 1 6 3522 
hight 1.3290 1 7 3007 
hight 1.3368 1 6 3010 
hight 1.3670 1 6 3044 
hight 1.3772 2 11 6066 
hight 1.3717 1 6 3004 
hight 1.3656 1 7 3010 
hight 1.3536 1 6 3012 
hight 1.3706 1 6 3006 
hight 1.3622 1 6 3009 
hight 1.3830 1 4 3000 
hight 1.3973 1 6 3002 
hight 1.3939 1 5 2942 
hight 1.3801 2 11 6012 
hight 1.3983 2 10 6022 
hight 1.3982 1 6 3068 
hight 1.4166 1 4 3009 
hight 1.3870 1 5 3001 
hight 1.3880 2 10 6038 
hight 1.4023 1 4 3001 
hight 1.4365 2 11 6009 
hight 1.4373 1 6 3003 
hight 1.4155 1 5 3001 
hight 1.4114 1 5 3264 
hight 1.3921 1 5 3002 
hight 1.3655 1 4 3002 
hight 1.3703 2 11 6011 
hight 1.3767 1 6 3002 
hight 1.4233 1 4 3000 
hight 1.4306 1 5 3002 
hight 1.3929 1 7 3084 
hight 1.3708 2 12 6050 
hight 1.3980 1 4 3018 
hight 1.4126 1 5 3044 
hight 1.4077 1 5 3028 
hight 1.4081 1 7 3070 
hight 1.4170 1 5 3002 
hight 1.4069 1 5 3002 
hight 1.4054 1 4 3000 
hight 1.3549 1 5 3003 
hight 1.3478 1 6 3693 
hight 1.3329 3 17 9452 
hight 1.3227 1 7 3013 
hight 1.3092 1 7 3004 
hight 1.3177 1 5 3001 
hight 1.3236 1 5 3003 
hight 1.3205 1 6 3005 
hight 1.3254 1 4 3002 
hight 1.3212 1 6 3005 
hight 1.3475 1 5 3002 
hight 1.3395 1 6 3006 
hight 1.3201 1 5 3005 
hight 1.3165 1 6 3018 
hight 1.3285 1 6 2945 
hight 1.3139 2 13 7808 
hight 1.3172 1 5 3001 
hight 1.3122 1 5 3002 
hight 1.3077 1 6 3004 
hight 1.3035 1 3 3001 
hight 1.3059 1 6 3007 
hight 1.2964 1 6 3005 
hight 1.3030 1 6 3008 
hight 1.2945 1 6 3006 
hight 1.3004 1 7 3013 
hight 1.2958 1 6 3006 
hight 1.2972 2 14 6080 
hight 1.2761 1 7 3008 
hight 1.2534 1 6 3014 
hight 1.2445 1 7 3006 
hight 1.2446 1 6 3003 
hight 1.2438 1 6 3006 
hight 1.2361 1 4 3001 
hight 1.2336 1 7 3014 
hight 1.2494 1 7 3009 
hight 1.2490 1 7 3022 
hight 1.2524 1 7 3029 
hight 1.2796 1 7 3007 
hight 1.2745 1 7 3008 
hight 1.2730 1 5 3004 
hight 1.2801 1 7 3019 
hight 1.2916 1 6 3025 
hight 1.3008 1 7 3017 
hight 1.3018 1 6 3011 
hight 1.2769 1 6 3011 
hight 1.2824 1 6 3003 
hight 1.2908 1 7 3016 
hight 1.3013 1 6 3009 
hight 1.3040 1 7 3007 
hight 1.3181 2 12 6079 
hight 1.3135 1 6 3008 
hight 1.3257 1 7 3007 
hight 1.3597 1 6 3004 
hight 1.3558 1 5 3003 
hight 1.3567 1 6 3006 
hight 1.3620 1 5 3003 
hight 1.3489 1 5 3002 
hight 1.3534 1 7 3006 
hight 1.3400 1 5 3003 
hight 1.3340 1 4 3000 
hight 1.3078 1 6 2952 
hight 1.3312 1 6 3010 
hight 1.3482 1 5 3004 
hight 1.3519 1 6 3004 
hight 1.3380 1 5 3004 
hight 1.3235 1 6 3006 
hight 1.3283 1 5 3003 
hight 1.3433 1 6 3005 
hight 1.3537 1 5 3002 
hight 1.3633 1 6 3003 
hight 1.3690 1 5 3008 
hight 1.3711 1 5 3008 
hight 1.3705 1 6 3730 
hight 1.3700 1 7 3016 
hight 1.3673 1 7 3008 
hight 1.3822 1 7 3013 
hight 1.3916 1 7 3014 
hight 1.4122 2 11 6028 
hight 1.4059 1 7 3012 
hight 1.3944 1 6 3011 
hight 1.4079 1 7 3013 
hight 1.4107 1 7 3011 
hight 1.4186 2 14 6056 
hight 1.4436 1 6 3066 
hight 1.4407 1 6 3008 
hight 1.4132 1 7 3013 
hight 1.4184 1 7 3027 
hight 1.4324 1 7 3031 
hight 1.4508 1 7 3024 
hight 1.4657 1 6 3010 
hight 1.4697 1 7 4456 
hight 1.4810 1 7 4750 
hight 1.4673 1 6 4444 
hight 1.4982 2 14 6022 
hight 1.4987 1 7 3009 
hight 1.5289 1 6 3012 
hight 1.5302 2 12 6021 
hight 1.5162 1 7 3015 
hight 1.5098 2 14 6029 
hight 1.5339 1 6 3013 
hight 1.5387 1 7 3013 
hight 1.5460 1 6 3010 
hight 1.5523 1 5 3005 
hight 1.5582 1 6 3008 
hight 1.5437 1 7 2951 
hight 1.5241 1 6 3007 
hight 1.5245 2 13 7581 
hight 1.5265 1 7 3019 
hight 1.5301 1 7 3014 
hight 1.5255 2 12 6022 
hight 1.5231 1 7 3017 
hight 1.4988 1 7 3014 
hight 1.4957 1 7 3019 
hight 1.4950 1 7 3008 
hight 1.4767 1 7 3012 
hight 1.4634 1 6 3012 
hight 1.4570 1 7 3015 
hight 1.4648 1 7 3015 
hight 1.4604 1 7 3017 
hight 1.4565 1 7 3010 
hight 1.4674 1 7 3016 
hight 1.4730 1 7 3018 
hight 1.4640 2 14 6077 
hight 1.4573 1 7 3017 
hight 1.4424 1 7 3138 
hight 1.4357 1 7 3073 
hight 1.4384 1 6 3015 
hight 1.4223 2 11 8963 
hight 1.4156 1 7 3081 
hight 1.4308 1 7 3406 
hight 1.4300 1 7 3101 
hight 1.4338 1 7 3032 
hight 1.4330 1 7 3015 
hight 1.4209 1 6 3017 
hight 1.4265 1 7 3044 
hight 1.4196 1 6 3047 
hight 1.4554 1 7 3050 
hight 1.4205 1 7 4786 
hight 1.4117 1 7 5837 
hight 1.4157 2 13 6247 
hight 1.4376 1 7 3046 
hight 1.4486 1 7 4421 
hight 1.4382 2 14 6051 
hight 1.4336 1 7 3047 
hight 1.4168 1 7 3047 
hight 1.3974 1 7 3055 
hight 1.3596 1 6 3033 
hight 1.3744 1 6 3012 
hight 1.3761 1 7 2950 
hight 1.3747 1 5 3004 
hight 1.3547 1 7 3006 
hight 1.3366 1 6 3007 
hight 1.3239 1 7 3004 
hight 1.3699 1 7 3011 
hight 1.3763 1 5 3005 
hight 1.3664 1 5 3004 
hight 1.3908 1 4 3005 
hight 1.3947 1 6 3003 
hight 1.4013 1 5 3009 
hight 1.3959 1 5 3003 
hight 1.4017 1 4 3003 
hight 1.4252 1 6 3004 
hight 1.4188 1 7 3010 
hight 1.4491 1 4 3001 
hight 1.4447 1 5 3003 
hight 1.4533 1 4 3002 
hight 1.4610 1 6 3006 
hight 1.5540 1 5 3003 
hight 1.5423 1 5 3002 
hight 1.4969 2 11 6011 
hight 1.5055 1 4 3002 
hight 1.5075 1 6 3004 
hight 1.5152 1 6 3006 
hight 1.5116 1 6 3003 
hight 1.4893 1 7 3008 
hight 1.4884 1 5 3005 
hight 1.4661 2 12 6028 
hight 1.4834 1 6 3007 
hight 1.5195 1 4 3005 
hight 1.5317 1 4 3005 
hight 1.5291 1 4 4500 
hight 1.5550 1 3 3002 
hight 1.5956 1 5 3005 
hight 1.6100 1 3 3001 
hight 1.5439 2 9 6081 
hight 1.5708 1 3 3002 
hight 1.5910 1 3 3003 
hight 1.5527 1 4 3003 
hight 1.5262 1 6 3005 
hight 1.4823 1 6 3005 
hight 1.5010 1 6 3006 
hight 1.4852 1 6 3005 
hight 1.4833 1 4 2946 
hight 1.5026 1 4 3000 
hight 1.5014 1 4 3000 
hight 1.4676 1 5 3001 
hight 1.4457 1 5 3002 
hight 1.4652 1 5 3002 
hight 1.4761 1 6 3004 
hight 1.4777 1 7 3019 
hight 1.4636 1 6 3019 
hight 1.4723 1 7 3031 
hight 1.4506 1 4 3009 
hight 1.4466 1 6 3005 
hight 1.4562 1 7 3246 
hight 1.4719 1 7 3005 
hight 1.4729 1 6 3003 
hight 1.4609 1 6 3009 
hight 1.4669 1 6 3006 
hight 1.4619 1 6 3007 
hight 1.4680 1 6 3007 
hight 1.4813 1 6 3008 
hight 1.4868 1 3 3000 
hight 1.4918 1 7 3006 
hight 1.4857 1 5 3002 
hight 1.4890 1 6 3007 
hight 1.4575 1 7 3004 
hight 1.4818 1 7 3075 
hight 1.5275 1 4 3011 
hight 1.4445 1 4 3011 
hight 1.4313 1 4 3012 
hight 1.4027 1 6 3013 
hight 1.4198 1 7 3798 
hight 1.4312 1 6 3494 
hight 1.4049 1 4 3010 
hight 1.4014 1 4 3011 
hight 1.4127 1 5 3013 
hight 1.3957 1 7 3016 
hight 1.4091 1 6 3016 
hight 1.4232 1 6 3020 
hight 1.4414 1 6 3017 
hight 1.4441 1 7 3018 
hight 1.4589 1 6 2958 
hight 1.4353 1 6 3007 
hight 1.4997 1 6 3006 
hight 1.5148 1 6 3004 
hight 1.5099 1 7 3008 
hight 1.5209 1 6 3008 
hight 1.5134 2 12 6026 
hight 1.5229 2 12 6703 
hight 1.4911 1 6 3009 
hight 1.4973 1 7 3010 
hight 1.4679 1 5 3004 
hight 1.4820 1 6 3005 
hight 1.5012 1 6 3004 
hight 1.5046 2 10 6012 
hight 1.4807 1 5 3003 
hight 1.4765 1 7 3010 
hight 1.4755 1 6 3006 
hight 1.4796 1 7 3006 
hight 1.4787 1 6 3011 
hight 1.4835 1 7 3006 
hight 1.5141 1 6 3074 
hight 1.5023 1 7 3023 
hight 1.5024 1 7 3021 
hight 1.5119 1 6 3016 
hight 1.5369 1 7 3041 
hight 1.5177 1 6 3019 
hight 1.5263 1 7 3020 
hight 1.5296 1 6 4522 
hight 1.5137 1 7 4937 
hight 1.5136 1 6 3022 
hight 1.5273 2 13 6035 
hight 1.5321 1 5 3012 
hight 1.5408 1 5 3020 
hight 1.5557 1 7 3184 
hight 1.5597 1 6 3037 
hight 1.5642 2 14 6206 
hight 1.6057 1 5 3003 
hight 1.6116 1 5 3006 
hight 1.6149 1 7 3008 
hight 1.5793 1 4 3000 
hight 1.5628 1 7 3013 
hight 1.5710 1 7 4258 
hight 1.5371 1 6 3005 
hight 1.5224 1 6 3005 
hight 1.5221 1 7 3079 
hight 1.5236 1 7 3008 
hight 1.5358 1 6 3009 
hight 1.5396 1 6 3006 
hight 1.5531 1 7 3004 
hight 1.5436 1 6 3015 
hight 1.5438 1 6 3019 
hight 1.5463 1 6 3014 
hight 1.5375 1 7 3016 
hight 1.5228 1 7 3021 
hight 1.5184 1 6 3020 
hight 1.5102 1 7 3019 
hight 1.5183 1 6 3017 
hight 1.5368 1 6 3020 
hight 1.5257 1 7 3016 
hight 1.5280 1 6 3014 
hight 1.5320 1 7 3020 
hight 1.4939 1 6 3012 
hight 1.5126 1 7 3020 
hight 1.5009 1 5 3071 
hight 1.4999 1 7 3025 
hight 1.5164 1 5 3013 
hight 1.5146 1 7 3022 
hight 1.5304 1 7 3019 
hight 1.5332 1 6 3013 
hight 1.5545 1 7 3204 
hight 1.5180 1 7 3009 
hight 1.5218 1 7 3027 
hight 1.5182 1 6 3019 
hight 1.5112 2 14 6044 
hight 1.5059 1 7 3024 
hight 1.5043 1 7 3012 
hight 1.5219 1 6 3006 
hight 1.5144 2 12 6031 
hight 1.5212 1 7 3015 
hight 1.5057 1 7 3014 
hight 1.5151 1 7 3016 
hight 1.5094 1 7 3021 
hight 1.5179 1 7 3014 
hight 1.5092 1 7 3018 
hight 1.5140 1 5 3008 
hight 1.5081 1 7 3014 
hight 1.5050 1 6 3010 
hight 1.4979 1 6 3013 
hight 1.4800 1 6 3018 
hight 1.4771 1 7 3015 
hight 1.4713 1 7 3009 
hight 1.4705 1 7 3024 
low 1.3873 1 7 3481 
low 1.4040 1 7 3399 
low 1.3983 1 7 3216 
low 1.3723 1 7 3901 
low 1.3914 2 13 6455 
low 1.3784 1 7 3584 
low 1.3795 2 14 8704 
low 1.3863 1 7 3613 
low 1.3999 1 7 3594 
low 1.4097 3 18 9446 
low 1.3923 1 7 3240 
low 1.3864 1 7 3530 
low 1.3774 2 13 6483 
low 1.3791 2 14 8225 
low 1.3669 1 7 4274 
low 1.3635 1 7 3189 
low 1.3585 1 7 3534 
low 1.3599 1 7 3537 
low 1.3483 1 7 3485 
low 1.3289 1 7 3449 
low 1.3113 1 7 3719 
low 1.2911 1 7 3406 
low 1.2756 1 7 3331 
low 1.2887 2 13 6317 
low 1.2965 1 7 3309 
low 1.2750 1 7 3302 
low 1.2604 2 10 6771 
low 1.2959 1 7 3549 
low 1.3164 1 7 3817 
low 1.3329 1 7 4014 
low 1.3360 2 11 6981 
low 1.3398 1 7 4237 
low 1.3847 1 7 4029 
low 1.3905 1 7 4492 
low 1.3733 1 7 4307 
low 1.3731 2 13 7044 
low 1.4080 1 7 4338 
low 1.4274 1 7 3724 
low 1.4302 1 7 4156 
low 1.4266 3 18 10036 
low 1.4066 1 7 3642 
low 1.3939 2 14 6560 
low 1.3974 2 13 6464 
low 1.4234 1 7 3411 
low 1.4017 1 7 3548 
low 1.3883 2 14 6741 
low 1.3953 3 16 11051 
low 1.3962 1 7 4832 
low 1.3893 1 7 4675 
low 1.3976 1 7 4912 
low 1.3959 1 7 6124 
low 1.4003 1 7 8359 
low 1.4137 2 12 8195 
low 1.4009 2 13 8002 
low 1.3981 1 7 5092 
low 1.3646 1 7 4948 
low 1.3598 1 7 5185 
low 1.3812 2 14 8368 
low 1.3782 2 14 8229 
low 1.3729 1 7 4752 
low 1.3837 3 20 10887 
low 1.3788 1 7 4878 
low 1.3849 1 7 4995 
low 1.3926 1 7 5382 
low 1.3917 1 7 5540 
low 1.3918 1 7 5686 
low 1.3947 2 14 8502 
low 1.4044 2 13 8755 
low 1.4034 1 7 5177 
low 1.4011 1 7 5082 
low 1.4092 3 21 11721 
low 1.4192 1 7 5034 
low 1.4315 1 7 4977 
low 1.4444 1 7 5093 
low 1.4692 1 7 5047 
low 1.4808 1 7 4543 
low 1.4810 1 7 4914 
low 1.4969 2 11 8072 
low 1.5459 1 7 4896 
low 1.5350 1 7 4237 
low 1.5273 1 7 4427 
low 1.5197 1 7 4930 
low 1.5214 1 7 4605 
low 1.5045 1 7 4843 
low 1.5209 2 14 10895 
low 1.5244 2 14 7972 
low 1.5156 2 14 8034 
low 1.5307 1 7 5095 
low 1.5335 1 7 5221 
low 1.5514 1 7 5526 
low 1.5507 1 7 5831 
low 1.5179 1 7 5843 
low 1.5349 2 14 9924 
low 1.5472 1 7 5401 
low 1.5760 1 7 5235 
low 1.5540 1 7 5655 
low 1.5347 1 7 6026 
low 1.5511 1 7 5885 
low 1.5637 1 7 5131 
low 1.5784 1 7 5539 
low 1.5971 1 7 7464 
low 1.6196 1 7 6128 
low 1.6199 1 7 5036 
low 1.6186 1 7 5212 
low 1.6356 1 7 5527 
low 1.6247 2 14 8216 
low 1.6328 1 7 5389 
low 1.6181 1 7 5458 
low 1.6036 1 7 5085 
low 1.5979 1 7 5377 
low 1.6080 1 7 5102 
low 1.5653 1 7 4649 
low 1.5626 2 14 7437 
low 1.5610 2 14 7561 
low 1.5666 1 7 4309 
low 1.5572 3 21 11549 
low 1.5607 1 7 5111 
low 1.5818 1 7 4498 
low 1.5873 1 7 4466 
low 1.5790 1 7 4182 
low 1.5692 2 12 7156 
low 1.5708 1 7 4335 
low 1.5980 3 21 10055 
low 1.5795 1 7 4272 
low 1.5736 1 7 4468 
low 1.5525 1 7 4207 
low 1.5360 2 10 7442 
low 1.5230 1 7 4664 
low 1.5408 1 7 3977 
low 1.5455 1 7 3815 
low 1.5823 2 12 7058 
low 1.5605 1 7 4072 
low 1.5440 1 7 4163 
low 1.5119 1 7 3849 
low 1.5013 1 7 4359 
low 1.4894 1 7 3799 
low 1.5258 2 12 6971 
low 1.5262 1 7 3787 
low 1.5454 1 7 3804 
low 1.5536 2 14 6958 
low 1.5236 1 7 3935 
low 1.5265 1 7 4119 
low 1.5216 1 7 4152 
low 1.5011 1 7 4187 
low 1.5068 1 7 3775 
low 1.5393 2 10 6840 
low 1.5417 1 7 3996 
low 1.5648 1 7 3794 
low 1.5912 1 7 3727 
low 1.6333 1 7 3909 
low 1.6190 1 7 5970 
low 1.6180 1 7 5895 
low 1.6184 1 7 3030 
low 1.6058 1 7 3032 
low 1.6218 1 7 3027 
low 1.6436 1 7 3032 
low 1.6682 2 14 6073 
low 1.6726 1 7 3032 
low 1.6380 1 7 3030 
low 1.6211 1 7 3034 
low 1.6140 2 12 6034 
low 1.6293 1 7 3031 
low 1.5860 1 7 2982 
low 1.5729 1 7 3031 
low 1.5781 1 7 3037 
low 1.5878 2 14 6032 
low 1.6054 1 7 3033 
low 1.6376 2 12 6037 
low 1.6393 1 7 3021 
low 1.6288 1 7 3033 
low 1.6512 1 7 3016 
low 1.6477 1 7 3012 
low 1.6320 1 7 3009 
low 1.6388 1 7 3012 
low 1.6226 1 7 3016 
low 1.6135 1 7 3014 
low 1.6220 1 7 3017 
low 1.6171 1 7 3013 
low 1.5968 1 7 3018 
low 1.5859 1 7 3017 
low 1.5796 1 7 3012 
low 1.6078 1 7 3011 
low 1.5747 1 7 3012 
low 1.5730 1 7 3015 
low 1.5527 1 7 3015 
low 1.5668 1 7 3017 
low 1.5515 1 7 3012 
low 1.5413 1 7 3013 
low 1.5462 1 7 3015 
low 1.5498 1 7 3075 
low 1.5379 1 7 3015 
low 1.5383 1 7 3014 
low 1.5425 1 7 3019 
low 1.5496 1 7 3014 
low 1.5722 1 7 3016 
low 1.6165 1 7 3011 
low 1.6384 1 7 3018 
low 1.6159 1 7 4333 
low 1.5944 1 6 3008 
low 1.5832 1 7 3010 
low 1.5885 1 6 3009 
low 1.6010 1 7 3020 
low 1.5899 1 6 3005 
low 1.5897 1 6 3004 
low 1.5998 1 6 3009 
low 1.6217 1 5 3005 
low 1.6157 1 6 3013 
low 1.6009 1 5 3003 
low 1.5787 1 5 3008 
low 1.5623 1 6 2954 
low 1.5657 1 6 3010 
low 1.6038 1 7 3007 
low 1.6086 1 6 3010 
low 1.5854 1 6 3004 
low 1.5798 2 11 6014 
low 1.5414 1 5 3005 
low 1.5182 1 7 3007 
low 1.5054 2 14 6019 
low 1.4904 3 19 8973 
low 1.4770 1 6 3004 
low 1.4730 2 13 6014 
low 1.4532 1 6 3004 
low 1.4512 1 7 3008 
low 1.4643 1 6 3006 
low 1.4745 2 13 6015 
low 1.4767 2 13 6022 
low 1.4755 1 6 3006 
low 1.4605 1 7 3007 
low 1.4528 3 18 9022 
low 1.4515 1 7 3006 
low 1.4465 1 7 3010 
low 1.4155 2 13 7409 
low 1.4063 1 7 3010 
low 1.3850 2 13 6013 
low 1.3968 1 6 3008 
low 1.4022 1 6 3006 
low 1.4085 1 5 3066 
low 1.3895 1 7 3011 
low 1.3885 1 5 3004 
low 1.3790 1 6 3009 
low 1.3651 1 6 3011 
low 1.3571 1 7 3009 
low 1.3547 1 7 3008 
low 1.3724 1 7 3004 
low 1.3710 1 7 3012 
low 1.3860 1 6 3010 
low 1.3957 1 7 3012 
low 1.3927 1 7 3006 
low 1.3796 2 14 6020 
low 1.3688 2 14 6023 
low 1.3678 1 6 3010 
low 1.3627 1 7 3009 
low 1.3496 1 7 3010 
low 1.3494 1 7 3011 
low 1.3649 1 7 3013 
low 1.3871 1 7 3006 
low 1.3929 1 5 2948 
low 1.4014 1 7 3011 
low 1.3838 2 10 6010 
low 1.3985 1 6 3009 
low 1.3941 1 7 3007 
low 1.3913 1 7 3006 
low 1.4020 1 7 3007 
low 1.4131 1 7 3009 
low 1.4064 2 14 7429 
low 1.3963 1 6 3008 
low 1.3949 1 7 3012 
low 1.4099 1 7 3011 
low 1.4135 1 7 3019 
low 1.4175 1 6 3013 
low 1.4290 1 7 3011 
low 1.4319 1 6 3007 
low 1.4244 1 7 3015 
low 1.4103 1 7 3009 
low 1.4058 1 7 3011 
low 1.4127 1 7 3016 
low 1.4115 1 7 3010 
low 1.4076 1 7 3010 
low 1.4126 1 6 3008 
low 1.4198 2 11 6023 
low 1.4124 1 7 3024 
low 1.4142 1 7 3070 
low 1.4304 1 6 3011 
low 1.4390 1 7 3006 
low 1.4548 3 20 9038 
low 1.4678 2 12 6012 
low 1.4906 1 6 3012 
low 1.5096 1 6 3005 
low 1.5097 1 7 3010 
low 1.5094 1 7 4388 
low 1.5206 1 7 4391 
low 1.5237 1 7 3010 
low 1.5081 1 6 3006 
low 1.5155 2 12 6015 
low 1.5204 1 7 3010 
low 1.5166 1 6 3005 
low 1.5200 1 6 3012 
low 1.5172 1 7 3006 
low 1.5371 1 7 3011 
low 1.5339 1 6 3013 
low 1.5438 1 6 3009 
low 1.5391 1 6 2957 
low 1.5304 1 7 3011 
low 1.5366 1 5 3017 
low 1.5272 1 7 3012 
low 1.5178 1 7 3016 
low 1.4927 1 6 3012 
low 1.4869 1 7 3016 
low 1.4571 1 6 3006 
low 1.4424 1 7 3012 
low 1.4199 2 12 6037 
low 1.4136 1 6 3009 
low 1.4134 1 7 3009 
low 1.4243 2 12 6018 
low 1.4121 1 7 3010 
low 1.4232 1 7 3020 
low 1.4352 2 13 6012 
low 1.4294 1 5 3010 
low 1.4365 2 9 6008 
low 1.4293 1 7 3008 
low 1.4213 1 7 3014 
low 1.4262 3 19 9020 
low 1.4144 1 6 3008 
low 1.4010 1 6 3007 
low 1.4098 1 6 3007 
low 1.3768 1 7 3006 
low 1.3718 1 6 3006 
low 1.3721 1 7 3066 
low 1.3338 1 6 3009 
low 1.3286 2 11 6015 
low 1.4509 1 7 3010 
low 1.4503 1 6 3003 
low 1.4649 1 7 3010 
low 1.4396 1 6 3002 
low 1.4177 1 7 5829 
low 1.4448 2 14 6033 
low 1.4727 1 7 3006 
low 1.4862 1 4 3000 
low 1.4672 1 5 3003 
low 1.4651 1 5 3002 
low 1.4409 1 6 3004 
low 1.4507 1 6 3009 
low 1.4642 1 5 3005 
low 1.4677 1 6 3004 
low 1.5016 1 6 3003 
low 1.5463 2 12 6018 
low 1.5850 1 5 2943 
low 1.5701 1 4 3000 
low 1.5907 1 6 3004 
low 1.5794 1 5 3001 
low 1.5719 1 6 3006 
low 1.5530 1 4 3001 
low 1.5394 1 5 3002 
low 1.5357 1 4 3001 
low 1.5278 1 6 3005 
low 1.5568 1 7 3005 
low 1.5686 1 6 3006 
low 1.5662 2 10 6077 
low 1.5717 1 5 3004 
low 1.5901 1 6 3005 
low 1.5862 1 6 3004 
low 1.5824 1 6 3003 
low 1.5908 1 6 3005 
low 1.5822 1 6 3004 
low 1.5526 1 5 3001 
low 1.5338 1 5 3003 
low 1.4996 2 11 6020 
low 1.4920 1 4 3000 
low 1.5020 2 11 6006 
low 1.4860 1 4 3000 
low 1.4718 1 4 3000 
low 1.5713 1 3 2999 
low 1.4847 1 4 3003 
low 1.4821 1 3 2999 
low 1.5073 1 4 3000 
low 1.5518 1 4 3000 
low 1.5559 1 6 3003 
low 1.5800 1 3 2999 
low 1.6155 1 4 3000 
low 1.6755 1 4 3004 
low 1.6871 1 6 4613 
low 1.5752 1 5 4680 
low 1.5914 1 4 3001 
low 1.6096 1 3 2999 
low 1.5764 2 8 6001 
low 1.5640 1 4 3000 
low 1.5676 1 3 2999 
low 1.5782 1 5 3002 
low 1.5821 1 3 2999 
low 1.6030 1 4 3000 
low 1.6231 1 4 3001 
low 1.6496 1 3 2999 
low 1.6411 1 4 2940 
low 1.6023 1 5 3003 
low 1.5777 1 3 2999 
low 1.5837 1 3 3000 
low 1.5632 1 3 3001 
low 1.5464 1 6 3006 
low 1.5598 1 5 3004 
low 1.5343 1 4 3000 
low 1.5359 1 4 3000 
low 1.5416 1 5 3002 
low 1.5678 1 3 3000 
low 1.6016 1 6 3005 
low 1.5805 1 3 2999 
low 1.5628 1 5 3001 
low 1.5298 2 12 6205 
low 1.5183 1 4 3001 
low 1.5310 1 4 3001 
low 1.5401 1 5 3001 
low 1.5497 1 4 3002 
low 1.5400 1 5 3001 
low 1.5604 1 5 3001 
low 1.5619 1 4 3000 
low 1.5766 1 4 3000 
low 1.5548 1 4 3001 
low 1.5227 1 6 3004 
low 1.5254 1 6 3002 
low 1.5597 1 5 3061 
low 1.5663 1 4 3000 
low 1.5638 1 3 3000 
low 1.5594 1 5 3001 
low 1.5621 1 3 3027 
low 1.5720 1 3 2999 
low 1.5566 1 5 3005 
low 1.5025 1 6 3003 
low 1.4925 1 6 4623 
low 1.4910 1 7 4623 
low 1.4733 1 3 2999 
low 1.4693 1 4 3000 
low 1.4679 1 4 3000 
low 1.4723 1 5 3001 
low 1.4583 1 4 3000 
low 1.4225 1 5 3001 
low 1.3970 1 6 3005 
low 1.3898 1 6 3003 
low 1.3625 1 3 2999 
low 1.3569 1 4 2940 
low 1.3339 1 5 3003 
low 1.3396 1 5 3003 
low 1.3234 1 7 3005 
low 1.3252 1 6 3006 
low 1.2877 1 3 2999 
low 1.2646 1 5 3002 
low 1.2655 1 4 3000 
low 1.2731 1 4 3000 
low 1.2511 1 4 3001 
low 1.2447 1 5 3003 
low 1.2517 1 5 3003 
low 1.2812 1 4 3000 
low 1.2948 1 5 3002 
low 1.3087 1 4 3001 
low 1.3263 2 11 6050 
low 1.3351 1 7 3007 
low 1.3310 1 7 3011 
low 1.3224 1 6 3006 
low 1.3151 1 7 3030 
low 1.3315 1 6 3004 
low 1.3247 1 6 3012 
low 1.3068 2 14 6028 
low 1.3323 1 7 3047 
low 1.3588 2 11 6035 
low 1.3933 2 11 6151 
low 1.3975 1 7 3158 
low 1.3944 1 6 3005 
low 1.4146 1 6 3048 
low 1.4055 1 6 3069 
low 1.3658 1 3 2999 
low 1.3671 2 13 6016 
low 1.3257 1 6 3154 
low 1.3203 1 6 3006 
low 1.3299 1 6 3013 
low 1.3256 1 6 3009 
low 1.3088 2 12 7048 
low 1.2777 1 7 3007 
low 1.2774 1 6 3010 
low 1.3573 2 9 6019 
low 1.3341 1 6 3004 
low 1.3259 1 7 3010 
low 1.3384 2 12 6039 
low 1.3402 1 6 3009 
low 1.3385 1 4 3000 
low 1.3681 1 6 3002 
low 1.3713 1 5 2942 
low 1.3660 2 12 6015 
low 1.3655 1 6 3059 
low 1.3693 1 6 3068 
low 1.3760 1 6 3083 
low 1.3630 1 5 3001 
low 1.3673 1 3 2999 
low 1.3714 1 4 3001 
low 1.3921 1 6 3002 
low 1.3977 1 6 3003 
low 1.3820 1 5 3001 
low 1.3839 1 5 3001 
low 1.3857 1 5 3264 
low 1.3473 1 5 3002 
low 1.3416 1 4 3002 
low 1.3403 1 4 3001 
low 1.3503 1 6 3002 
low 1.3620 1 4 3000 
low 1.3991 2 12 6013 
low 1.4084 1 5 3002 
low 1.4069 1 6 3004 
low 1.3840 1 7 3048 
low 1.3477 1 7 3084 
low 1.3394 1 6 3047 
low 1.3845 1 5 3044 
low 1.3826 1 5 3028 
low 1.3919 1 7 3070 
low 1.3909 1 5 3002 
low 1.3780 1 6 3095 
low 1.3822 1 4 3000 
low 1.3800 2 11 6213 
low 1.3754 1 5 3002 
low 1.3704 1 4 3000 
low 1.3519 1 6 3065 
low 1.3438 1 6 3003 
low 1.3422 1 5 3003 
low 1.3273 1 6 3693 
low 1.3144 1 5 3422 
low 1.2968 1 7 3013 
low 1.2875 1 7 3004 
low 1.2928 1 5 3001 
low 1.3098 1 5 3003 
low 1.2994 1 6 3005 
low 1.3100 1 4 3002 
low 1.3016 1 6 3005 
low 1.3174 1 5 3002 
low 1.3023 2 12 6013 
low 1.2920 1 5 3005 
low 1.2889 1 6 3018 
low 1.3077 1 6 2945 
low 1.3097 1 6 3018 
low 1.2940 1 6 3026 
low 1.2946 1 5 3001 
low 1.2926 1 5 3002 
low 1.2958 1 6 3007 
low 1.2780 1 3 3001 
low 1.2805 1 6 3007 
low 1.2759 1 6 3005 
low 1.2725 1 6 3008 
low 1.2801 1 6 3006 
low 1.2816 1 7 3013 
low 1.2783 1 6 3006 
low 1.2736 1 7 3009 
low 1.2487 1 7 3008 
low 1.2361 1 6 3014 
low 1.2277 1 7 3006 
low 1.2266 1 6 3003 
low 1.2191 1 6 3006 
low 1.2157 1 4 3001 
low 1.2124 1 7 3014 
low 1.2329 1 7 3009 
low 1.2355 1 7 3022 
low 1.2350 1 7 3029 
low 1.2471 1 7 3007 
low 1.2622 1 7 3008 
low 1.2599 1 5 3004 
low 1.2582 1 7 3019 
low 1.2572 1 6 3025 
low 1.2796 1 7 3017 
low 1.2799 1 7 3071 
low 1.2694 1 6 3011 
low 1.2644 1 6 3011 
low 1.2716 1 6 3003 
low 1.2717 1 7 3016 
low 1.2815 1 7 3012 
low 1.2714 1 6 3009 
low 1.2811 1 7 3007 
low 1.3034 1 7 4782 
low 1.3058 1 7 3076 
low 1.2843 1 6 3008 
low 1.2853 1 5 3003 
low 1.3166 1 6 3004 
low 1.3442 1 7 3010 
low 1.3335 1 5 3003 
low 1.3325 1 6 3006 
low 1.3343 1 5 3003 
low 1.3337 1 5 3002 
low 1.3277 1 7 3006 
low 1.3182 1 5 3003 
low 1.3056 1 4 3000 
low 1.2961 1 6 2952 
low 1.2950 1 6 3010 
low 1.3198 1 5 3004 
low 1.3313 1 6 3004 
low 1.3200 1 5 3004 
low 1.3128 1 6 3012 
low 1.3065 1 6 3006 
low 1.3063 1 5 3003 
low 1.3250 1 6 3005 
low 1.3362 1 5 3002 
low 1.3432 1 6 3003 
low 1.3479 1 5 3008 
low 1.3608 1 6 3005 
low 1.3582 1 7 3125 
low 1.3436 1 5 3008 
low 1.3426 2 12 6738 
low 1.3579 1 7 3016 
low 1.3568 1 7 3008 
low 1.3596 1 7 3013 
low 1.3942 1 7 3016 
low 1.3644 1 7 3039 
low 1.3869 1 7 3010 
low 1.3946 1 7 3013 
low 1.3960 2 11 6023 
low 1.4169 1 6 3066 
low 1.4013 3 20 11996 
low 1.4037 1 7 3027 
low 1.4297 1 7 3024 
low 1.4415 1 7 3008 
low 1.4494 1 7 4456 
low 1.4522 1 7 4750 
low 1.4406 1 6 4444 
low 1.4648 2 14 6022 
low 1.4783 1 7 3009 
low 1.4832 1 6 3012 
low 1.4902 1 7 3015 
low 1.4898 1 7 3018 
low 1.4998 1 6 3013 
low 1.5132 1 6 3010 
low 1.5305 1 5 3005 
low 1.5363 1 6 3008 
low 1.5076 2 13 5970 
low 1.5002 1 6 3007 
low 1.5021 1 7 3018 
low 1.5150 1 7 3019 
low 1.5112 1 7 3014 
low 1.5086 1 7 3015 
low 1.4907 1 7 3017 
low 1.4829 1 7 3014 
low 1.4777 1 7 3019 
low 1.4724 3 19 9028 
low 1.4762 1 7 3008 
low 1.4667 2 11 6014 
low 1.4557 1 7 3023 
low 1.4535 1 6 3012 
low 1.4439 1 7 3015 
low 1.4461 1 7 3015 
low 1.4416 1 7 3010 
low 1.4546 1 7 3016 
low 1.4556 1 7 3018 
low 1.4524 1 7 3031 
low 1.4413 1 7 3017 
low 1.4250 1 7 3138 
low 1.4033 2 13 6090 
low 1.4112 1 6 3015 
low 1.4149 1 7 10080 
low 1.4007 2 13 6101 
low 1.4261 1 6 3014 
low 1.4158 3 20 9164 
low 1.4046 1 7 3032 
low 1.4053 1 7 3015 
low 1.3886 1 7 3039 
low 1.4016 1 7 3044 
low 1.4125 1 7 3050 
low 1.4047 1 7 4786 
low 1.3994 1 7 5837 
low 1.3879 1 7 3040 
low 1.3751 1 7 3051 
low 1.3802 1 7 3046 
low 1.4071 1 7 3041 
low 1.4054 1 7 3046 
low 1.3888 1 7 3047 
low 1.3510 1 7 3055 
low 1.3472 1 6 3012 
low 1.3525 2 12 5953 
low 1.3511 1 5 3004 
low 1.3253 1 7 3006 
low 1.3075 1 7 3004 
low 1.3186 1 7 3011 
low 1.3449 1 5 3005 
low 1.3428 1 5 3004 
low 1.3484 1 4 3005 
low 1.3741 1 6 3003 
low 1.3752 1 5 3009 
low 1.3971 1 6 3004 
low 1.4150 1 4 3001 
low 1.4170 1 5 3003 
low 1.4383 1 6 3006 
low 1.4395 1 5 3003 
low 1.4702 1 5 3002 
low 1.4601 2 9 6008 
low 1.4604 2 10 5949 
low 1.4443 1 5 3065 
low 1.4276 1 6 3013 
low 1.4164 1 5 3007 
low 1.4157 1 7 3010 
low 1.4059 1 4 3006 
low 1.4043 1 6 3007 
low 1.4776 1 4 3005 
low 1.4955 1 4 3005 
low 1.5061 1 4 4500 
low 1.4952 2 13 7587 
low 1.5017 1 3 3002 
low 1.5331 1 5 3005 
low 1.5222 1 3 3001 
low 1.5109 1 4 3002 
low 1.5177 1 3 3002 
low 1.5318 1 3 3003 
low 1.5058 2 10 6017 
low 1.4544 1 6 3005 
low 1.4387 1 6 3006 
low 1.4585 1 6 3005 
low 1.4652 1 4 3000 
low 1.4517 2 11 6075 
low 1.4196 1 5 3002 
low 1.4179 1 5 3002 
low 1.4595 1 5 3005 
low 1.4538 1 6 3004 
low 1.4433 1 6 3019 
low 1.4459 1 7 3031 
low 1.4316 1 4 3009 
low 1.4392 1 6 3003 
low 1.4249 1 6 3002 
low 1.4289 1 6 3005 
low 1.4284 1 4 3000 
low 1.4285 1 4 3000 
low 1.4324 1 7 3246 
low 1.4457 1 7 3005 
low 1.4472 1 6 3003 
low 1.4426 1 6 3009 
low 1.4462 1 6 3006 
low 1.4499 1 6 3007 
low 1.4378 1 6 3007 
low 1.4420 1 6 3008 
low 1.4650 2 10 6010 
low 1.4610 2 13 6013 
low 1.4627 1 5 3002 
low 1.4360 1 6 3015 
low 1.4631 1 6 3014 
low 1.4412 1 4 3011 
low 1.4165 1 5 3015 
low 1.4029 1 4 3012 
low 1.3818 1 6 3016 
low 1.3875 1 6 3013 
low 1.3882 2 11 6808 
low 1.3897 1 6 3494 
low 1.3856 1 4 3011 
low 1.3967 1 5 3013 
low 1.3801 2 11 6030 
low 1.4241 1 7 3018 
low 1.4358 1 6 2958 
low 1.4180 1 7 3008 
low 1.4087 1 6 3007 
low 1.4050 1 7 3006 
low 1.4884 2 13 6016 
low 1.4823 1 7 3008 
low 1.5083 1 6 3008 
low 1.4967 1 6 3012 
low 1.5015 1 5 3007 
low 1.4791 1 6 3007 
low 1.4735 1 7 3008 
low 1.4480 1 7 3887 
low 1.4478 1 5 3004 
low 1.4530 1 6 3005 
low 1.4805 1 5 3004 
low 1.4861 2 12 6014 
low 1.4725 1 7 3009 
low 1.4728 1 6 3009 
low 1.4464 1 5 3003 
low 1.4440 1 7 3010 
low 1.4549 1 6 3006 
low 1.4485 1 7 3006 
low 1.4634 2 12 6029 
low 1.4698 1 7 3006 
low 1.4682 1 7 3012 
low 1.4865 1 6 3074 
low 1.4736 1 7 3023 
low 1.4737 1 7 3021 
low 1.4960 1 6 3016 
low 1.4959 1 6 3696 
low 1.4950 2 12 6054 
low 1.4921 2 13 6033 
low 1.5036 1 6 4522 
low 1.4991 1 7 4937 
low 1.4816 1 6 3022 
low 1.4856 1 7 3016 
low 1.5146 1 5 3012 
low 1.5199 1 5 3020 
low 1.5249 1 7 3184 
low 1.5372 1 6 3037 
low 1.5512 1 7 3009 
low 1.5532 2 13 6009 
low 1.5577 1 5 3003 
low 1.5758 1 5 3006 
low 1.5815 1 6 2944 
low 1.5669 1 6 3008 
low 1.5544 1 4 3000 
low 1.5460 1 7 3013 
low 1.5396 1 7 4258 
low 1.5315 1 5 3079 
low 1.5147 1 6 3005 
low 1.4983 1 7 3079 
low 1.4914 1 7 3008 
low 1.5127 1 6 3009 
low 1.5117 1 6 3006 
low 1.5334 1 3 3000 
low 1.5295 1 7 3004 
low 1.5286 1 6 3015 
low 1.5319 2 12 6033 
low 1.5171 1 7 3016 
low 1.5006 1 7 3021 
low 1.4806 1 6 3020 
low 1.4796 1 7 3019 
low 1.5053 1 6 3017 
low 1.5130 1 6 3020 
low 1.5093 1 7 3016 
low 1.4758 1 6 3012 
low 1.4864 1 5 3013 
low 1.4929 1 7 3020 
low 1.4774 1 5 3071 
low 1.4846 2 12 6036 
low 1.4905 1 6 3014 
low 1.4913 2 14 6046 
low 1.5031 1 7 3019 
low 1.5082 1 6 3013 
low 1.5398 1 7 3197 
low 1.5180 1 7 3008 
low 1.5108 1 5 3011 
low 1.5040 2 13 6024 
low 1.5062 1 7 3027 
low 1.4957 1 6 3019 
low 1.4918 1 7 3014 
low 1.5030 1 6 3006 
low 1.5070 1 7 3015 
low 1.4988 1 7 3016 
low 1.5001 1 7 3021 
low 1.4987 1 7 3010 
low 1.4985 1 7 3011 
low 1.5042 1 7 3014 
low 1.4942 1 7 3020 
low 1.4922 1 7 3018 
low 1.4993 1 5 3008 
low 1.4980 1 6 3016 
low 1.4968 1 7 3014 
low 1.4785 1 6 3013 
low 1.4603 1 7 3015 
low 1.4626 1 7 3009 
low 1.4573 1 7 3024 
close 1.4100 2 13 6488 
close 1.4188 1 7 3399 
close 1.4121 1 7 3216 
close 1.3926 1 7 3901 
close 1.4064 1 7 3451 
close 1.3996 1 7 3584 
close 1.4015 1 7 3771 
close 1.4044 1 7 3613 
close 1.4357 1 7 3594 
close 1.4118 1 7 3431 
close 1.4264 2 11 6241 
close 1.4012 1 7 3530 
close 1.4129 1 7 3465 
close 1.3820 1 7 3359 
close 1.3802 1 7 4274 
close 1.3823 1 7 3189 
close 1.3677 1 7 3534 
close 1.3648 1 7 3537 
close 1.3569 1 7 3485 
close 1.3311 1 7 3449 
close 1.3130 2 13 6725 
close 1.3063 2 14 8188 
close 1.2990 1 7 3331 
close 1.3098 1 7 3313 
close 1.3097 1 7 3309 
close 1.2803 1 7 3302 
close 1.2988 1 7 3772 
close 1.3227 1 7 3549 
close 1.3446 2 12 6823 
close 1.3432 1 7 4014 
close 1.3447 1 7 3981 
close 1.3851 1 7 4237 
close 1.4195 2 14 8419 
close 1.4037 4 26 15957 
close 1.3844 1 7 4307 
close 1.4211 2 14 8945 
close 1.4570 1 7 4338 
close 1.4490 1 7 3724 
close 1.4381 1 7 4156 
close 1.4292 1 7 4022 
close 1.4202 1 7 3642 
close 1.3989 1 7 3544 
close 1.4276 1 7 3457 
close 1.4236 1 7 3411 
close 1.4033 2 14 6554 
close 1.4074 2 11 6728 
close 1.4066 1 7 4995 
close 1.3988 1 7 4832 
close 1.4023 2 12 7703 
close 1.4087 1 7 6124 
close 1.4153 2 14 11369 
close 1.4244 2 14 8199 
close 1.4030 1 7 4998 
close 1.4263 1 7 5092 
close 1.3781 1 7 4948 
close 1.3842 1 7 5185 
close 1.3942 1 7 5353 
close 1.3929 1 7 5213 
close 1.3901 1 7 4866 
close 1.3830 1 7 4752 
close 1.3882 1 7 4933 
close 1.3970 2 13 7874 
close 1.3938 2 14 7948 
close 1.4001 1 7 4995 
close 1.3948 2 13 8635 
close 1.3968 2 11 8697 
close 1.4104 1 7 5492 
close 1.4312 1 7 5740 
close 1.4052 1 7 5177 
close 1.4117 1 7 5082 
close 1.4212 1 7 5268 
close 1.4376 1 7 5034 
close 1.4567 1 7 4977 
close 1.4705 2 10 8093 
close 1.4901 1 7 5047 
close 1.5036 1 7 4543 
close 1.5017 2 14 7935 
close 1.5560 2 14 10933 
close 1.5668 1 7 4896 
close 1.5485 1 7 4237 
close 1.5289 1 7 4427 
close 1.5402 1 7 4930 
close 1.5324 1 7 4605 
close 1.5272 2 12 7855 
close 1.5457 1 7 5182 
close 1.5327 1 7 4958 
close 1.5387 1 7 5021 
close 1.5577 2 13 8100 
close 1.5529 3 17 11232 
close 1.5645 1 7 5526 
close 1.5575 1 7 5831 
close 1.5320 1 7 5713 
close 1.5362 2 14 9778 
close 1.5974 1 7 5401 
close 1.5872 2 14 10346 
close 1.5651 1 7 5655 
close 1.5521 1 7 6026 
close 1.5721 2 12 8886 
close 1.5891 1 7 5131 
close 1.5972 1 7 5539 
close 1.6490 2 14 12665 
close 1.6271 1 7 6128 
close 1.6255 1 7 5036 
close 1.6432 1 7 5212 
close 1.6534 2 11 8528 
close 1.6395 1 7 5389 
close 1.6193 1 7 5458 
close 1.6088 1 7 5085 
close 1.6140 1 7 5377 
close 1.6236 1 7 5102 
close 1.5690 3 19 11647 
close 1.5735 1 7 4424 
close 1.6121 2 13 7552 
close 1.5734 1 7 4309 
close 1.5635 1 7 4589 
close 1.5954 1 7 4498 
close 1.5921 1 7 4466 
close 1.5986 1 7 4182 
close 1.5794 1 7 4155 
close 1.6269 2 14 7351 
close 1.5983 1 7 4020 
close 1.5932 1 7 4272 
close 1.5749 2 13 7474 
close 1.5640 2 12 7208 
close 1.5611 1 7 4443 
close 1.5416 1 7 4664 
close 1.5540 1 7 3977 
close 1.6027 1 7 3815 
close 1.5913 1 7 4057 
close 1.5938 1 7 4072 
close 1.5623 2 14 6960 
close 1.5537 1 7 4163 
close 1.5160 1 7 3849 
close 1.5058 3 20 10368 
close 1.5348 1 7 3799 
close 1.5304 1 7 3969 
close 1.5502 1 7 3787 
close 1.5751 2 12 6865 
close 1.5663 1 7 3945 
close 1.5520 1 7 4063 
close 1.5294 2 12 7139 
close 1.5263 1 7 4152 
close 1.5105 1 7 4187 
close 1.5554 1 7 3775 
close 1.5449 1 7 3841 
close 1.6005 1 7 3794 
close 1.6351 1 7 3727 
close 1.6396 1 7 3909 
close 1.6276 1 7 5970 
close 1.6362 1 7 5895 
close 1.6240 1 7 3030 
close 1.6259 1 7 3032 
close 1.6499 1 7 3027 
close 1.6777 1 7 3032 
close 1.6878 1 7 3047 
close 1.6813 1 7 3032 
close 1.6842 1 7 3026 
close 1.6403 1 7 3030 
close 1.6304 1 7 3034 
close 1.6361 1 7 3032 
close 1.6441 1 7 3031 
close 1.5906 1 7 2982 
close 1.5899 1 7 3031 
close 1.5928 1 7 3037 
close 1.6066 1 7 3016 
close 1.6124 1 7 3027 
close 1.6590 1 7 3033 
close 1.6462 1 7 3034 
close 1.6622 1 7 3021 
close 1.6600 1 7 3033 
close 1.6721 1 7 3016 
close 1.6537 1 7 3012 
close 1.6648 1 7 3009 
close 1.6460 1 7 3012 
close 1.6293 1 7 3014 
close 1.6245 1 7 3017 
close 1.6178 1 7 3013 
close 1.6074 1 7 3018 
close 1.5882 1 7 3017 
close 1.6145 2 13 6022 
close 1.6126 1 7 3011 
close 1.5765 1 7 3012 
close 1.5981 1 7 3015 
close 1.5578 1 7 3013 
close 1.5856 1 7 3015 
close 1.5862 1 7 3017 
close 1.5654 1 7 3014 
close 1.5465 1 7 3013 
close 1.5731 2 10 6015 
close 1.5605 1 7 3075 
close 1.5474 2 10 6017 
close 1.5475 1 7 3014 
close 1.5517 1 7 3019 
close 1.5779 1 7 3014 
close 1.6221 1 7 3016 
close 1.6440 1 7 3011 
close 1.6418 1 7 3015 
close 1.6552 1 7 3018 
close 1.6224 1 7 4333 
close 1.5979 1 6 3008 
close 1.5940 2 12 6011 
close 1.6037 1 6 3009 
close 1.6129 1 7 3020 
close 1.5924 2 12 6009 
close 1.6021 2 9 6004 
close 1.6253 1 6 3009 
close 1.6338 1 5 3005 
close 1.6182 1 6 3013 
close 1.6068 1 5 3003 
close 1.5805 1 5 3008 
close 1.5652 1 6 2954 
close 1.5665 1 7 3013 
close 1.5978 1 6 3010 
close 1.6158 1 7 3016 
close 1.6151 1 7 3007 
close 1.5966 1 6 3004 
close 1.5846 1 6 3010 
close 1.5432 1 5 3005 
close 1.5297 1 7 3007 
close 1.5059 1 7 3006 
close 1.5003 1 5 3008 
close 1.4857 1 6 3004 
close 1.4817 1 7 3008 
close 1.4732 1 6 3004 
close 1.4670 1 7 3008 
close 1.4785 1 6 3006 
close 1.4833 1 7 3011 
close 1.5009 1 6 3002 
close 1.4807 1 6 3006 
close 1.4645 2 14 6016 
close 1.4544 2 12 6019 
close 1.4818 1 7 3006 
close 1.4511 2 13 6017 
close 1.4162 1 6 3019 
close 1.4091 2 11 6009 
close 1.4061 2 12 6022 
close 1.4245 1 6 3004 
close 1.4134 4 24 12196 
close 1.3963 1 7 3011 
close 1.3972 1 5 3004 
close 1.3873 2 13 6021 
close 1.3753 1 6 3011 
close 1.3625 1 7 3009 
close 1.3725 1 7 3008 
close 1.3915 1 7 3004 
close 1.3889 2 12 6031 
close 1.3899 1 7 3012 
close 1.4042 1 6 3010 
close 1.4071 1 7 3012 
close 1.4131 3 19 9020 
close 1.3824 2 14 6024 
close 1.3738 1 6 3010 
close 1.3662 1 7 3009 
close 1.3555 1 7 3010 
close 1.3665 1 7 3011 
close 1.3902 1 7 3013 
close 1.4086 1 7 3006 
close 1.4038 1 5 2948 
close 1.4260 1 7 3011 
close 1.3895 1 7 3008 
close 1.4059 2 13 8846 
close 1.3973 1 7 3007 
close 1.4226 1 7 3007 
close 1.4363 1 7 3009 
close 1.4139 1 6 3015 
close 1.4269 2 13 6022 
close 1.3966 1 7 3012 
close 1.4069 1 7 3010 
close 1.4113 1 6 3008 
close 1.4174 1 7 3012 
close 1.4448 1 7 3011 
close 1.4193 2 14 6817 
close 1.4345 1 6 3013 
close 1.4499 1 7 3011 
close 1.4368 1 6 3007 
close 1.4349 2 14 6153 
close 1.4284 1 7 3012 
close 1.4206 2 13 6021 
close 1.4209 1 7 3011 
close 1.4286 1 7 3016 
close 1.4120 1 7 3010 
close 1.4288 2 14 6416 
close 1.4201 1 6 3008 
close 1.4299 1 7 3012 
close 1.4150 3 21 19061 
close 1.4325 1 7 3070 
close 1.4429 2 13 6021 
close 1.4572 1 7 3006 
close 1.4718 2 13 6017 
close 1.4917 1 7 3011 
close 1.5211 1 6 3012 
close 1.5308 1 6 3005 
close 1.5209 1 7 3010 
close 1.5224 2 14 7407 
close 1.5468 1 7 4391 
close 1.5285 2 14 6020 
close 1.5191 1 6 3006 
close 1.5379 1 7 3012 
close 1.5349 1 7 3014 
close 1.5212 2 12 6008 
close 1.5369 1 6 3012 
close 1.5441 1 7 3006 
close 1.5437 2 13 6019 
close 1.5490 1 6 3013 
close 1.5462 2 11 6012 
close 1.5445 1 6 2957 
close 1.5435 1 7 3011 
close 1.5400 1 5 3017 
close 1.5352 1 7 3012 
close 1.5290 1 7 3016 
close 1.5119 1 7 3013 
close 1.4965 1 6 3012 
close 1.4927 1 7 3016 
close 1.4626 1 6 3006 
close 1.4431 1 7 3012 
close 1.4358 2 14 6019 
close 1.4189 1 6 3009 
close 1.4259 1 7 3009 
close 1.4382 1 6 3008 
close 1.4514 1 7 3020 
close 1.4385 1 7 3006 
close 1.4328 1 5 3010 
close 1.4587 2 13 6897 
close 1.4495 1 4 3007 
close 1.4451 1 7 3008 
close 1.4322 1 5 3024 
close 1.4473 2 14 6260 
close 1.4287 1 6 3009 
close 1.4423 1 6 3007 
close 1.4168 1 6 3008 
close 1.3858 1 7 3015 
close 1.3876 1 7 3006 
close 1.3785 1 6 3006 
close 1.3764 1 7 3066 
close 1.3369 1 6 3009 
close 1.4006 1 5 3003 
close 1.4772 1 7 3010 
close 1.4939 1 6 3003 
close 1.4865 1 7 3010 
close 1.4491 1 6 3002 
close 1.4493 1 7 5829 
close 1.4778 1 7 3016 
close 1.5061 1 4 3000 
close 1.4752 1 5 3003 
close 1.4755 1 5 3002 
close 1.4581 1 6 3004 
close 1.4979 2 12 6015 
close 1.4724 1 5 3005 
close 1.5120 1 6 3004 
close 1.5897 2 10 6012 
close 1.5973 1 5 2943 
close 1.5914 1 4 3000 
close 1.6058 1 6 3004 
close 1.6096 1 5 3001 
close 1.5568 1 4 3001 
close 1.5525 2 9 6003 
close 1.5588 1 7 3011 
close 1.5812 1 7 3005 
close 1.5788 1 6 3006 
close 1.5752 1 6 3004 
close 1.6134 1 5 3004 
close 1.5957 1 6 3005 
close 1.5912 1 6 3003 
close 1.5955 1 5 3004 
close 1.5878 1 6 3004 
close 1.5678 1 5 3001 
close 1.5339 1 5 3002 
close 1.5493 1 5 3003 
close 1.5132 1 4 3000 
close 1.5116 2 10 6017 
close 1.5207 1 5 3001 
close 1.4992 2 11 6025 
close 1.5011 2 10 6074 
close 1.5802 1 4 3000 
close 1.5826 1 3 2999 
close 1.6295 1 4 3073 
close 1.4950 1 4 3003 
close 1.5107 1 3 2999 
close 1.5567 2 8 6000 
close 1.6007 2 11 6008 
close 1.5889 1 6 3003 
close 1.6264 1 3 2999 
close 1.6954 1 4 3000 
close 1.6980 1 4 3004 
close 1.7143 1 6 4613 
close 1.5988 1 5 4680 
close 1.6118 1 4 3001 
close 1.6282 1 3 2999 
close 1.6159 1 3 2999 
close 1.6035 2 7 5999 
close 1.5903 1 5 3002 
close 1.5967 1 5 3002 
close 1.6243 1 3 2999 
close 1.6278 1 4 3000 
close 1.6559 1 3 2999 
close 1.6705 1 4 2940 
close 1.6417 1 5 3003 
close 1.6108 1 5 3003 
close 1.6000 1 3 2999 
close 1.5647 1 3 3001 
close 1.5833 1 6 3006 
close 1.5741 1 5 3001 
close 1.5614 1 5 3004 
close 1.5479 1 4 3000 
close 1.5534 1 4 3000 
close 1.6192 1 3 3000 
close 1.6309 1 6 3005 
close 1.6228 1 5 3002 
close 1.5824 1 3 2999 
close 1.5712 2 11 6009 
close 1.5318 1 5 3001 
close 1.5440 1 4 3001 
close 1.5579 1 4 3001 
close 1.5564 1 5 3001 
close 1.5684 2 10 6006 
close 1.5804 1 4 3000 
close 1.5816 1 4 3000 
close 1.5584 1 4 3001 
close 1.5319 1 6 3004 
close 1.5662 1 6 3002 
close 1.5689 1 4 3000 
close 1.5622 2 12 6006 
close 1.5822 1 3 3027 
close 1.5777 1 3 2999 
close 1.5641 1 5 3005 
close 1.5424 1 3 2999 
close 1.4983 1 6 4623 
close 1.4924 1 7 4623 
close 1.5053 1 3 2999 
close 1.4726 1 4 3000 
close 1.4952 1 4 3000 
close 1.4766 1 5 3001 
close 1.4713 1 4 3000 
close 1.4364 1 5 3001 
close 1.4097 1 6 3005 
close 1.3957 1 6 3003 
close 1.3952 2 12 6020 
close 1.3708 1 3 2999 
close 1.3676 1 4 2940 
close 1.3411 1 4 3000 
close 1.3632 1 5 3003 
close 1.3401 1 5 3003 
close 1.3380 1 7 3005 
close 1.3288 1 6 3006 
close 1.2896 1 3 2999 
close 1.2668 1 5 3002 
close 1.3177 1 4 3000 
close 1.2894 1 4 3000 
close 1.2542 1 4 3001 
close 1.2629 1 5 3003 
close 1.2611 1 5 3003 
close 1.2839 1 3 2999 
close 1.3297 1 4 3000 
close 1.3105 1 5 3002 
close 1.3451 1 4 3001 
close 1.3535 1 7 3007 
close 1.3579 1 7 3011 
close 1.3294 1 6 3006 
close 1.3387 1 7 3030 
close 1.3497 1 6 3004 
close 1.3290 1 6 3012 
close 1.3339 1 7 3021 
close 1.3592 1 7 3047 
close 1.3981 1 6 3031 
close 1.4051 1 7 3142 
close 1.4055 1 7 3158 
close 1.4186 1 6 3005 
close 1.4182 1 6 3048 
close 1.4155 1 6 3069 
close 1.3866 1 6 3006 
close 1.3776 1 3 2999 
close 1.3680 1 6 3002 
close 1.3314 1 6 3154 
close 1.3413 1 6 3006 
close 1.3445 1 6 3013 
close 1.3318 1 6 3009 
close 1.3128 1 6 3526 
close 1.3284 1 6 3522 
close 1.2837 1 7 3007 
close 1.3271 1 6 3010 
close 1.3638 1 6 3044 
close 1.3689 2 12 6126 
close 1.3554 1 6 3004 
close 1.3346 1 7 3010 
close 1.3520 1 6 3012 
close 1.3420 1 6 3006 
close 1.3501 1 6 3009 
close 1.3770 1 4 3000 
close 1.3911 1 6 3002 
close 1.3746 1 5 2942 
close 1.3702 1 5 3004 
close 1.3931 1 5 3005 
close 1.3697 1 6 3059 
close 1.3958 1 6 3068 
close 1.4122 1 4 3009 
close 1.3784 1 6 3083 
close 1.3868 1 5 3001 
close 1.3763 1 3 2999 
close 1.3950 1 4 3001 
close 1.4300 1 6 3002 
close 1.3987 1 6 3003 
close 1.3979 1 5 3001 
close 1.3892 1 5 3264 
close 1.3487 1 5 3002 
close 1.3460 1 4 3002 
close 1.3681 1 4 3001 
close 1.3627 1 6 3002 
close 1.4147 1 5 3003 
close 1.4262 1 5 3002 
close 1.4125 1 6 3004 
close 1.3859 1 7 3048 
close 1.3480 1 7 3084 
close 1.3593 1 6 3047 
close 1.3852 1 4 3018 
close 1.3954 1 4 3000 
close 1.3807 1 5 3017 
close 1.4029 1 5 3002 
close 1.3740 1 4 3000 
close 1.3531 1 6 3065 
close 1.3474 1 6 3003 
close 1.3450 1 5 3003 
close 1.3312 1 6 3693 
close 1.3193 1 5 3422 
close 1.2979 1 7 3013 
close 1.2937 1 7 3004 
close 1.3148 1 5 3001 
close 1.3115 1 5 3003 
close 1.3184 1 6 3005 
close 1.3110 1 4 3002 
close 1.3191 1 6 3005 
close 1.3391 1 5 3002 
close 1.2928 1 5 3005 
close 1.3114 1 6 3018 
close 1.3260 1 6 2945 
close 1.3104 2 13 6094 
close 1.3133 1 6 3026 
close 1.2981 1 5 3001 
close 1.3023 1 5 3002 
close 1.3044 1 6 3007 
close 1.2977 1 6 3004 
close 1.2819 1 3 3001 
close 1.2944 1 6 3007 
close 1.2760 1 6 3005 
close 1.2918 1 6 3008 
close 1.2824 1 6 3006 
close 1.2912 1 7 3013 
close 1.2790 1 6 3006 
close 1.2755 1 7 3009 
close 1.2526 1 7 3008 
close 1.2436 1 6 3014 
close 1.2326 1 7 3006 
close 1.2332 1 6 3003 
close 1.2351 1 6 3006 
close 1.2219 1 4 3001 
close 1.2334 1 7 3014 
close 1.2410 1 7 3009 
close 1.2385 1 7 3022 
close 1.2509 1 7 3029 
close 1.2712 1 7 3007 
close 1.2647 1 7 3008 
close 1.2704 1 5 3004 
close 1.2599 1 7 3019 
close 1.2911 1 6 3025 
close 1.2881 1 7 3017 
close 1.2950 1 7 3071 
close 1.2708 1 6 3011 
close 1.2726 1 6 3011 
close 1.2769 1 6 3003 
close 1.2864 1 7 3016 
close 1.2999 1 7 3012 
close 1.2823 1 6 3009 
close 1.3035 1 7 3007 
close 1.2901 1 6 3008 
close 1.3086 1 5 3003 
close 1.3208 1 7 3007 
close 1.3503 1 6 3004 
close 1.3515 1 7 3010 
close 1.3471 1 5 3003 
close 1.3540 1 6 3006 
close 1.3395 1 5 3003 
close 1.3396 1 5 3002 
close 1.3365 2 13 6011 
close 1.3205 1 5 3003 
close 1.3071 1 4 3000 
close 1.3006 1 6 2952 
close 1.3289 1 6 3010 
close 1.3453 1 5 3004 
close 1.3342 1 6 3004 
close 1.3256 1 5 3004 
close 1.3137 1 6 3012 
close 1.3168 1 6 3006 
close 1.3254 1 5 3003 
close 1.3525 1 5 3002 
close 1.3557 1 6 3003 
close 1.3675 1 5 3008 
close 1.3749 1 6 3005 
close 1.3456 1 5 3008 
close 1.3645 1 6 3730 
close 1.3600 1 7 3016 
close 1.3661 1 7 3008 
close 1.3800 1 7 3013 
close 1.3717 1 7 3014 
close 1.3943 1 7 3010 
close 1.4026 1 7 3016 
close 1.3727 1 7 3039 
close 1.3750 1 7 3007 
close 1.3878 1 6 3011 
close 1.3967 1 7 3010 
close 1.4078 3 18 9034 
close 1.4031 1 7 3011 
close 1.4176 1 7 3016 
close 1.4386 1 6 3066 
close 1.4092 2 14 6059 
close 1.4163 1 7 3027 
close 1.4302 1 7 3031 
close 1.4464 1 7 3024 
close 1.4584 1 7 3008 
close 1.4595 1 6 3010 
close 1.4540 1 7 4456 
close 1.4651 1 7 4750 
close 1.4659 1 6 4444 
close 1.4972 1 7 3013 
close 1.4869 1 7 3009 
close 1.5228 1 6 3012 
close 1.4967 1 7 3010 
close 1.5012 1 7 3015 
close 1.5071 3 19 9047 
close 1.5233 1 6 3013 
close 1.5243 1 7 3013 
close 1.5392 1 6 3010 
close 1.5509 1 5 3005 
close 1.5210 1 7 2951 
close 1.5072 1 6 3007 
close 1.5163 1 7 3018 
close 1.5121 1 7 3014 
close 1.5165 1 7 3015 
close 1.4947 1 7 3017 
close 1.4946 2 11 6014 
close 1.4802 2 14 6042 
close 1.4863 1 7 3013 
close 1.4767 1 7 3008 
close 1.4710 1 7 3012 
close 1.4614 1 7 3023 
close 1.4527 1 7 3015 
close 1.4591 1 7 3015 
close 1.4460 1 7 3017 
close 1.4546 1 7 3010 
close 1.4653 1 7 3016 
close 1.4603 2 13 6022 
close 1.4568 2 12 6035 
close 1.4418 1 7 3017 
close 1.4200 1 7 3073 
close 1.4215 1 6 3015 
close 1.4221 1 7 3101 
close 1.4305 1 7 3032 
close 1.4140 1 7 3015 
close 1.4161 1 6 3017 
close 1.4123 1 7 3044 
close 1.4160 2 11 6052 
close 1.4547 1 7 3046 
close 1.4142 1 7 3050 
close 1.4048 1 7 4786 
close 1.4075 1 7 3040 
close 1.3991 1 7 3051 
close 1.4250 1 7 4421 
close 1.4243 1 7 3041 
close 1.4164 1 7 3046 
close 1.3959 1 7 3047 
close 1.3556 1 7 3055 
close 1.3544 1 6 3033 
close 1.3640 1 6 3012 
close 1.3613 1 7 2950 
close 1.3527 1 5 3004 
close 1.3296 1 7 3006 
close 1.3178 1 6 3007 
close 1.3200 1 7 3004 
close 1.3504 1 7 3011 
close 1.3464 1 5 3005 
close 1.3629 1 6 3008 
close 1.3518 1 5 3004 
close 1.3840 1 4 3005 
close 1.3913 1 6 3196 
close 1.3819 1 6 3003 
close 1.3767 1 5 3009 
close 1.3890 1 5 3003 
close 1.3993 1 4 3003 
close 1.4017 1 6 3004 
close 1.4154 1 7 3010 
close 1.4304 2 11 6009 
close 1.4360 1 5 3003 
close 1.4466 2 10 5960 
close 1.4397 1 6 3006 
close 1.5366 2 10 6082 
close 1.4960 2 12 6022 
close 1.4801 2 11 6078 
close 1.4926 1 4 3002 
close 1.4773 2 12 6013 
close 1.5099 1 6 3006 
close 1.4689 2 11 6008 
close 1.4821 1 7 3008 
close 1.4739 4 21 11962 
close 1.4647 1 5 3065 
close 1.4311 1 6 3013 
close 1.4228 2 9 6019 
close 1.4169 1 7 3010 
close 1.4203 1 4 3006 
close 1.4791 1 6 3007 
close 1.5000 1 4 3005 
close 1.5248 1 4 3005 
close 1.5113 1 4 4500 
close 1.5030 1 6 4563 
close 1.5343 1 3 3001 
close 1.5354 1 4 3002 
close 1.5649 1 3 3002 
close 1.5450 1 3 3003 
close 1.5192 1 4 3003 
close 1.4583 1 6 3005 
close 1.4769 1 6 3005 
close 1.4827 1 6 3006 
close 1.4631 1 6 3005 
close 1.4524 1 4 3000 
close 1.4412 1 5 3001 
close 1.4242 1 5 3002 
close 1.4604 1 5 3002 
close 1.4611 1 7 3019 
close 1.4552 1 6 3019 
close 1.4476 1 7 3031 
close 1.4416 2 8 6020 
close 1.4401 1 6 3003 
close 1.4421 1 6 3002 
close 1.4394 1 6 3005 
close 1.4447 1 4 3000 
close 1.4344 1 4 3000 
close 1.4702 1 7 3005 
close 1.4578 1 6 3003 
close 1.4497 1 6 3009 
close 1.4598 1 6 3006 
close 1.4590 1 6 3007 
close 1.4449 1 6 3007 
close 1.4760 1 6 3008 
close 1.4806 1 7 3006 
close 1.4779 2 11 6013 
close 1.4635 1 6 3007 
close 1.4389 1 6 3015 
close 1.4537 1 7 3004 
close 1.4641 1 6 3014 
close 1.4282 1 4 3011 
close 1.4303 1 5 3015 
close 1.3971 1 6 3494 
close 1.3960 1 4 3010 
close 1.4114 1 3 3009 
close 1.4068 1 4 3012 
close 1.3827 1 5 3014 
close 1.3850 1 7 3016 
close 1.4173 1 6 3020 
close 1.4295 1 6 3017 
close 1.4432 1 7 3018 
close 1.4826 1 6 3006 
close 1.4916 1 6 3004 
close 1.5097 1 7 3008 
close 1.5114 1 6 3008 
close 1.5045 1 6 3012 
close 1.5162 1 5 3007 
close 1.4831 1 6 3007 
close 1.4936 1 7 3008 
close 1.4683 1 7 3010 
close 1.4809 1 7 3009 
close 1.4812 1 6 3005 
close 1.4893 1 5 3004 
close 1.4968 1 6 3004 
close 1.4783 1 7 3009 
close 1.4978 1 6 3009 
close 1.4576 1 5 3003 
close 1.4564 1 6 3006 
close 1.4664 1 7 3006 
close 1.4903 1 7 3012 
close 1.5004 1 6 3016 
close 1.5178 1 6 3696 
close 1.5006 1 7 3041 
close 1.5104 1 6 3019 
close 1.5246 1 7 3020 
close 1.5039 1 6 4522 
close 1.5084 2 14 7951 
close 1.4870 1 6 3022 
close 1.5240 1 7 3016 
close 1.5458 1 7 3184 
close 1.5547 1 6 3037 
close 1.5598 1 7 3009 
close 1.6044 1 5 3003 
close 1.6056 1 5 3006 
close 1.5977 1 6 2944 
close 1.5532 1 7 3013 
close 1.5399 1 7 4258 
close 1.5218 1 6 3005 
close 1.5106 1 6 3005 
close 1.5025 1 7 3079 
close 1.5177 1 7 3008 
close 1.5288 1 6 3009 
close 1.5377 1 6 3006 
close 1.5491 1 3 3000 
close 1.5321 1 7 3004 
close 1.5417 1 6 3015 
close 1.5382 1 6 3019 
close 1.5367 1 6 3014 
close 1.5214 1 7 3016 
close 1.5145 2 14 6037 
close 1.4811 1 6 3020 
close 1.5090 1 7 3019 
close 1.5260 1 6 3019 
close 1.5140 1 6 3020 
close 1.5242 1 6 3014 
close 1.4808 1 7 3020 
close 1.4876 1 6 3012 
close 1.4971 2 11 6032 
close 1.5008 2 12 6033 
close 1.4871 1 5 3071 
close 1.4938 1 5 3011 
close 1.5117 1 6 3014 
close 1.5038 1 7 3022 
close 1.5155 1 7 3019 
close 1.5299 1 6 3013 
close 1.5489 1 7 3204 
close 1.5625 1 7 3197 
close 1.5189 1 7 3008 
close 1.5136 1 5 3011 
close 1.5169 1 7 3009 
close 1.5170 1 7 3027 
close 1.4995 1 7 3024 
close 1.4980 1 7 3024 
close 1.4994 1 7 3012 
close 1.5094 1 7 3014 
close 1.5073 2 13 6022 
close 1.5125 1 6 3015 
close 1.5085 1 7 3015 
close 1.4949 1 7 2955 
close 1.5014 2 14 6024 
close 1.5075 1 7 3011 
close 1.5065 1 7 3018 
close 1.5044 1 6 3016 
close 1.4970 1 7 3014 
close 1.4974 1 6 3010 
close 1.4789 1 6 3013 
close 1.4707 1 6 3018 
close 1.4666 1 7 3015 
close 1.4665 1 7 3024 
body -0.0098 1 7 3481 
body 0.0088 3 20 9449 
body -0.0067 4 27 13352 
body -0.0194 1 7 3901 
body 0.0138 3 18 9649 
body -0.0068 3 21 12436 
body 0.0019 2 13 6782 
body 0.0029 2 14 6650 
body 0.0313 3 20 9632 
body -0.0238 3 19 9438 
body 0.0146 2 14 6256 
body -0.0252 1 7 3530 
body 0.0117 3 19 9489 
body -0.0309 2 13 6367 
body -0.0018 3 21 10364 
body 0.0021 5 29 15237 
body -0.0146 3 19 9590 
body -0.0029 2 14 7980 
body -0.0078 2 14 8317 
body -0.0258 1 7 3449 
body -0.0181 1 7 3719 
body -0.0066 3 20 12315 
body -0.0073 2 14 6344 
body 0.0108 3 20 11283 
body -0.0001 3 18 9324 
body -0.0294 1 7 3302 
body 0.0184 1 7 3772 
body 0.0239 1 7 3549 
body 0.0219 2 14 6828 
body -0.0014 3 19 12228 
body 0.0015 3 20 10036 
body 0.0404 1 7 4237 
body 0.0344 1 7 4029 
body -0.0159 4 23 14694 
body -0.0193 2 14 7324 
body 0.0368 2 13 7077 
body 0.0359 2 13 7350 
body -0.0080 1 7 3724 
body -0.0109 2 10 7155 
body -0.0088 2 14 9562 
body -0.0090 3 19 9662 
body -0.0213 1 7 3544 
body 0.0287 1 7 3457 
body -0.0040 4 28 12444 
body -0.0203 1 7 3548 
body 0.0041 2 14 6804 
body -0.0007 5 33 17075 
body 0.0035 2 14 10057 
body 0.0189 4 26 14659 
body -0.0123 3 18 12154 
body 0.0066 1 7 8359 
body 0.0090 4 23 14271 
body -0.0214 3 18 11011 
body 0.0234 1 7 5092 
body -0.0482 1 7 4948 
body 0.0060 4 28 14205 
body 0.0100 2 14 8359 
body -0.0028 3 20 10825 
body -0.0072 2 13 7760 
body 0.0052 2 12 7934 
body 0.0087 1 7 4869 
body -0.0033 3 18 10961 
body 0.0063 2 12 7997 
body 0.0020 4 24 14709 
body 0.0136 3 21 13053 
body 0.0208 1 7 5740 
body -0.0260 2 14 8187 
body 0.0065 1 7 5082 
body 0.0094 2 14 8284 
body 0.0164 6 35 21676 
body 0.0192 2 14 7984 
body 0.0137 3 21 11112 
body 0.0196 1 7 5047 
body -0.0019 5 32 16952 
body 0.0542 1 7 5072 
body -0.0184 3 21 10259 
body -0.0197 1 7 4427 
body 0.0114 2 14 9680 
body -0.0079 1 7 4605 
body -0.0051 3 19 10872 
body 0.0185 3 18 11189 
body -0.0129 4 26 14025 
body 0.0059 2 14 8037 
body 0.0191 1 7 5095 
body -0.0048 7 47 23318 
body 0.0115 5 28 17553 
body -0.0254 1 7 5713 
body 0.0042 3 19 11864 
body 0.0198 1 7 5861 
body 0.0414 1 7 5401 
body -0.0101 3 20 12830 
body -0.0221 1 7 5655 
body -0.0130 4 28 15064 
body 0.0200 2 12 8887 
body 0.0171 1 7 5131 
body 0.0080 1 7 5539 
body 0.0518 1 7 7464 
body -0.0219 1 7 6128 
body -0.0017 4 25 14057 
body 0.0177 2 13 8226 
body 0.0103 3 17 11541 
body -0.0043 3 19 11206 
body -0.0096 2 14 8412 
body -0.0202 2 13 8466 
body -0.0106 1 7 5085 
body 0.0053 1 7 5377 
body 0.0097 7 44 23161 
body -0.0545 1 7 4649 
body 0.0045 3 21 10450 
body 0.0385 1 7 4547 
body -0.0388 1 7 4309 
body 0.0236 2 14 8124 
body 0.0082 2 13 7507 
body -0.0032 2 13 7471 
body 0.0064 3 21 10211 
body -0.0192 1 7 4155 
body 0.0474 1 7 4335 
body -0.0287 2 12 7023 
body -0.0050 1 7 4272 
body -0.0182 3 17 10474 
body -0.0108 4 26 13266 
body -0.0196 2 13 7669 
body 0.0123 5 26 15991 
body 0.0488 1 7 3815 
body -0.0115 1 7 4057 
body 0.0033 5 31 16064 
body -0.0314 2 13 6952 
body -0.0085 5 30 16254 
body -0.0376 1 7 3849 
body -0.0102 3 18 10368 
body 0.0290 1 7 3799 
body -0.0045 3 15 9971 
body 0.0197 1 7 3787 
body 0.0249 2 12 6807 
body -0.0087 2 12 6949 
body -0.0142 1 7 4063 
body -0.0155 2 13 6947 
body -0.0030 2 13 7096 
body 0.0448 2 11 6775 
body -0.0105 3 21 9878 
body 0.0242 1 7 3996 
body 0.0316 1 7 3794 
body 0.0346 2 11 6728 
body 0.0044 5 30 17864 
body -0.0120 3 19 12002 
body 0.0086 4 26 14928 
body 0.0018 4 24 12046 
body 0.0241 1 7 3027 
body 0.0279 2 14 6038 
body 0.0101 5 34 15119 
body -0.0065 2 14 6040 
body 0.0030 2 14 6038 
body -0.0438 1 7 3030 
body -0.0099 2 13 6043 
body 0.0056 3 16 9035 
body 0.0081 3 18 9037 
body -0.0535 1 7 2982 
body 0.0139 2 14 6029 
body 0.0058 3 20 9051 
body 0.0466 1 7 3033 
body 0.0159 1 7 3021 
body -0.0022 2 13 6039 
body 0.0122 2 13 6024 
body 0.0112 2 13 6056 
body -0.0189 1 7 3012 
body -0.0190 1 7 3016 
body 0.0023 5 30 15028 
body 0.0264 2 14 6087 
body -0.0361 1 7 3012 
body 0.0217 1 7 3015 
body -0.0403 1 7 3013 
body 0.0278 2 14 6034 
body 0.0006 4 22 12039 
body -0.0207 1 7 3014 
body -0.0125 2 14 6051 
body -0.0064 2 14 6025 
body 0.0266 1 7 3015 
body 0.0002 3 16 9016 
body 0.0262 2 13 6082 
body 0.0443 1 7 3016 
body -0.0021 1 7 3015 
body 0.0134 1 7 3018 
body -0.0328 2 11 7333 
body -0.0246 1 6 3008 
body 0.0091 2 13 6023 
body -0.0204 1 6 3005 
body 0.0231 1 6 3009 
body 0.0084 2 12 6037 
body -0.0156 2 12 6031 
body -0.0113 1 5 3003 
body -0.0262 1 5 3008 
body -0.0154 1 6 2954 
body 0.0014 3 19 10414 
body 0.0312 1 6 3010 
body 0.0181 1 7 3016 
body -0.0005 1 6 3010 
body -0.0180 1 6 3004 
body -0.0025 1 5 3001 
body -0.0095 5 32 16812 
body -0.0413 1 5 3005 
body -0.0136 3 20 8966 
body -0.0056 3 16 9021 
body -0.0147 1 6 3004 
body -0.0084 2 13 6055 
body -0.0062 4 25 12039 
body 0.0116 2 12 6011 
body 0.0049 1 7 3011 
body 0.0176 1 6 3002 
body -0.0201 2 11 6011 
body -0.0163 1 7 3007 
body -0.0100 3 17 9018 
body 0.0275 2 10 6005 
body -0.0306 2 14 6018 
body -0.0348 2 12 6025 
body -0.0008 2 13 6017 
body -0.0031 4 24 11969 
body -0.0111 7 39 21099 
body -0.0170 2 12 6013 
body 0.0010 5 32 15053 
body -0.0121 1 6 3011 
body 0.0099 2 13 6014 
body 0.0190 1 7 3004 
body -0.0027 3 17 9089 
body 0.0144 2 12 6029 
body 0.0000 4 24 19116 
body -0.0076 3 20 10663 
body -0.0107 1 7 3010 
body 0.0110 2 14 6024 
body 0.0183 1 7 3006 
body 0.0221 2 12 6013 
body -0.0365 2 13 6162 
body 0.0204 2 13 6014 
body -0.0041 2 13 6024 
body -0.0086 2 13 6015 
body -0.0225 1 6 3015 
body 0.0130 2 13 6013 
body -0.0302 1 7 3012 
body 0.0102 1 7 3010 
body 0.0046 1 6 3008 
body 0.0062 3 21 9037 
body 0.0274 1 7 3011 
body -0.0256 2 11 6022 
body 0.0152 2 12 6017 
body 0.0154 1 7 3011 
body -0.0131 1 6 3007 
body -0.0077 1 7 3014 
body 0.0038 1 7 3009 
body -0.0035 4 27 12074 
body 0.0078 1 7 3016 
body -0.0166 1 7 3010 
body 0.0168 1 7 3010 
body -0.0148 2 13 6029 
body 0.0175 2 13 6766 
body 0.0142 1 7 3006 
body 0.0145 4 21 11969 
body 0.0199 1 7 3011 
body 0.0294 2 12 6016 
body 0.0243 1 7 4391 
body -0.0093 4 23 12029 
body -0.0137 3 17 9080 
body 0.0156 4 19 12535 
body 0.0072 2 12 6009 
body -0.0004 3 18 9021 
body 0.0054 2 10 6013 
body -0.0016 3 19 9054 
body -0.0010 1 7 3011 
body -0.0034 2 10 6020 
body -0.0171 1 7 3013 
body -0.0037 2 13 6020 
body -0.0301 1 6 3006 
body -0.0195 1 7 3012 
body -0.0168 1 6 3009 
body 0.0070 1 7 3009 
body 0.0048 1 7 3010 
body 0.0258 1 6 3010 
body -0.0044 4 24 12030 
body 0.0151 1 7 3014 
body -0.0186 1 6 3009 
body 0.0135 2 13 6019 
body -0.0255 2 11 6013 
body 0.0039 2 11 6008 
body -0.0075 3 14 9021 
body -0.0273 1 7 3015 
body -0.0020 2 14 6071 
body -0.0395 1 6 3009 
body 0.0638 1 5 3003 
body 0.0505 1 6 3007 
body 0.0261 1 7 3010 
body 0.0166 1 6 3003 
body -0.0074 2 14 6024 
body -0.0375 2 9 6003 
body -0.0295 1 7 4390 
body 0.0296 1 7 5829 
body 0.0286 1 7 3016 
body -0.0308 2 10 6006 
body -0.0175 2 12 6010 
body 0.0397 1 6 3009 
body 0.0395 1 6 3004 
body 0.0434 1 5 3007 
body 0.0077 2 12 5952 
body -0.0058 1 4 3000 
body -0.0012 3 16 9048 
body 0.0235 1 7 3005 
body -0.0023 2 11 6009 
body 0.0383 1 5 3004 
body -0.0177 1 6 3005 
body -0.0013 1 6 3003 
body 0.0043 2 9 6010 
body 0.0167 1 6 3005 
body -0.0242 2 12 6015 
body -0.0199 1 5 3001 
body -0.0340 1 5 3002 
body 0.0155 3 17 9411 
body -0.0362 1 4 3000 
body -0.0015 4 22 12066 
body 0.0792 1 4 3000 
body 0.0468 2 10 6079 
body -0.1344 1 4 3003 
body 0.0461 1 4 3000 
body 0.0441 1 4 3000 
body -0.0119 2 12 6010 
body 0.0374 1 3 2999 
body 0.0689 1 4 3000 
body 0.0027 1 4 3004 
body -0.1156 1 5 4680 
body 0.0131 1 4 3001 
body 0.0165 2 10 6009 
body -0.0124 3 16 9022 
body -0.0133 2 9 6002 
body 0.0036 2 10 6047 
body 0.0257 1 4 3001 
body 0.0026 2 9 6016 
body 0.0147 1 4 2940 
body 0.0187 1 6 3006 
body -0.0091 3 13 9065 
body -0.0128 1 5 3004 
body -0.0134 2 8 6011 
body 0.0502 1 3 3000 
body -0.0082 4 23 12104 
body -0.0404 3 15 9051 
body -0.0393 1 5 3001 
body -0.0036 2 10 6008 
body 0.0083 3 16 9020 
body 0.0011 1 4 3000 
body -0.0231 1 4 3001 
body -0.0266 2 12 6012 
body 0.0343 1 6 3002 
body -0.0063 2 10 6013 
body 0.0201 1 3 3027 
body -0.0135 2 9 7505 
body -0.0218 1 3 2999 
body -0.0366 1 6 3003 
body -0.0060 1 7 4623 
body 0.0129 2 10 6245 
body 0.0227 2 11 6006 
body -0.0187 2 11 6014 
body -0.0052 2 9 6009 
body -0.0350 1 5 3001 
body -0.0167 1 6 3005 
body -0.0139 2 12 6696 
body -0.0243 1 3 2999 
body -0.0264 1 4 3000 
body 0.0220 1 5 3003 
body -0.0230 2 12 6009 
body -0.0391 1 3 2999 
body -0.0229 2 12 6010 
body 0.0510 1 4 3000 
body -0.0282 1 4 3000 
body -0.0353 1 4 3001 
body 0.0089 4 25 12026 
body 0.0229 2 10 6004 
body 0.0459 1 4 3000 
body -0.0191 2 11 6528 
body -0.0284 2 13 7264 
body 0.0093 1 7 3030 
body 0.0111 3 18 9018 
body -0.0208 2 12 6077 
body 0.0050 1 7 3021 
body 0.0253 1 7 3047 
body 0.0390 1 6 3031 
body 0.0069 2 14 6213 
body 0.0004 1 7 3158 
body -0.0003 1 6 3048 
body -0.0289 1 6 3006 
body -0.0126 1 6 3009 
body -0.0448 1 7 3007 
body 0.0435 1 6 3010 
body -0.0209 1 7 3010 
body 0.0174 1 6 3012 
body 0.0270 1 4 3000 
body 0.0140 2 13 6033 
body -0.0165 2 12 5957 
body 0.0230 1 5 3005 
body -0.0233 1 6 3059 
body -0.0337 1 6 3083 
body 0.0085 3 17 9050 
body -0.0104 1 3 2999 
body 0.0186 4 22 12075 
body 0.0349 1 6 3002 
body 0.0113 1 5 3001 
body -0.0200 2 11 6283 
body -0.0026 2 10 6018 
body 0.0222 1 4 3001 
body -0.0055 4 21 13469 
body -0.0267 1 7 3048 
body -0.0379 1 7 3084 
body 0.0260 1 4 3018 
body 0.0195 1 5 3002 
body -0.0185 2 13 6104 
body 0.0007 2 11 6019 
body -0.0288 1 4 3000 
body -0.0118 1 5 3422 
body 0.0211 2 11 6017 
body 0.0068 3 18 9023 
body -0.0261 1 6 3006 
body 0.0028 3 20 10830 
body -0.0152 1 5 3001 
body 0.0126 2 13 6016 
body -0.0183 1 6 3005 
body 0.0158 2 13 7429 
body -0.0122 1 6 3006 
body -0.0132 1 4 3001 
body -0.0024 1 7 3022 
body 0.0125 1 7 3029 
body 0.0057 1 5 3004 
body -0.0176 1 6 3009 
body 0.0212 1 7 3007 
body 0.0121 2 14 6032 
body 0.0013 2 14 6023 
body -0.0144 3 15 9010 
body 0.0001 2 12 6029 
body -0.0160 2 9 6006 
body 0.0283 1 6 3010 
body 0.0031 3 19 9055 
body 0.0160 1 5 3002 
body 0.0118 2 10 6015 
body 0.0074 1 6 3005 
body -0.0059 3 20 9154 
body -0.0232 1 5 3008 
body -0.0083 2 13 7577 
body 0.0226 1 7 3010 
body -0.0153 3 20 9032 
body 0.0128 1 6 3011 
body 0.0210 1 6 3066 
body 0.0071 1 7 3027 
body 0.0162 2 13 6037 
body 0.0120 1 7 3008 
body 0.0009 1 6 4444 
body 0.0148 1 6 3010 
body -0.0227 1 7 2951 
body -0.0138 1 6 3007 
body 0.0092 1 7 3018 
body 0.0061 3 21 9043 
body -0.0103 1 7 3014 
body -0.0217 1 7 3017 
body -0.0145 1 7 3019 
body -0.0057 3 20 9031 
body -0.0070 3 18 9030 
body 0.0107 1 7 3016 
body -0.0150 1 7 3017 
body -0.0069 1 7 3138 
body -0.0149 1 7 3073 
body 0.0388 1 7 3046 
body 0.0008 2 11 8839 
body -0.0205 1 7 3047 
body -0.0402 1 7 3055 
body 0.0096 1 6 3012 
body 0.0303 2 14 6809 
body -0.0039 1 5 3005 
body 0.0322 1 4 3005 
body 0.0073 1 6 3196 
body -0.0094 1 6 3003 
body 0.0149 3 18 9013 
body 0.0106 1 4 3002 
body 0.0969 1 5 3003 
body -0.0408 2 11 6005 
body 0.0326 1 6 3006 
body 0.0132 1 7 3008 
body -0.0336 1 6 3013 
body -0.0009 1 5 3005 
body 0.0589 1 6 3007 
body 0.0209 1 4 3005 
body 0.0246 2 10 6010 
body 0.0447 1 3 3002 
body 0.0427 1 5 3005 
body -0.0553 1 3 3001 
body 0.0297 1 3 3002 
body -0.0210 2 10 6026 
body -0.0611 1 6 3005 
body 0.0109 2 10 5966 
body 0.0207 1 4 3000 
body -0.0423 1 4 3000 
body -0.0112 1 5 3001 
body 0.0362 1 5 3002 
body -0.0089 1 6 3004 
body -0.0081 1 6 3009 
body -0.0141 1 6 3007 
body 0.0311 1 6 3008 
body -0.0245 1 6 3015 
body -0.0224 1 4 3011 
body -0.0276 1 6 3016 
body -0.0223 2 13 7381 
body -0.0053 1 4 3012 
body -0.0250 1 5 3014 
body 0.0022 2 12 6036 
body 0.0124 1 6 3017 
body -0.0161 1 7 3008 
body -0.0174 2 13 6048 
body 0.0153 1 6 3006 
body -0.0061 1 6 3004 
body 0.0182 1 7 3008 
body -0.0331 1 6 3007 
body -0.0253 1 7 3010 
body 0.0075 1 6 3004 
body 0.0194 1 6 3009 
body -0.0162 1 5 3003 
body 0.0214 1 7 3021 
body 0.0143 2 13 6033 
body -0.0206 1 6 4522 
body -0.0215 1 6 3022 
body 0.0371 1 7 3016 
body 0.0163 1 7 3184 
body 0.0051 2 13 6024 
body 0.0024 2 14 6029 
body 0.0422 1 5 3003 
body 0.0012 2 12 6018 
body -0.0173 1 7 3004 
body -0.0333 1 6 3020 
body 0.0005 2 13 6026 
body -0.0434 1 7 3020 
body 0.0095 1 5 3013 
body 0.0037 1 7 3020 
body 0.0188 1 7 3204 
body -0.0440 1 7 3008 
body 0.0105 1 7 3018 
up 0.0218 1 7 3481 
up 0.0114 5 32 15507 
up 0.0146 2 12 6219 
up 0.0019 17 111 57621 
up 0.0098 3 20 9473 
up 0.0130 3 16 9657 
up 0.0228 1 7 3771 
up 0.0106 3 20 9640 
up 0.0147 2 14 6607 
up 0.0132 5 32 17046 
up 0.0012 8 50 32611 
up 0.0015 9 58 29778 
up 0.0052 5 31 16957 
up 0.0148 1 7 3359 
up 0.0131 3 21 12147 
up 0.0195 3 18 9205 
up 0.0152 3 19 9546 
up 0.0134 5 35 18701 
up 0.0060 8 50 26192 
up 0.0127 3 21 11696 
up 0.0051 11 69 37761 
up 0.0126 1 7 3406 
up 0.0032 8 51 25930 
up 0.0142 2 14 6357 
up 0.0035 7 40 21349 
up 0.0000 5 35 23892 
up 0.0043 9 57 29351 
up 0.0031 13 83 42758 
up 0.0100 2 14 6828 
up 0.0110 3 21 13543 
up 0.0171 4 25 13018 
up 0.0068 13 80 46465 
up 0.0013 8 46 27288 
up 0.0111 4 24 13479 
up 0.0180 3 19 10329 
up 0.0143 4 26 13053 
up 0.0065 6 38 24202 
up 0.0075 3 20 9747 
up 0.0046 12 75 40693 
up 0.0085 6 29 19026 
up 0.0024 4 24 14926 
up 0.0086 4 28 12711 
up 0.0069 12 67 36558 
up 0.0224 1 7 3411 
up 0.0214 1 7 3548 
up 0.0042 6 37 21950 
up 0.0050 6 37 21981 
up 0.0072 7 38 22703 
up 0.0011 7 47 26697 
up 0.0211 2 10 8189 
up 0.0116 3 21 12381 
up 0.0080 6 38 23299 
up 0.0074 4 27 18286 
up 0.0102 3 21 12406 
up 0.0028 13 81 42617 
up 0.0105 4 26 14021 
up 0.0055 8 51 31395 
up 0.0026 12 77 38675 
up 0.0090 5 33 19141 
up 0.0058 7 45 26423 
up 0.0091 3 18 11750 
up 0.0138 3 21 12251 
up 0.0044 7 43 23332 
up 0.0010 8 46 26049 
up 0.0057 10 63 32171 
up 0.0001 6 37 20170 
up 0.0084 7 43 22954 
up 0.0036 7 46 25365 
up 0.0159 3 18 12646 
up 0.0203 2 12 7242 
up 0.0262 1 7 4427 
up 0.0066 4 25 13564 
up 0.0040 15 94 52753 
up 0.0242 1 7 4958 
up 0.0202 4 23 14050 
up 0.0119 3 16 11542 
up 0.0184 3 17 13866 
up 0.0129 4 22 14249 
up 0.0049 10 59 33900 
up 0.0018 7 43 25267 
up 0.0154 2 14 8895 
up 0.0206 1 7 5131 
up 0.0048 7 43 25538 
up 0.0029 7 39 24258 
up 0.0101 4 28 14576 
up 0.0103 4 26 15682 
up 0.0089 8 50 30475 
up 0.0053 7 44 25099 
up 0.0198 1 7 4498 
up 0.0009 2 14 7173 
up 0.0117 2 14 7359 
up 0.0033 12 81 39667 
up 0.0067 12 63 37204 
up 0.0030 7 42 22497 
up 0.0220 1 7 3977 
up 0.0137 1 7 4057 
up 0.0081 7 44 22917 
up 0.0104 6 35 18888 
up 0.0173 2 10 7359 
up 0.0121 3 18 9981 
up 0.0096 5 33 16009 
up 0.0122 4 27 13148 
up 0.0004 4 26 12837 
up 0.0023 10 65 31093 
up 0.0020 13 84 41625 
up 0.0237 2 11 6910 
up 0.0128 4 24 12069 
up 0.0095 6 33 18059 
up 0.0073 8 45 24073 
up 0.0382 1 7 3031 
up 0.0238 1 7 3037 
up 0.0169 4 23 12038 
up 0.0064 5 32 15077 
up 0.0158 2 11 6034 
up 0.0063 8 48 24093 
up 0.0037 7 45 21141 
up 0.0070 5 32 15122 
up 0.0153 3 20 9024 
up 0.0178 2 13 6014 
up 0.0136 2 11 6012 
up 0.0041 7 42 21015 
up 0.0021 10 62 30166 
up 0.0181 2 14 6028 
up 0.0149 4 26 12055 
up 0.0071 5 32 16421 
up 0.0088 3 19 10708 
up 0.0077 4 23 12103 
up 0.0112 6 37 18044 
up 0.0118 6 38 18549 
up 0.0094 6 37 18018 
up 0.0097 5 32 15058 
up 0.0108 6 29 18075 
up 0.0092 8 42 24043 
up 0.0025 7 43 21124 
up 0.0078 4 26 12048 
up 0.0109 2 11 6010 
up 0.0123 4 24 11972 
up 0.0047 2 12 6013 
up 0.0309 1 6 3008 
up 0.0255 1 6 3006 
up 0.0022 8 46 24411 
up 0.0062 9 51 28768 
up 0.0165 2 13 6168 
up 0.0061 3 20 9036 
up 0.0007 6 41 21060 
up 0.0135 2 11 6006 
up 0.0099 7 44 21285 
up 0.0008 10 62 30194 
up 0.0039 11 62 33593 
up 0.0151 2 12 6010 
up 0.0125 1 6 3013 
up 0.0005 9 59 28030 
up 0.0016 7 42 21108 
up 0.0017 11 75 33492 
up 0.0002 5 30 15033 
up 0.0045 6 31 18032 
up 0.0076 10 55 31836 
up 0.0003 4 25 12032 
up 0.0190 2 11 6070 
up 0.0113 2 12 6017 
up 0.0014 8 48 25509 
up 0.0120 2 12 5960 
up 0.0054 3 16 9015 
up 0.0059 6 34 18054 
up 0.0170 1 6 3007 
up 0.0083 2 11 6003 
up 0.0200 1 5 3002 
up 0.0056 4 25 12225 
up 0.0150 2 13 6018 
up 0.0334 1 5 3003 
up 0.0346 1 5 2943 
up 0.0194 2 11 6013 
up 0.0166 3 18 9090 
up 0.0331 1 7 3005 
up 0.0141 1 6 3004 
up 0.0139 1 6 3004 
up 0.0182 1 5 3004 
up 0.0185 2 10 6006 
up 0.0261 1 5 3001 
up 0.0335 1 4 3000 
up 0.0282 1 3 2999 
up 0.0241 1 3 2999 
up 0.0510 1 4 3004 
up 0.0358 1 6 4613 
up 0.0314 1 4 3001 
up 0.0359 1 3 2999 
up 0.0205 2 9 6013 
up 0.0167 1 4 3000 
up 0.0027 8 49 26012 
up 0.0407 1 3 2999 
up 0.0172 2 11 6009 
up 0.0236 2 11 7421 
up 0.0162 3 16 9014 
up 0.0274 1 4 3000 
up 0.0244 2 10 6196 
up 0.0257 1 3 3000 
up 0.0168 1 5 3005 
up 0.0187 2 11 7624 
up 0.0208 1 3 2999 
up 0.0294 1 4 3000 
up 0.0124 2 10 6006 
up 0.0082 5 29 15096 
up 0.0038 5 32 15065 
up 0.0160 1 6 3048 
up 0.0221 1 6 3002 
up 0.0087 5 29 15549 
up 0.0213 1 6 3083 
up 0.0115 3 17 9065 
up 0.0034 3 20 9026 
up 0.0006 5 33 15205 
up 0.0188 1 7 3010 
up 0.0093 3 17 9055 
up 0.0144 1 7 3013 
up 0.0284 1 7 3046 
up 0.0163 1 7 3046 
up 0.0133 1 5 3004 
up 0.0260 1 5 3005 
up 0.0235 1 6 3004 
up 0.0174 1 5 3003 
up 0.0204 1 3 3001 
up 0.0250 1 3 3003 
up 0.0079 1 4 3003 
up 0.0183 1 6 3006 
up 0.0217 1 6 3003 
up 0.0635 1 4 3011 
up 0.0189 2 10 6050 
up 0.0107 1 7 3016 
up 0.0161 1 5 3013 
down 0.0227 2 14 8324 
down 0.0060 10 67 35176 
down 0.0138 2 12 6221 
down 0.0203 1 7 3901 
down 0.0012 9 53 30021 
down 0.0212 2 11 6584 
down 0.0201 1 7 3771 
down 0.0152 5 30 16024 
down 0.0045 6 39 19871 
down 0.0021 6 38 22950 
down 0.0195 1 7 3240 
down 0.0148 1 7 3530 
down 0.0238 1 7 3465 
down 0.0029 11 70 37143 
down 0.0133 1 7 4274 
down 0.0167 3 18 9263 
down 0.0092 5 32 17100 
down 0.0049 17 105 57494 
down 0.0086 7 47 24540 
down 0.0022 5 32 15519 
down 0.0017 9 58 30036 
down 0.0234 1 7 3331 
down 0.0103 4 25 13339 
down 0.0132 5 28 17986 
down 0.0053 3 20 9327 
down 0.0200 3 17 9779 
down 0.0063 11 71 37759 
down 0.0072 6 38 19032 
down 0.0004 6 37 19079 
down 0.0111 4 27 18681 
down 0.0112 8 51 27316 
down 0.0131 4 23 13352 
down 0.0216 3 21 9743 
down 0.0079 5 35 18311 
down 0.0026 14 84 47174 
down 0.0136 6 31 18663 
down 0.0050 6 37 18603 
down 0.0015 10 55 32259 
down 0.0002 4 26 12438 
down 0.0016 11 67 37604 
down 0.0150 2 14 8606 
down 0.0113 3 20 11015 
down 0.0095 9 61 28790 
down 0.0046 18 113 60443 
down 0.0128 1 7 6124 
down 0.0084 6 35 24201 
down 0.0048 11 67 37418 
down 0.0135 3 21 12199 
down 0.0184 1 7 5185 
down 0.0030 8 50 29812 
down 0.0147 4 20 14158 
down 0.0110 4 24 15477 
down 0.0101 3 18 12654 
down 0.0035 14 89 44313 
down 0.0089 2 14 8192 
down 0.0076 2 14 8540 
down 0.0031 7 38 24561 
down 0.0018 8 48 26248 
down 0.0041 9 56 31173 
down 0.0020 8 52 29209 
down 0.0124 3 20 11103 
down 0.0013 9 59 33455 
down 0.0207 1 7 4914 
down 0.0091 4 25 13957 
down 0.0083 5 30 19136 
down 0.0172 3 20 11066 
down 0.0194 1 7 5221 
down 0.0068 3 21 13151 
down 0.0141 2 14 8851 
down 0.0088 7 45 23392 
down 0.0174 1 7 6026 
down 0.0010 6 32 20926 
down 0.0108 6 37 24561 
down 0.0001 9 61 42191 
down 0.0075 10 64 35682 
down 0.0056 14 88 45031 
down 0.0069 1 7 5212 
down 0.0243 1 7 5201 
down 0.0067 5 33 17455 
down 0.0052 7 40 24616 
down 0.0059 6 35 20128 
down 0.0037 7 41 22697 
down 0.0064 5 28 16509 
down 0.0126 3 21 11486 
down 0.0054 5 31 16488 
down 0.0102 6 35 19178 
down 0.0087 12 75 37523 
down 0.0003 9 58 31204 
down 0.0137 2 14 10229 
down 0.0115 6 37 19255 
down 0.0251 1 7 4443 
down 0.0186 1 7 4664 
down 0.0009 13 81 40062 
down 0.0090 12 65 37102 
down 0.0300 1 7 4072 
down 0.0051 6 36 19058 
down 0.0097 6 35 19283 
down 0.0164 1 7 3799 
down 0.0043 11 71 33934 
down 0.0127 3 20 10031 
down 0.0171 4 26 13131 
down 0.0047 5 30 16192 
down 0.0094 5 28 16200 
down 0.0038 8 48 24839 
down 0.0093 5 30 15795 
down 0.0019 12 72 38494 
down 0.0096 3 20 11910 
down 0.0183 2 12 6038 
down 0.0040 11 72 35728 
down 0.0062 6 36 18060 
down 0.0130 4 18 12032 
down 0.0023 7 40 21065 
down 0.0165 3 17 9131 
down 0.0170 2 14 6043 
down 0.0118 3 15 9051 
down 0.0070 5 33 15088 
down 0.0312 1 7 3033 
down 0.0025 12 76 36147 
down 0.0007 10 60 30214 
down 0.0106 3 17 9032 
down 0.0085 4 25 12035 
down 0.0034 9 52 27128 
down 0.0042 6 37 18218 
down 0.0188 1 7 3017 
down 0.0044 9 57 27802 
down 0.0014 8 50 25693 
down 0.0107 8 51 25097 
down 0.0065 8 52 25395 
down 0.0055 9 54 27087 
down 0.0028 8 49 25474 
down 0.0027 3 20 9022 
down 0.0024 4 24 12109 
down 0.0099 3 19 9162 
down 0.0117 2 12 6015 
down 0.0005 10 62 30169 
down 0.0158 2 14 6016 
down 0.0039 9 52 27752 
down 0.0066 6 41 18077 
down 0.0120 1 6 3005 
down 0.0077 2 12 6017 
down 0.0179 1 7 3012 
down 0.0144 1 7 3006 
down 0.0061 2 12 6012 
down 0.0032 6 39 18042 
down 0.0109 5 29 14985 
down 0.0058 9 54 28700 
down 0.0074 4 24 12524 
down 0.0104 1 6 3008 
down 0.0163 4 19 12013 
down 0.0105 4 24 12026 
down 0.0151 2 14 6050 
down 0.0081 4 26 12034 
down 0.0008 5 32 15900 
down 0.0011 3 20 9038 
down 0.0116 1 7 4388 
down 0.0197 3 16 9034 
down 0.0080 2 12 6015 
down 0.0159 3 18 9021 
down 0.0260 1 7 3010 
down 0.0196 3 18 9033 
down 0.0033 8 46 23976 
down 0.0123 1 5 3024 
down 0.0157 2 11 6009 
down 0.0082 3 17 9079 
down 0.0270 1 6 3003 
down 0.0000 5 26 15057 
down 0.0213 2 10 6004 
down 0.0006 5 24 15053 
down 0.0263 1 5 3001 
down 0.0168 2 10 6096 
down 0.0299 1 6 3005 
down 0.0114 3 17 9016 
down 0.0275 1 4 3000 
down 0.0330 1 6 3003 
down 0.0198 1 4 3004 
down 0.0236 1 5 4680 
down 0.0073 5 26 15055 
down 0.0395 2 7 5999 
down 0.0359 1 3 2999 
down 0.0121 2 8 6003 
down 0.0140 2 11 6008 
down 0.0223 1 3 2999 
down 0.0182 1 6 3006 
down 0.0119 3 15 9021 
down 0.0177 1 6 3005 
down 0.0134 6 33 17984 
down 0.0169 1 3 2999 
down 0.0240 2 12 6052 
down 0.0036 10 56 30087 
down 0.0057 7 42 24053 
down 0.0191 1 3 2999 
down 0.0139 4 22 12028 
down 0.0146 1 7 3005 
down 0.0224 1 7 3011 
down 0.0143 1 7 3030 
down 0.0071 7 45 21107 
down 0.0221 1 7 3021 
down 0.0100 2 10 6078 
down 0.0153 1 5 3001 
down 0.0125 1 4 3000 
down 0.0122 1 6 3005 
down 0.0078 6 34 19609 
down 0.0149 1 7 3031 
down 0.0244 1 6 4444 
down 0.0175 2 10 6034 
down 0.0181 1 7 3040 
down 0.0189 1 7 3046 
down 0.0160 1 6 3033 
down 0.0155 1 6 3007 
down 0.0242 1 5 3003 
down 0.0258 1 5 3002 
down 0.0204 1 5 3065 
down 0.0237 1 4 3002 
down 0.0382 1 6 3006 
down 0.0199 1 4 3012 
down 0.0286 1 5 3006 
down 0.0162 1 6 2944 
down 0.0098 1 7 3012 
