open 64.29 9 7 12 
open 64.26 13 13 54 
open 64.31 10 10 26 
open 64.25 7 11 40 
open 64.34 9 11 35 
open 64.35 10 5 12 
open 64.49 10 9 43 
open 64.42 16 10 35 
open 64.40 11 6 16 
open 64.56 12 8 46 
open 64.57 8 6 39 
open 64.46 16 5 8 
open 64.52 6 4 27 
open 64.44 14 6 18 
open 64.65 19 19 99 
open 64.72 19 20 72 
open 64.75 8 4 23 
open 64.60 17 5 11 
open 64.58 15 5 12 
open 64.59 14 6 21 
open 64.63 15 8 31 
open 64.68 27 24 106 
open 64.70 24 22 78 
open 64.69 15 14 46 
open 64.61 7 3 4 
open 64.41 12 3 5 
open 64.53 6 0 0 
open 64.39 11 6 10 
open 64.54 5 2 23 
open 64.62 9 7 20 
open 64.66 23 18 88 
open 64.64 21 24 114 
open 64.55 9 4 23 
open 64.71 11 7 32 
open 64.73 20 11 43 
open 64.48 10 4 26 
open 64.50 6 0 0 
open 64.43 8 2 4 
open 64.38 5 2 5 
open 64.32 13 6 8 
open 64.24 11 9 21 
open 64.17 13 12 96 
open 64.22 9 5 9 
open 64.37 11 5 7 
open 64.28 13 16 185 
open 64.30 10 2 6 
open 64.27 4 1 3 
open 64.33 9 10 31 
open 64.45 3 2 2 
open 64.23 6 1 4 
open 64.16 5 3 8 
open 63.81 15 21 105 
open 63.44 14 10 56 
open 63.43 10 12 40 
open 63.33 21 16 65 
open 63.49 23 14 31 
open 63.25 12 8 32 
open 63.08 13 21 84 
open 63.04 6 12 45 
open 63.07 5 8 38 
open 63.15 12 16 61 
open 63.16 11 10 41 
open 63.12 14 20 58 
open 63.20 11 8 27 
open 63.11 6 3 8 
open 63.19 13 7 18 
open 63.09 4 6 24 
open 63.22 6 1 7 
open 63.37 20 20 78 
open 63.47 16 16 57 
open 63.32 10 8 25 
open 63.42 21 22 68 
open 63.52 10 11 42 
open 63.40 29 31 92 
open 63.35 26 31 89 
open 63.46 30 21 68 
open 63.41 24 29 130 
open 63.39 19 16 75 
open 63.31 26 25 103 
open 63.30 19 8 22 
open 63.27 10 7 30 
open 63.29 15 9 28 
open 63.23 22 7 26 
open 63.36 18 20 65 
open 63.38 18 27 89 
open 63.34 22 8 22 
open 63.45 23 25 71 
open 63.50 13 14 61 
open 63.62 19 10 55 
open 63.64 10 9 52 
open 64.05 16 10 56 
open 64.07 15 6 24 
open 63.60 9 5 14 
open 64.06 23 14 23 
open 64.51 7 2 14 
open 64.83 17 18 53 
open 64.76 9 5 16 
open 64.36 10 1 2 
open 64.78 16 17 115 
open 64.84 19 9 38 
open 64.90 9 3 10 
open 64.92 15 7 25 
open 64.89 8 1 2 
open 65.14 14 9 29 
open 65.18 9 4 13 
open 64.87 11 5 28 
open 65.15 16 8 20 
open 65.22 14 0 0 
open 65.24 6 6 7 
open 65.10 11 1 2 
open 65.13 13 7 16 
open 65.27 10 3 25 
open 65.08 12 4 4 
open 65.26 6 4 14 
open 65.12 20 7 25 
open 65.34 15 6 21 
open 65.36 11 1 1 
open 65.25 7 4 16 
open 65.35 10 8 41 
open 65.29 12 2 11 
open 65.37 12 9 59 
open 65.28 9 6 29 
open 65.31 14 4 36 
open 65.33 12 9 67 
open 65.39 14 6 26 
open 65.32 6 4 15 
open 65.38 9 6 30 
open 65.43 17 6 43 
open 65.41 10 11 75 
open 65.42 10 8 40 
open 65.48 9 5 27 
open 65.47 13 5 13 
open 65.52 14 8 17 
open 65.55 19 4 6 
open 65.46 12 3 6 
open 65.53 8 5 7 
open 65.50 10 2 6 
open 65.59 15 11 82 
open 65.58 12 5 16 
open 65.60 24 17 60 
open 65.84 27 5 20 
open 66.04 27 11 36 
open 66.12 15 3 12 
open 66.29 7 0 0 
open 66.11 21 7 17 
open 65.93 19 3 5 
open 66.05 21 11 48 
open 66.02 11 4 8 
open 66.09 8 0 0 
open 66.01 17 3 6 
open 66.23 14 5 15 
open 65.99 18 2 3 
open 66.22 8 1 1 
open 66.49 4 0 0 
open 66.17 3 1 3 
open 66.54 4 0 0 
open 66.69 1 0 0 
open 66.47 2 0 0 
open 66.53 13 18 119 
open 66.38 8 2 7 
open 66.42 5 2 8 
open 66.39 5 4 14 
open 66.41 5 2 2 
open 66.57 6 4 35 
open 66.40 9 4 32 
open 66.71 1 0 0 
open 66.73 1 0 0 
open 66.55 3 1 4 
open 66.70 2 0 0 
open 66.56 4 4 27 
open 66.35 5 4 9 
open 66.33 11 2 4 
open 66.18 9 3 6 
open 66.27 5 2 6 
open 66.34 7 0 0 
open 66.26 12 2 4 
open 66.20 17 8 28 
open 66.30 5 1 2 
open 66.28 8 0 0 
open 66.31 5 1 3 
open 66.13 8 6 43 
open 66.32 4 0 0 
open 66.08 16 2 4 
open 66.36 5 2 7 
open 66.25 5 2 5 
open 66.44 3 2 8 
open 66.24 8 5 15 
open 66.16 12 3 14 
open 66.21 11 2 8 
open 66.48 3 2 3 
open 66.43 3 0 0 
open 66.14 9 1 4 
open 66.37 5 3 10 
open 66.61 7 11 110 
open 66.62 4 8 87 
open 66.64 1 2 24 
open 66.60 201 402 6025 
open 66.58 206 406 6044 
open 66.51 4 3 9 
open 66.59 1 1 4 
open 66.66 3 1 1 
open 66.67 1 1 1 
open 66.50 3 3 3 
open 66.45 4 2 2 
open 66.19 9 2 11 
open 66.15 8 2 6 
open 66.10 14 3 4 
open 65.89 24 9 56 
open 65.86 19 10 35 
open 65.92 18 3 10 
open 65.95 9 2 9 
open 65.87 12 0 0 
open 66.03 16 8 31 
open 65.96 21 5 9 
open 66.00 19 11 28 
open 65.83 23 14 74 
open 65.88 22 7 19 
open 65.94 16 8 35 
open 65.85 25 16 62 
open 65.81 24 16 52 
open 65.79 16 16 104 
open 65.80 13 4 19 
open 65.75 27 24 100 
open 65.78 23 13 24 
open 65.61 15 14 46 
open 65.65 14 11 69 
open 65.56 23 18 102 
open 65.66 21 20 73 
open 65.57 11 7 27 
open 65.63 18 20 198 
open 65.54 8 6 17 
open 65.64 20 29 139 
open 65.51 5 2 9 
open 65.90 425 824 12201 
open 65.91 14 3 3 
open 65.98 17 3 5 
open 65.74 18 13 54 
open 65.45 8 1 1 
open 65.62 23 20 88 
open 65.76 21 14 59 
open 65.30 14 2 3 
open 65.40 8 2 5 
open 65.11 12 3 8 
open 65.21 11 8 19 
open 65.16 10 0 0 
open 65.17 4 1 1 
open 65.07 11 3 12 
open 65.20 8 5 22 
open 65.02 19 9 20 
open 65.03 14 6 17 
open 65.00 415 806 12021 
open 65.05 7 2 3 
open 64.99 16 4 8 
open 64.95 8 0 0 
open 64.93 11 0 0 
open 64.96 18 9 27 
open 64.86 13 3 3 
open 64.82 12 5 8 
open 64.88 11 6 22 
open 65.23 21 7 9 
open 65.44 14 6 21 
open 65.67 12 13 90 
open 65.70 13 11 49 
open 65.72 14 11 108 
open 65.71 15 11 66 
open 65.69 13 11 73 
open 65.77 14 13 41 
open 65.82 18 4 15 
open 65.49 8 2 4 
open 64.81 22 24 105 
open 64.85 12 11 52 
open 64.98 19 3 11 
open 64.91 16 11 48 
open 64.79 18 20 133 
open 64.80 11 9 71 
open 65.04 8 5 15 
open 65.06 12 3 7 
open 64.97 9 4 5 
open 64.94 13 4 12 
open 65.01 15 6 13 
open 64.74 15 15 60 
open 64.47 11 7 47 
open 64.67 16 15 78 
open 64.77 20 25 107 
open 65.73 34 22 48 
open 66.06 9 8 56 
open 66.07 10 9 39 
open 65.97 20 13 102 
open 66.46 1 1 2 
open 65.68 6 4 25 
open 65.19 8 5 28 
open 65.09 3 2 2 
open 64.20 6 4 14 
open 64.11 13 17 131 
open 64.14 13 6 12 
open 63.90 35 22 189 
open 63.92 29 24 94 
open 64.00 21 16 79 
open 63.93 18 11 28 
open 63.96 18 18 77 
open 64.01 25 18 76 
open 64.04 12 4 7 
open 64.13 9 6 23 
open 64.19 8 4 12 
open 64.08 11 5 14 
open 64.02 18 9 17 
open 63.89 27 13 41 
open 63.85 23 20 126 
open 63.91 25 25 113 
open 63.87 14 12 48 
open 64.10 16 3 9 
open 64.15 8 4 23 
open 64.03 16 4 9 
open 63.99 11 4 10 
open 63.94 19 8 24 
open 64.18 5 1 1 
open 63.78 16 17 95 
open 63.67 418 818 12095 
open 63.79 12 5 24 
open 63.69 26 26 128 
open 63.68 16 14 77 
open 63.71 17 19 83 
open 63.59 12 0 0 
open 63.51 11 4 13 
open 63.58 21 11 43 
open 63.61 10 11 111 
open 63.63 15 9 67 
open 63.24 12 7 17 
open 63.18 5 1 2 
open 63.56 19 17 103 
open 63.57 15 9 54 
open 63.28 10 5 26 
open 63.66 14 10 35 
open 63.73 18 19 78 
open 63.77 16 19 129 
open 63.72 8 12 54 
open 63.55 15 7 15 
open 63.54 6 8 46 
open 63.70 14 13 52 
open 63.74 20 30 222 
open 63.80 19 22 85 
open 63.83 14 8 52 
open 63.76 12 13 42 
open 63.82 416 817 12140 
open 63.84 19 13 39 
open 63.86 15 10 38 
open 63.65 5 2 9 
open 63.17 11 2 2 
open 63.14 11 8 19 
open 63.13 5 5 9 
open 63.10 8 3 11 
open 63.88 21 15 101 
open 63.98 14 21 185 
open 63.95 12 4 4 
open 63.75 5 4 5 
open 63.26 12 0 0 
open 63.53 4 1 2 
open 63.21 5 3 3 
open 63.02 2 0 0 
open 62.96 3 1 2 
open 63.01 5 3 3 
open 62.99 9 6 22 
open 63.48 7 2 4 
open 63.97 14 8 20 
open 64.09 11 11 77 
open 64.12 6 1 1 
open 64.21 4 0 0 
open 63.06 7 9 20 
open 62.97 9 10 30 
open 63.05 7 11 34 
open 63.00 6 5 16 
open 62.94 4 2 4 
open 62.98 5 3 3 
open 62.86 5 0 0 
open 62.92 4 0 0 
open 62.82 2 0 0 
open 62.78 2 0 0 
open 62.81 1 0 0 
open 62.89 7 6 18 
open 62.77 1 0 0 
open 62.80 5 0 0 
open 62.91 2 2 7 
open 62.95 5 3 10 
open 62.87 2 1 1 
open 62.83 1 0 0 
open 62.93 3 4 14 
open 63.03 4 7 27 
open 62.90 3 3 16 
hight 64.29 9 7 12 
hight 64.26 13 13 54 
hight 64.31 10 10 26 
hight 64.25 7 11 40 
hight 64.34 9 11 35 
hight 64.35 10 5 12 
hight 64.49 10 9 43 
hight 64.42 16 10 35 
hight 64.40 11 6 16 
hight 64.56 12 8 46 
hight 64.57 8 6 39 
hight 64.46 16 5 8 
hight 64.52 6 4 27 
hight 64.44 14 6 18 
hight 64.65 19 19 99 
hight 64.72 19 20 72 
hight 64.75 8 4 23 
hight 64.60 17 5 11 
hight 64.58 15 5 12 
hight 64.59 14 6 21 
hight 64.63 15 8 31 
hight 64.68 27 24 106 
hight 64.70 24 22 78 
hight 64.69 15 14 46 
hight 64.61 7 3 4 
hight 64.41 12 3 5 
hight 64.53 6 0 0 
hight 64.39 11 6 10 
hight 64.54 5 2 23 
hight 64.62 9 7 20 
hight 64.66 23 18 88 
hight 64.64 21 24 114 
hight 64.55 9 4 23 
hight 64.71 11 7 32 
hight 64.73 20 11 43 
hight 64.48 10 4 26 
hight 64.50 6 0 0 
hight 64.43 8 2 4 
hight 64.38 5 2 5 
hight 64.32 13 6 8 
hight 64.24 11 9 21 
hight 64.17 13 12 96 
hight 64.22 9 5 9 
hight 64.37 11 5 7 
hight 64.28 13 16 185 
hight 64.30 10 2 6 
hight 64.27 4 1 3 
hight 64.33 9 10 31 
hight 64.45 3 2 2 
hight 64.23 6 1 4 
hight 64.16 5 3 8 
hight 63.81 15 21 105 
hight 63.44 14 10 56 
hight 63.43 10 12 40 
hight 63.33 21 16 65 
hight 63.49 23 14 31 
hight 63.25 12 8 32 
hight 63.08 13 21 84 
hight 63.04 6 12 45 
hight 63.07 5 8 38 
hight 63.15 12 16 61 
hight 63.16 11 10 41 
hight 63.12 14 20 58 
hight 63.20 11 8 27 
hight 63.11 6 3 8 
hight 63.19 13 7 18 
hight 63.09 4 6 24 
hight 63.22 6 1 7 
hight 63.37 20 20 78 
hight 63.47 16 16 57 
hight 63.32 10 8 25 
hight 63.42 21 22 68 
hight 63.52 10 11 42 
hight 63.40 29 31 92 
hight 63.35 26 31 89 
hight 63.46 30 21 68 
hight 63.41 24 29 130 
hight 63.39 19 16 75 
hight 63.31 26 25 103 
hight 63.30 19 8 22 
hight 63.27 10 7 30 
hight 63.29 15 9 28 
hight 63.23 22 7 26 
hight 63.36 18 20 65 
hight 63.38 18 27 89 
hight 63.34 22 8 22 
hight 63.45 23 25 71 
hight 63.50 13 14 61 
hight 63.62 19 10 55 
hight 63.64 10 9 52 
hight 64.05 16 10 56 
hight 64.07 15 6 24 
hight 63.60 9 5 14 
hight 64.06 23 14 23 
hight 64.51 7 2 14 
hight 64.83 17 18 53 
hight 64.76 9 5 16 
hight 64.36 10 1 2 
hight 64.78 16 17 115 
hight 64.84 19 9 38 
hight 64.90 9 3 10 
hight 64.92 15 7 25 
hight 64.89 8 1 2 
hight 65.14 14 9 29 
hight 65.18 9 4 13 
hight 64.87 11 5 28 
hight 65.15 16 8 20 
hight 65.22 14 0 0 
hight 65.24 6 6 7 
hight 65.10 11 1 2 
hight 65.13 13 7 16 
hight 65.27 10 3 25 
hight 65.08 12 4 4 
hight 65.26 6 4 14 
hight 65.12 20 7 25 
hight 65.34 15 6 21 
hight 65.36 11 1 1 
hight 65.25 7 4 16 
hight 65.35 10 8 41 
hight 65.29 12 2 11 
hight 65.37 12 9 59 
hight 65.28 9 6 29 
hight 65.31 14 4 36 
hight 65.33 12 9 67 
hight 65.39 14 6 26 
hight 65.32 6 4 15 
hight 65.38 9 6 30 
hight 65.43 17 6 43 
hight 65.41 10 11 75 
hight 65.42 10 8 40 
hight 65.48 9 5 27 
hight 65.47 13 5 13 
hight 65.52 14 8 17 
hight 65.55 19 4 6 
hight 65.46 12 3 6 
hight 65.53 8 5 7 
hight 65.50 10 2 6 
hight 65.59 15 11 82 
hight 65.58 12 5 16 
hight 65.60 24 17 60 
hight 65.84 27 5 20 
hight 66.04 27 11 36 
hight 66.12 15 3 12 
hight 66.29 7 0 0 
hight 66.11 21 7 17 
hight 65.93 19 3 5 
hight 66.05 21 11 48 
hight 66.02 11 4 8 
hight 66.09 8 0 0 
hight 66.01 17 3 6 
hight 66.23 14 5 15 
hight 65.99 18 2 3 
hight 66.22 8 1 1 
hight 66.49 4 0 0 
hight 66.17 3 1 3 
hight 66.54 4 0 0 
hight 66.69 1 0 0 
hight 66.47 2 0 0 
hight 66.53 13 18 119 
hight 66.38 8 2 7 
hight 66.42 5 2 8 
hight 66.39 5 4 14 
hight 66.41 5 2 2 
hight 66.57 6 4 35 
hight 66.40 9 4 32 
hight 66.71 1 0 0 
hight 66.73 1 0 0 
hight 66.55 3 1 4 
hight 66.70 2 0 0 
hight 66.56 4 4 27 
hight 66.35 5 4 9 
hight 66.33 11 2 4 
hight 66.18 9 3 6 
hight 66.27 5 2 6 
hight 66.34 7 0 0 
hight 66.26 12 2 4 
hight 66.20 17 8 28 
hight 66.30 5 1 2 
hight 66.28 8 0 0 
hight 66.31 5 1 3 
hight 66.13 8 6 43 
hight 66.32 4 0 0 
hight 66.08 16 2 4 
hight 66.36 5 2 7 
hight 66.25 5 2 5 
hight 66.44 3 2 8 
hight 66.24 8 5 15 
hight 66.16 12 3 14 
hight 66.21 11 2 8 
hight 66.48 3 2 3 
hight 66.43 3 0 0 
hight 66.14 9 1 4 
hight 66.37 5 3 10 
hight 66.61 7 11 110 
hight 66.62 4 8 87 
hight 66.64 1 2 24 
hight 66.60 201 402 6025 
hight 66.58 206 406 6044 
hight 66.51 4 3 9 
hight 66.59 1 1 4 
hight 66.66 3 1 1 
hight 66.67 1 1 1 
hight 66.50 3 3 3 
hight 66.45 4 2 2 
hight 66.19 9 2 11 
hight 66.15 8 2 6 
hight 66.10 14 3 4 
hight 65.89 24 9 56 
hight 65.86 19 10 35 
hight 65.92 18 3 10 
hight 65.95 9 2 9 
hight 65.87 12 0 0 
hight 66.03 16 8 31 
hight 65.96 21 5 9 
hight 66.00 19 11 28 
hight 65.83 23 14 74 
hight 65.88 22 7 19 
hight 65.94 16 8 35 
hight 65.85 25 16 62 
hight 65.81 24 16 52 
hight 65.79 16 16 104 
hight 65.80 13 4 19 
hight 65.75 27 24 100 
hight 65.78 23 13 24 
hight 65.61 15 14 46 
hight 65.65 14 11 69 
hight 65.56 23 18 102 
hight 65.66 21 20 73 
hight 65.57 11 7 27 
hight 65.63 18 20 198 
hight 65.54 8 6 17 
hight 65.64 20 29 139 
hight 65.51 5 2 9 
hight 65.90 425 824 12201 
hight 65.91 14 3 3 
hight 65.98 17 3 5 
hight 65.74 18 13 54 
hight 65.45 8 1 1 
hight 65.62 23 20 88 
hight 65.76 21 14 59 
hight 65.30 14 2 3 
hight 65.40 8 2 5 
hight 65.11 12 3 8 
hight 65.21 11 8 19 
hight 65.16 10 0 0 
hight 65.17 4 1 1 
hight 65.07 11 3 12 
hight 65.20 8 5 22 
hight 65.02 19 9 20 
hight 65.03 14 6 17 
hight 65.00 415 806 12021 
hight 65.05 7 2 3 
hight 64.99 16 4 8 
hight 64.95 8 0 0 
hight 64.93 11 0 0 
hight 64.96 18 9 27 
hight 64.86 13 3 3 
hight 64.82 12 5 8 
hight 64.88 11 6 22 
hight 65.23 21 7 9 
hight 65.44 14 6 21 
hight 65.67 12 13 90 
hight 65.70 13 11 49 
hight 65.72 14 11 108 
hight 65.71 15 11 66 
hight 65.69 13 11 73 
hight 65.77 14 13 41 
hight 65.82 18 4 15 
hight 65.49 8 2 4 
hight 64.81 22 24 105 
hight 64.85 12 11 52 
hight 64.98 19 3 11 
hight 64.91 16 11 48 
hight 64.79 18 20 133 
hight 64.80 11 9 71 
hight 65.04 8 5 15 
hight 65.06 12 3 7 
hight 64.97 9 4 5 
hight 64.94 13 4 12 
hight 65.01 15 6 13 
hight 64.74 15 15 60 
hight 64.47 11 7 47 
hight 64.67 16 15 78 
hight 64.77 20 25 107 
hight 65.73 34 22 48 
hight 66.06 9 8 56 
hight 66.07 10 9 39 
hight 65.97 20 13 102 
hight 66.46 1 1 2 
hight 65.68 6 4 25 
hight 65.19 8 5 28 
hight 65.09 3 2 2 
hight 64.20 6 4 14 
hight 64.11 13 17 131 
hight 64.14 13 6 12 
hight 63.90 35 22 189 
hight 63.92 29 24 94 
hight 64.00 21 16 79 
hight 63.93 18 11 28 
hight 63.96 18 18 77 
hight 64.01 25 18 76 
hight 64.04 12 4 7 
hight 64.13 9 6 23 
hight 64.19 8 4 12 
hight 64.08 11 5 14 
hight 64.02 18 9 17 
hight 63.89 27 13 41 
hight 63.85 23 20 126 
hight 63.91 25 25 113 
hight 63.87 14 12 48 
hight 64.10 16 3 9 
hight 64.15 8 4 23 
hight 64.03 16 4 9 
hight 63.99 11 4 10 
hight 63.94 19 8 24 
hight 64.18 5 1 1 
hight 63.78 16 17 95 
hight 63.67 418 818 12095 
hight 63.79 12 5 24 
hight 63.69 26 26 128 
hight 63.68 16 14 77 
hight 63.71 17 19 83 
hight 63.59 12 0 0 
hight 63.51 11 4 13 
hight 63.58 21 11 43 
hight 63.61 10 11 111 
hight 63.63 15 9 67 
hight 63.24 12 7 17 
hight 63.18 5 1 2 
hight 63.56 19 17 103 
hight 63.57 15 9 54 
hight 63.28 10 5 26 
hight 63.66 14 10 35 
hight 63.73 18 19 78 
hight 63.77 16 19 129 
hight 63.72 8 12 54 
hight 63.55 15 7 15 
hight 63.54 6 8 46 
hight 63.70 14 13 52 
hight 63.74 20 30 222 
hight 63.80 19 22 85 
hight 63.83 14 8 52 
hight 63.76 12 13 42 
hight 63.82 416 817 12140 
hight 63.84 19 13 39 
hight 63.86 15 10 38 
hight 63.65 5 2 9 
hight 63.17 11 2 2 
hight 63.14 11 8 19 
hight 63.13 5 5 9 
hight 63.10 8 3 11 
hight 63.88 21 15 101 
hight 63.98 14 21 185 
hight 63.95 12 4 4 
hight 63.75 5 4 5 
hight 63.26 12 0 0 
hight 63.53 4 1 2 
hight 63.21 5 3 3 
hight 63.02 2 0 0 
hight 62.96 3 1 2 
hight 63.01 5 3 3 
hight 62.99 9 6 22 
hight 63.48 7 2 4 
hight 63.97 14 8 20 
hight 64.09 11 11 77 
hight 64.12 6 1 1 
hight 64.21 4 0 0 
hight 63.06 7 9 20 
hight 62.97 9 10 30 
hight 63.05 7 11 34 
hight 63.00 6 5 16 
hight 62.94 4 2 4 
hight 62.98 5 3 3 
hight 62.86 5 0 0 
hight 62.92 4 0 0 
hight 62.82 2 0 0 
hight 62.78 2 0 0 
hight 62.81 1 0 0 
hight 62.89 7 6 18 
hight 62.77 1 0 0 
hight 62.80 5 0 0 
hight 62.91 2 2 7 
hight 62.95 5 3 10 
hight 62.87 2 1 1 
hight 62.83 1 0 0 
hight 62.93 3 4 14 
hight 63.03 4 7 27 
hight 62.90 3 3 16 
low 64.29 9 7 12 
low 64.26 13 13 54 
low 64.31 10 10 26 
low 64.25 7 11 40 
low 64.34 9 11 35 
low 64.35 10 5 12 
low 64.49 10 9 43 
low 64.42 16 10 35 
low 64.40 11 6 16 
low 64.56 12 8 46 
low 64.57 8 6 39 
low 64.46 16 5 8 
low 64.52 6 4 27 
low 64.44 14 6 18 
low 64.65 19 19 99 
low 64.72 19 20 72 
low 64.75 8 4 23 
low 64.60 17 5 11 
low 64.58 15 5 12 
low 64.59 14 6 21 
low 64.63 15 8 31 
low 64.68 27 24 106 
low 64.70 24 22 78 
low 64.69 15 14 46 
low 64.61 7 3 4 
low 64.41 12 3 5 
low 64.53 6 0 0 
low 64.39 11 6 10 
low 64.54 5 2 23 
low 64.62 9 7 20 
low 64.66 23 18 88 
low 64.64 21 24 114 
low 64.55 9 4 23 
low 64.71 11 7 32 
low 64.73 20 11 43 
low 64.48 10 4 26 
low 64.50 6 0 0 
low 64.43 8 2 4 
low 64.38 5 2 5 
low 64.32 13 6 8 
low 64.24 11 9 21 
low 64.17 13 12 96 
low 64.22 9 5 9 
low 64.37 11 5 7 
low 64.28 13 16 185 
low 64.30 10 2 6 
low 64.27 4 1 3 
low 64.33 9 10 31 
low 64.45 3 2 2 
low 64.23 6 1 4 
low 64.16 5 3 8 
low 63.81 15 21 105 
low 63.44 14 10 56 
low 63.43 10 12 40 
low 63.33 21 16 65 
low 63.49 23 14 31 
low 63.25 12 8 32 
low 63.08 13 21 84 
low 63.04 6 12 45 
low 63.07 5 8 38 
low 63.15 12 16 61 
low 63.16 11 10 41 
low 63.12 14 20 58 
low 63.20 11 8 27 
low 63.11 6 3 8 
low 63.19 13 7 18 
low 63.09 4 6 24 
low 63.22 6 1 7 
low 63.37 20 20 78 
low 63.47 16 16 57 
low 63.32 10 8 25 
low 63.42 21 22 68 
low 63.52 10 11 42 
low 63.40 29 31 92 
low 63.35 26 31 89 
low 63.46 30 21 68 
low 63.41 24 29 130 
low 63.39 19 16 75 
low 63.31 26 25 103 
low 63.30 19 8 22 
low 63.27 10 7 30 
low 63.29 15 9 28 
low 63.23 22 7 26 
low 63.36 18 20 65 
low 63.38 18 27 89 
low 63.34 22 8 22 
low 63.45 23 25 71 
low 63.50 13 14 61 
low 63.62 19 10 55 
low 63.64 10 9 52 
low 64.05 16 10 56 
low 64.07 15 6 24 
low 63.60 9 5 14 
low 64.06 23 14 23 
low 64.51 7 2 14 
low 64.83 17 18 53 
low 64.76 9 5 16 
low 64.36 10 1 2 
low 64.78 16 17 115 
low 64.84 19 9 38 
low 64.90 9 3 10 
low 64.92 15 7 25 
low 64.89 8 1 2 
low 65.14 14 9 29 
low 65.18 9 4 13 
low 64.87 11 5 28 
low 65.15 16 8 20 
low 65.22 14 0 0 
low 65.24 6 6 7 
low 65.10 11 1 2 
low 65.13 13 7 16 
low 65.27 10 3 25 
low 65.08 12 4 4 
low 65.26 6 4 14 
low 65.12 20 7 25 
low 65.34 15 6 21 
low 65.36 11 1 1 
low 65.25 7 4 16 
low 65.35 10 8 41 
low 65.29 12 2 11 
low 65.37 12 9 59 
low 65.28 9 6 29 
low 65.31 14 4 36 
low 65.33 12 9 67 
low 65.39 14 6 26 
low 65.32 6 4 15 
low 65.38 9 6 30 
low 65.43 17 6 43 
low 65.41 10 11 75 
low 65.42 10 8 40 
low 65.48 9 5 27 
low 65.47 13 5 13 
low 65.52 14 8 17 
low 65.55 19 4 6 
low 65.46 12 3 6 
low 65.53 8 5 7 
low 65.50 10 2 6 
low 65.59 15 11 82 
low 65.58 12 5 16 
low 65.60 24 17 60 
low 65.84 27 5 20 
low 66.04 27 11 36 
low 66.12 15 3 12 
low 66.29 7 0 0 
low 66.11 21 7 17 
low 65.93 19 3 5 
low 66.05 21 11 48 
low 66.02 11 4 8 
low 66.09 8 0 0 
low 66.01 17 3 6 
low 66.23 14 5 15 
low 65.99 18 2 3 
low 66.22 8 1 1 
low 66.49 4 0 0 
low 66.17 3 1 3 
low 66.54 4 0 0 
low 66.69 1 0 0 
low 66.47 2 0 0 
low 66.53 13 18 119 
low 66.38 8 2 7 
low 66.42 5 2 8 
low 66.39 5 4 14 
low 66.41 5 2 2 
low 66.57 6 4 35 
low 66.40 9 4 32 
low 66.71 1 0 0 
low 66.73 1 0 0 
low 66.55 3 1 4 
low 66.70 2 0 0 
low 66.56 4 4 27 
low 66.35 5 4 9 
low 66.33 11 2 4 
low 66.18 9 3 6 
low 66.27 5 2 6 
low 66.34 7 0 0 
low 66.26 12 2 4 
low 66.20 17 8 28 
low 66.30 5 1 2 
low 66.28 8 0 0 
low 66.31 5 1 3 
low 66.13 8 6 43 
low 66.32 4 0 0 
low 66.08 16 2 4 
low 66.36 5 2 7 
low 66.25 5 2 5 
low 66.44 3 2 8 
low 66.24 8 5 15 
low 66.16 12 3 14 
low 66.21 11 2 8 
low 66.48 3 2 3 
low 66.43 3 0 0 
low 66.14 9 1 4 
low 66.37 5 3 10 
low 66.61 7 11 110 
low 66.62 4 8 87 
low 66.64 1 2 24 
low 66.60 201 402 6025 
low 66.58 206 406 6044 
low 66.51 4 3 9 
low 66.59 1 1 4 
low 66.66 3 1 1 
low 66.67 1 1 1 
low 66.50 3 3 3 
low 66.45 4 2 2 
low 66.19 9 2 11 
low 66.15 8 2 6 
low 66.10 14 3 4 
low 65.89 24 9 56 
low 65.86 19 10 35 
low 65.92 18 3 10 
low 65.95 9 2 9 
low 65.87 12 0 0 
low 66.03 16 8 31 
low 65.96 21 5 9 
low 66.00 19 11 28 
low 65.83 23 14 74 
low 65.88 22 7 19 
low 65.94 16 8 35 
low 65.85 25 16 62 
low 65.81 24 16 52 
low 65.79 16 16 104 
low 65.80 13 4 19 
low 65.75 27 24 100 
low 65.78 23 13 24 
low 65.61 15 14 46 
low 65.65 14 11 69 
low 65.56 23 18 102 
low 65.66 21 20 73 
low 65.57 11 7 27 
low 65.63 18 20 198 
low 65.54 8 6 17 
low 65.64 20 29 139 
low 65.51 5 2 9 
low 65.90 425 824 12201 
low 65.91 14 3 3 
low 65.98 17 3 5 
low 65.74 18 13 54 
low 65.45 8 1 1 
low 65.62 23 20 88 
low 65.76 21 14 59 
low 65.30 14 2 3 
low 65.40 8 2 5 
low 65.11 12 3 8 
low 65.21 11 8 19 
low 65.16 10 0 0 
low 65.17 4 1 1 
low 65.07 11 3 12 
low 65.20 8 5 22 
low 65.02 19 9 20 
low 65.03 14 6 17 
low 65.00 415 806 12021 
low 65.05 7 2 3 
low 64.99 16 4 8 
low 64.95 8 0 0 
low 64.93 11 0 0 
low 64.96 18 9 27 
low 64.86 13 3 3 
low 64.82 12 5 8 
low 64.88 11 6 22 
low 65.23 21 7 9 
low 65.44 14 6 21 
low 65.67 12 13 90 
low 65.70 13 11 49 
low 65.72 14 11 108 
low 65.71 15 11 66 
low 65.69 13 11 73 
low 65.77 14 13 41 
low 65.82 18 4 15 
low 65.49 8 2 4 
low 64.81 22 24 105 
low 64.85 12 11 52 
low 64.98 19 3 11 
low 64.91 16 11 48 
low 64.79 18 20 133 
low 64.80 11 9 71 
low 65.04 8 5 15 
low 65.06 12 3 7 
low 64.97 9 4 5 
low 64.94 13 4 12 
low 65.01 15 6 13 
low 64.74 15 15 60 
low 64.47 11 7 47 
low 64.67 16 15 78 
low 64.77 20 25 107 
low 65.73 34 22 48 
low 66.06 9 8 56 
low 66.07 10 9 39 
low 65.97 20 13 102 
low 66.46 1 1 2 
low 65.68 6 4 25 
low 65.19 8 5 28 
low 65.09 3 2 2 
low 64.20 6 4 14 
low 64.11 13 17 131 
low 64.14 13 6 12 
low 63.90 35 22 189 
low 63.92 29 24 94 
low 64.00 21 16 79 
low 63.93 18 11 28 
low 63.96 18 18 77 
low 64.01 25 18 76 
low 64.04 12 4 7 
low 64.13 9 6 23 
low 64.19 8 4 12 
low 64.08 11 5 14 
low 64.02 18 9 17 
low 63.89 27 13 41 
low 63.85 23 20 126 
low 63.91 25 25 113 
low 63.87 14 12 48 
low 64.10 16 3 9 
low 64.15 8 4 23 
low 64.03 16 4 9 
low 63.99 11 4 10 
low 63.94 19 8 24 
low 64.18 5 1 1 
low 63.78 16 17 95 
low 63.67 418 818 12095 
low 63.79 12 5 24 
low 63.69 26 26 128 
low 63.68 16 14 77 
low 63.71 17 19 83 
low 63.59 12 0 0 
low 63.51 11 4 13 
low 63.58 21 11 43 
low 63.61 10 11 111 
low 63.63 15 9 67 
low 63.24 12 7 17 
low 63.18 5 1 2 
low 63.56 19 17 103 
low 63.57 15 9 54 
low 63.28 10 5 26 
low 63.66 14 10 35 
low 63.73 18 19 78 
low 63.77 16 19 129 
low 63.72 8 12 54 
low 63.55 15 7 15 
low 63.54 6 8 46 
low 63.70 14 13 52 
low 63.74 20 30 222 
low 63.80 19 22 85 
low 63.83 14 8 52 
low 63.76 12 13 42 
low 63.82 416 817 12140 
low 63.84 19 13 39 
low 63.86 15 10 38 
low 63.65 5 2 9 
low 63.17 11 2 2 
low 63.14 11 8 19 
low 63.13 5 5 9 
low 63.10 8 3 11 
low 63.88 21 15 101 
low 63.98 14 21 185 
low 63.95 12 4 4 
low 63.75 5 4 5 
low 63.26 12 0 0 
low 63.53 4 1 2 
low 63.21 5 3 3 
low 63.02 2 0 0 
low 62.96 3 1 2 
low 63.01 5 3 3 
low 62.99 9 6 22 
low 63.48 7 2 4 
low 63.97 14 8 20 
low 64.09 11 11 77 
low 64.12 6 1 1 
low 64.21 4 0 0 
low 63.06 7 9 20 
low 62.97 9 10 30 
low 63.05 7 11 34 
low 63.00 6 5 16 
low 62.94 4 2 4 
low 62.98 5 3 3 
low 62.86 5 0 0 
low 62.92 4 0 0 
low 62.82 2 0 0 
low 62.78 2 0 0 
low 62.81 1 0 0 
low 62.89 7 6 18 
low 62.77 1 0 0 
low 62.80 5 0 0 
low 62.91 2 2 7 
low 62.95 5 3 10 
low 62.87 2 1 1 
low 62.83 1 0 0 
low 62.93 3 4 14 
low 63.03 4 7 27 
low 62.90 3 3 16 
close 64.29 9 7 12 
close 64.26 13 13 54 
close 64.31 10 10 26 
close 64.25 7 11 40 
close 64.34 9 11 35 
close 64.35 10 5 12 
close 64.49 10 9 43 
close 64.42 16 10 35 
close 64.40 11 6 16 
close 64.56 12 8 46 
close 64.57 8 6 39 
close 64.46 16 5 8 
close 64.52 6 4 27 
close 64.44 14 6 18 
close 64.65 19 19 99 
close 64.72 19 20 72 
close 64.75 8 4 23 
close 64.60 17 5 11 
close 64.58 15 5 12 
close 64.59 14 6 21 
close 64.63 15 8 31 
close 64.68 27 24 106 
close 64.70 24 22 78 
close 64.69 15 14 46 
close 64.61 7 3 4 
close 64.41 12 3 5 
close 64.53 6 0 0 
close 64.39 11 6 10 
close 64.54 5 2 23 
close 64.62 9 7 20 
close 64.66 23 18 88 
close 64.64 21 24 114 
close 64.55 9 4 23 
close 64.71 11 7 32 
close 64.73 20 11 43 
close 64.48 10 4 26 
close 64.50 6 0 0 
close 64.43 8 2 4 
close 64.38 5 2 5 
close 64.32 13 6 8 
close 64.24 11 9 21 
close 64.17 13 12 96 
close 64.22 9 5 9 
close 64.37 11 5 7 
close 64.28 13 16 185 
close 64.30 10 2 6 
close 64.27 4 1 3 
close 64.33 9 10 31 
close 64.45 3 2 2 
close 64.23 6 1 4 
close 64.16 5 3 8 
close 63.81 15 21 105 
close 63.44 14 10 56 
close 63.43 10 12 40 
close 63.33 21 16 65 
close 63.49 23 14 31 
close 63.25 12 8 32 
close 63.08 13 21 84 
close 63.04 6 12 45 
close 63.07 5 8 38 
close 63.15 12 16 61 
close 63.16 11 10 41 
close 63.12 14 20 58 
close 63.20 11 8 27 
close 63.11 6 3 8 
close 63.19 13 7 18 
close 63.09 4 6 24 
close 63.22 6 1 7 
close 63.37 20 20 78 
close 63.47 16 16 57 
close 63.32 10 8 25 
close 63.42 21 22 68 
close 63.52 10 11 42 
close 63.40 29 31 92 
close 63.35 26 31 89 
close 63.46 30 21 68 
close 63.41 24 29 130 
close 63.39 19 16 75 
close 63.31 26 25 103 
close 63.30 19 8 22 
close 63.27 10 7 30 
close 63.29 15 9 28 
close 63.23 22 7 26 
close 63.36 18 20 65 
close 63.38 18 27 89 
close 63.34 22 8 22 
close 63.45 23 25 71 
close 63.50 13 14 61 
close 63.62 19 10 55 
close 63.64 10 9 52 
close 64.05 16 10 56 
close 64.07 15 6 24 
close 63.60 9 5 14 
close 64.06 23 14 23 
close 64.51 7 2 14 
close 64.83 17 18 53 
close 64.76 9 5 16 
close 64.36 10 1 2 
close 64.78 16 17 115 
close 64.84 19 9 38 
close 64.90 9 3 10 
close 64.92 15 7 25 
close 64.89 8 1 2 
close 65.14 14 9 29 
close 65.18 9 4 13 
close 64.87 11 5 28 
close 65.15 16 8 20 
close 65.22 14 0 0 
close 65.24 6 6 7 
close 65.10 11 1 2 
close 65.13 13 7 16 
close 65.27 10 3 25 
close 65.08 12 4 4 
close 65.26 6 4 14 
close 65.12 20 7 25 
close 65.34 15 6 21 
close 65.36 11 1 1 
close 65.25 7 4 16 
close 65.35 10 8 41 
close 65.29 12 2 11 
close 65.37 12 9 59 
close 65.28 9 6 29 
close 65.31 14 4 36 
close 65.33 12 9 67 
close 65.39 14 6 26 
close 65.32 6 4 15 
close 65.38 9 6 30 
close 65.43 17 6 43 
close 65.41 10 11 75 
close 65.42 10 8 40 
close 65.48 9 5 27 
close 65.47 13 5 13 
close 65.52 14 8 17 
close 65.55 19 4 6 
close 65.46 12 3 6 
close 65.53 8 5 7 
close 65.50 10 2 6 
close 65.59 15 11 82 
close 65.58 12 5 16 
close 65.60 24 17 60 
close 65.84 27 5 20 
close 66.04 27 11 36 
close 66.12 15 3 12 
close 66.29 7 0 0 
close 66.11 21 7 17 
close 65.93 19 3 5 
close 66.05 21 11 48 
close 66.02 11 4 8 
close 66.09 8 0 0 
close 66.01 17 3 6 
close 66.23 14 5 15 
close 65.99 18 2 3 
close 66.22 8 1 1 
close 66.49 4 0 0 
close 66.17 3 1 3 
close 66.54 4 0 0 
close 66.69 1 0 0 
close 66.47 2 0 0 
close 66.53 13 18 119 
close 66.38 8 2 7 
close 66.42 5 2 8 
close 66.39 5 4 14 
close 66.41 5 2 2 
close 66.57 6 4 35 
close 66.40 9 4 32 
close 66.71 1 0 0 
close 66.73 1 0 0 
close 66.55 3 1 4 
close 66.70 2 0 0 
close 66.56 4 4 27 
close 66.35 5 4 9 
close 66.33 11 2 4 
close 66.18 9 3 6 
close 66.27 5 2 6 
close 66.34 7 0 0 
close 66.26 12 2 4 
close 66.20 17 8 28 
close 66.30 5 1 2 
close 66.28 8 0 0 
close 66.31 5 1 3 
close 66.13 8 6 43 
close 66.32 4 0 0 
close 66.08 16 2 4 
close 66.36 5 2 7 
close 66.25 5 2 5 
close 66.44 3 2 8 
close 66.24 8 5 15 
close 66.16 12 3 14 
close 66.21 11 2 8 
close 66.48 3 2 3 
close 66.43 3 0 0 
close 66.14 9 1 4 
close 66.37 5 3 10 
close 66.61 7 11 110 
close 66.62 4 8 87 
close 66.64 1 2 24 
close 66.60 201 402 6025 
close 66.58 206 406 6044 
close 66.51 4 3 9 
close 66.59 1 1 4 
close 66.66 3 1 1 
close 66.67 1 1 1 
close 66.50 3 3 3 
close 66.45 4 2 2 
close 66.19 9 2 11 
close 66.15 8 2 6 
close 66.10 14 3 4 
close 65.89 24 9 56 
close 65.86 19 10 35 
close 65.92 18 3 10 
close 65.95 9 2 9 
close 65.87 12 0 0 
close 66.03 16 8 31 
close 65.96 21 5 9 
close 66.00 19 11 28 
close 65.83 23 14 74 
close 65.88 22 7 19 
close 65.94 16 8 35 
close 65.85 25 16 62 
close 65.81 24 16 52 
close 65.79 16 16 104 
close 65.80 13 4 19 
close 65.75 27 24 100 
close 65.78 23 13 24 
close 65.61 15 14 46 
close 65.65 14 11 69 
close 65.56 23 18 102 
close 65.66 21 20 73 
close 65.57 11 7 27 
close 65.63 18 20 198 
close 65.54 8 6 17 
close 65.64 20 29 139 
close 65.51 5 2 9 
close 65.90 425 824 12201 
close 65.91 14 3 3 
close 65.98 17 3 5 
close 65.74 18 13 54 
close 65.45 8 1 1 
close 65.62 23 20 88 
close 65.76 21 14 59 
close 65.30 14 2 3 
close 65.40 8 2 5 
close 65.11 12 3 8 
close 65.21 11 8 19 
close 65.16 10 0 0 
close 65.17 4 1 1 
close 65.07 11 3 12 
close 65.20 8 5 22 
close 65.02 19 9 20 
close 65.03 14 6 17 
close 65.00 415 806 12021 
close 65.05 7 2 3 
close 64.99 16 4 8 
close 64.95 8 0 0 
close 64.93 11 0 0 
close 64.96 18 9 27 
close 64.86 13 3 3 
close 64.82 12 5 8 
close 64.88 11 6 22 
close 65.23 21 7 9 
close 65.44 14 6 21 
close 65.67 12 13 90 
close 65.70 13 11 49 
close 65.72 14 11 108 
close 65.71 15 11 66 
close 65.69 13 11 73 
close 65.77 14 13 41 
close 65.82 18 4 15 
close 65.49 8 2 4 
close 64.81 22 24 105 
close 64.85 12 11 52 
close 64.98 19 3 11 
close 64.91 16 11 48 
close 64.79 18 20 133 
close 64.80 11 9 71 
close 65.04 8 5 15 
close 65.06 12 3 7 
close 64.97 9 4 5 
close 64.94 13 4 12 
close 65.01 15 6 13 
close 64.74 15 15 60 
close 64.47 11 7 47 
close 64.67 16 15 78 
close 64.77 20 25 107 
close 65.73 34 22 48 
close 66.06 9 8 56 
close 66.07 10 9 39 
close 65.97 20 13 102 
close 66.46 1 1 2 
close 65.68 6 4 25 
close 65.19 8 5 28 
close 65.09 3 2 2 
close 64.20 6 4 14 
close 64.11 13 17 131 
close 64.14 13 6 12 
close 63.90 35 22 189 
close 63.92 29 24 94 
close 64.00 21 16 79 
close 63.93 18 11 28 
close 63.96 18 18 77 
close 64.01 25 18 76 
close 64.04 12 4 7 
close 64.13 9 6 23 
close 64.19 8 4 12 
close 64.08 11 5 14 
close 64.02 18 9 17 
close 63.89 27 13 41 
close 63.85 23 20 126 
close 63.91 25 25 113 
close 63.87 14 12 48 
close 64.10 16 3 9 
close 64.15 8 4 23 
close 64.03 16 4 9 
close 63.99 11 4 10 
close 63.94 19 8 24 
close 64.18 5 1 1 
close 63.78 16 17 95 
close 63.67 418 818 12095 
close 63.79 12 5 24 
close 63.69 26 26 128 
close 63.68 16 14 77 
close 63.71 17 19 83 
close 63.59 12 0 0 
close 63.51 11 4 13 
close 63.58 21 11 43 
close 63.61 10 11 111 
close 63.63 15 9 67 
close 63.24 12 7 17 
close 63.18 5 1 2 
close 63.56 19 17 103 
close 63.57 15 9 54 
close 63.28 10 5 26 
close 63.66 14 10 35 
close 63.73 18 19 78 
close 63.77 16 19 129 
close 63.72 8 12 54 
close 63.55 15 7 15 
close 63.54 6 8 46 
close 63.70 14 13 52 
close 63.74 20 30 222 
close 63.80 19 22 85 
close 63.83 14 8 52 
close 63.76 12 13 42 
close 63.82 416 817 12140 
close 63.84 19 13 39 
close 63.86 15 10 38 
close 63.65 5 2 9 
close 63.17 11 2 2 
close 63.14 11 8 19 
close 63.13 5 5 9 
close 63.10 8 3 11 
close 63.88 21 15 101 
close 63.98 14 21 185 
close 63.95 12 4 4 
close 63.75 5 4 5 
close 63.26 12 0 0 
close 63.53 4 1 2 
close 63.21 5 3 3 
close 63.02 2 0 0 
close 62.96 3 1 2 
close 63.01 5 3 3 
close 62.99 9 6 22 
close 63.48 7 2 4 
close 63.97 14 8 20 
close 64.09 11 11 77 
close 64.12 6 1 1 
close 64.21 4 0 0 
close 63.06 7 9 20 
close 62.97 9 10 30 
close 63.05 7 11 34 
close 63.00 6 5 16 
close 62.94 4 2 4 
close 62.98 5 3 3 
close 62.86 5 0 0 
close 62.92 4 0 0 
close 62.82 2 0 0 
close 62.78 2 0 0 
close 62.81 1 0 0 
close 62.89 7 6 18 
close 62.77 1 0 0 
close 62.80 5 0 0 
close 62.91 2 2 7 
close 62.95 5 3 10 
close 62.87 2 1 1 
close 62.83 1 0 0 
close 62.93 3 4 14 
close 63.03 4 7 27 
close 62.90 3 3 16 
body -0.03 53 33 154 
body 0.02 502 500 4177 
body 0.01 414 296 1378 
body 0.09 73 34 152 
body 0.00 2152 3385 45178 
body 0.15 26 12 39 
body -0.07 26 16 80 
body 0.14 16 3 17 
body -0.10 26 14 35 
body 0.06 137 69 224 
body 0.13 19 12 45 
body 0.03 292 164 677 
body 0.07 112 67 226 
body -0.12 15 9 28 
body -0.01 63 54 236 
body 0.08 94 57 230 
body 0.04 253 173 704 
body -0.21 8 3 19 
body 0.12 40 17 38 
body 0.05 189 87 321 
body -0.05 45 33 132 
body -0.20 8 3 8 
body -0.04 42 34 126 
body -0.08 38 27 127 
body -0.02 47 37 127 
body 0.11 42 26 99 
body -0.06 32 13 85 
body -0.43 2 1 1 
body -0.37 2 2 13 
body -0.25 4 2 15 
body 0.17 13 5 21 
body 0.10 42 15 37 
body -0.09 35 17 60 
body 0.16 17 3 4 
body 0.43 1 0 0 
body 0.24 4 1 1 
body 0.26 3 0 0 
body 0.28 3 0 0 
body 0.25 2 0 0 
body 0.20 7 2 3 
body 0.22 2 1 2 
body 0.27 2 0 0 
body -0.11 16 11 34 
body -0.13 11 3 18 
body -0.17 13 7 43 
body -0.14 10 4 5 
body 0.19 5 5 14 
body -0.15 9 4 8 
body -0.22 8 0 0 
body -0.19 7 1 6 
body -0.24 3 1 2 
body -0.26 2 0 0 
body 0.30 4 0 0 
body 0.23 4 2 16 
body 0.21 3 1 2 
body 0.18 7 5 8 
body -0.18 4 0 0 
body -0.39 2 0 0 
body -0.27 3 2 24 
body -0.16 9 2 9 
body -0.33 1 0 0 
body -0.23 4 1 3 
body -0.29 2 0 0 
body -0.41 1 0 0 
body 0.47 1 0 0 
body 0.32 1 0 0 
body 0.34 2 0 0 
body -0.32 1 0 0 
body 0.36 1 0 0 
body -0.31 1 1 6 
body -0.28 1 0 0 
body -0.38 1 0 0 
up -0.03 53 33 154 
up 0.02 502 500 4177 
up 0.01 414 296 1378 
up 0.09 73 34 152 
up 0.00 2152 3385 45178 
up 0.15 26 12 39 
up -0.07 26 16 80 
up 0.14 16 3 17 
up -0.10 26 14 35 
up 0.06 137 69 224 
up 0.13 19 12 45 
up 0.03 292 164 677 
up 0.07 112 67 226 
up -0.12 15 9 28 
up -0.01 63 54 236 
up 0.08 94 57 230 
up 0.04 253 173 704 
up -0.21 8 3 19 
up 0.12 40 17 38 
up 0.05 189 87 321 
up -0.05 45 33 132 
up -0.20 8 3 8 
up -0.04 42 34 126 
up -0.08 38 27 127 
up -0.02 47 37 127 
up 0.11 42 26 99 
up -0.06 32 13 85 
up -0.43 2 1 1 
up -0.37 2 2 13 
up -0.25 4 2 15 
up 0.17 13 5 21 
up 0.10 42 15 37 
up -0.09 35 17 60 
up 0.16 17 3 4 
up 0.43 1 0 0 
up 0.24 4 1 1 
up 0.26 3 0 0 
up 0.28 3 0 0 
up 0.25 2 0 0 
up 0.20 7 2 3 
up 0.22 2 1 2 
up 0.27 2 0 0 
up -0.11 16 11 34 
up -0.13 11 3 18 
up -0.17 13 7 43 
up -0.14 10 4 5 
up 0.19 5 5 14 
up -0.15 9 4 8 
up -0.22 8 0 0 
up -0.19 7 1 6 
up -0.24 3 1 2 
up -0.26 2 0 0 
up 0.30 4 0 0 
up 0.23 4 2 16 
up 0.21 3 1 2 
up 0.18 7 5 8 
up -0.18 4 0 0 
up -0.39 2 0 0 
up -0.27 3 2 24 
up -0.16 9 2 9 
up -0.33 1 0 0 
up -0.23 4 1 3 
up -0.29 2 0 0 
up -0.41 1 0 0 
up 0.47 1 0 0 
up 0.32 1 0 0 
up 0.34 2 0 0 
up -0.32 1 0 0 
up 0.36 1 0 0 
up -0.31 1 1 6 
up -0.28 1 0 0 
up -0.38 1 0 0 
down -0.03 53 33 154 
down 0.02 502 500 4177 
down 0.01 414 296 1378 
down 0.09 73 34 152 
down 0.00 2152 3385 45178 
down 0.15 26 12 39 
down -0.07 26 16 80 
down 0.14 16 3 17 
down -0.10 26 14 35 
down 0.06 137 69 224 
down 0.13 19 12 45 
down 0.03 292 164 677 
down 0.07 112 67 226 
down -0.12 15 9 28 
down -0.01 63 54 236 
down 0.08 94 57 230 
down 0.04 253 173 704 
down -0.21 8 3 19 
down 0.12 40 17 38 
down 0.05 189 87 321 
down -0.05 45 33 132 
down -0.20 8 3 8 
down -0.04 42 34 126 
down -0.08 38 27 127 
down -0.02 47 37 127 
down 0.11 42 26 99 
down -0.06 32 13 85 
down -0.43 2 1 1 
down -0.37 2 2 13 
down -0.25 4 2 15 
down 0.17 13 5 21 
down 0.10 42 15 37 
down -0.09 35 17 60 
down 0.16 17 3 4 
down 0.43 1 0 0 
down 0.24 4 1 1 
down 0.26 3 0 0 
down 0.28 3 0 0 
down 0.25 2 0 0 
down 0.20 7 2 3 
down 0.22 2 1 2 
down 0.27 2 0 0 
down -0.11 16 11 34 
down -0.13 11 3 18 
down -0.17 13 7 43 
down -0.14 10 4 5 
down 0.19 5 5 14 
down -0.15 9 4 8 
down -0.22 8 0 0 
down -0.19 7 1 6 
down -0.24 3 1 2 
down -0.26 2 0 0 
down 0.30 4 0 0 
down 0.23 4 2 16 
down 0.21 3 1 2 
down 0.18 7 5 8 
down -0.18 4 0 0 
down -0.39 2 0 0 
down -0.27 3 2 24 
down -0.16 9 2 9 
down -0.33 1 0 0 
down -0.23 4 1 3 
down -0.29 2 0 0 
down -0.41 1 0 0 
down 0.47 1 0 0 
down 0.32 1 0 0 
down 0.34 2 0 0 
down -0.32 1 0 0 
down 0.36 1 0 0 
down -0.31 1 1 6 
down -0.28 1 0 0 
down -0.38 1 0 0 
