open 64.29 1 7 3719 
open 65.78 1 7 3798 
open 65.38 1 7 3280 
open 64.32 1 7 4023 
open 63.35 1 7 3519 
open 63.17 1 7 3620 
open 62.26 1 7 3926 
open 60.64 1 7 3479 
open 61.03 1 7 3864 
open 61.30 1 7 3781 
open 60.30 1 7 3425 
open 61.45 1 7 3453 
open 60.81 1 7 3436 
open 61.05 1 7 3589 
open 61.78 1 7 4612 
open 62.15 1 7 3270 
open 61.84 1 7 3662 
open 63.20 2 14 8689 
open 62.66 1 7 3518 
open 64.23 1 7 3429 
open 64.18 1 7 4046 
open 62.29 1 7 3621 
open 61.23 1 7 3715 
open 63.86 2 12 6534 
open 64.02 1 7 3546 
open 64.56 1 7 3623 
open 64.25 1 7 3982 
open 63.87 1 7 3709 
open 63.56 1 7 4172 
open 63.70 1 7 4588 
open 63.66 1 7 4472 
open 63.51 1 7 3873 
open 64.16 1 7 4483 
open 63.53 1 7 4316 
open 62.16 1 7 4693 
open 61.86 1 7 4756 
open 58.20 1 7 4477 
open 58.08 1 7 4256 
open 59.71 1 7 4222 
open 60.06 1 7 3981 
open 62.19 1 7 4126 
open 62.06 1 7 4485 
open 61.57 1 7 4089 
open 62.20 1 7 4385 
open 63.40 1 7 4651 
open 63.80 1 7 6021 
open 64.75 1 7 6284 
open 63.79 1 7 5951 
open 65.13 1 7 6211 
open 65.86 1 7 7125 
open 66.49 1 7 8674 
open 67.06 2 14 12346 
open 69.55 1 7 6057 
open 67.82 1 7 6245 
open 69.54 1 7 6073 
open 67.85 1 7 6097 
open 68.19 1 7 6285 
open 67.58 1 7 6176 
open 69.30 1 7 6082 
open 69.04 1 7 6026 
open 68.80 1 7 5676 
open 67.16 1 7 5806 
open 69.05 1 7 5930 
open 70.29 1 7 5965 
open 71.09 1 7 6059 
open 69.32 2 14 11860 
open 69.95 1 7 6455 
open 70.01 1 7 6425 
open 69.22 1 7 6591 
open 69.11 1 7 6273 
open 70.46 1 7 6276 
open 69.00 1 7 6273 
open 69.89 1 7 6197 
open 71.31 1 7 6025 
open 71.30 1 7 6220 
open 70.18 1 7 5815 
open 69.63 1 7 5485 
open 67.55 1 7 6118 
open 66.97 1 7 6005 
open 64.66 1 7 5993 
open 63.58 1 7 5442 
open 65.37 1 7 5396 
open 64.04 1 7 5642 
open 63.49 1 7 5273 
open 64.80 1 7 5937 
open 65.33 1 7 5895 
open 63.97 1 7 5668 
open 65.59 1 7 5435 
open 66.77 1 7 5320 
open 67.27 2 10 8508 
open 66.86 1 7 6071 
open 67.84 1 7 6386 
open 68.20 1 7 6156 
open 69.19 1 7 6222 
open 68.56 1 7 6355 
open 68.37 1 7 5984 
open 68.33 1 7 6097 
open 68.03 1 7 6333 
open 69.50 1 7 6056 
open 68.79 1 7 6142 
open 67.86 1 7 8078 
open 66.74 1 7 6584 
open 69.03 1 7 5396 
open 69.10 1 7 5861 
open 69.51 1 7 5965 
open 69.79 1 7 5786 
open 70.72 1 7 5914 
open 71.57 1 7 5862 
open 70.16 1 7 5803 
open 71.08 1 7 6387 
open 72.22 1 7 5946 
open 70.62 1 7 5249 
open 70.44 1 7 5175 
open 71.72 1 7 5381 
open 71.34 1 7 5153 
open 71.99 1 7 5347 
open 73.18 1 7 5767 
open 74.41 1 7 5221 
open 74.58 1 7 5284 
open 75.45 1 7 5142 
open 75.52 1 7 5062 
open 76.89 1 7 5339 
open 76.88 1 7 4590 
open 78.74 2 14 7825 
open 77.11 1 7 5249 
open 79.09 2 14 7882 
open 78.22 3 21 10959 
open 80.57 3 20 11203 
open 78.12 1 7 4561 
open 76.70 1 7 4387 
open 77.46 1 7 4588 
open 79.55 2 12 7346 
open 77.66 1 7 4292 
open 77.68 1 7 4678 
open 77.71 1 7 4297 
open 75.59 1 7 4871 
open 74.17 1 7 4281 
open 76.79 2 14 7584 
open 76.95 1 7 4149 
open 75.69 1 7 4052 
open 75.93 1 7 4418 
open 75.80 1 7 4525 
open 75.02 1 7 4357 
open 76.57 1 7 4447 
open 76.28 1 7 4298 
open 77.95 2 12 7483 
open 77.75 1 7 4223 
open 78.18 2 14 7532 
open 78.70 2 14 7540 
open 79.59 2 14 7477 
open 79.33 1 7 4437 
open 79.94 1 7 4482 
open 79.32 1 7 6574 
open 80.64 1 7 5922 
open 81.60 1 7 3053 
open 82.72 1 7 3040 
open 82.12 1 7 3042 
open 82.31 1 7 3049 
open 80.60 1 7 3036 
open 82.47 1 7 3046 
open 84.27 1 7 3046 
open 84.36 2 14 6058 
open 83.72 1 7 3057 
open 84.44 1 7 3042 
open 80.79 1 7 3037 
open 80.46 2 12 5979 
open 79.82 1 7 3046 
open 80.47 1 7 3041 
open 79.81 1 7 3030 
open 80.62 1 7 3039 
open 79.86 1 7 3034 
open 78.92 2 14 6055 
open 78.39 2 12 6042 
open 76.68 1 7 3018 
open 76.18 1 7 3012 
open 75.13 1 7 3017 
open 74.78 1 7 3020 
open 78.20 1 7 3016 
open 78.52 1 7 3017 
open 79.01 2 13 6035 
open 77.72 1 7 3019 
open 78.08 1 7 3020 
open 79.25 1 7 3019 
open 77.38 1 7 3018 
open 76.92 1 7 3015 
open 75.78 1 7 3016 
open 77.05 1 7 3011 
open 77.23 1 7 3019 
open 79.88 2 14 6025 
open 80.37 1 7 3021 
open 79.97 1 7 3021 
open 78.90 1 7 3023 
open 79.64 1 7 3076 
open 79.36 1 7 3017 
open 80.22 1 7 3018 
open 81.35 1 7 3017 
open 81.32 3 20 9044 
open 79.66 1 7 3016 
open 79.73 1 7 3016 
open 80.01 1 7 3024 
open 80.17 3 20 10425 
open 79.85 1 7 3014 
open 78.78 1 7 3008 
open 77.08 1 6 3009 
open 79.60 3 18 9268 
open 80.18 2 13 6026 
open 81.02 1 6 3008 
open 82.23 4 25 12045 
open 82.70 1 7 3018 
open 83.47 2 12 6016 
open 82.60 2 14 6042 
open 82.36 1 6 2954 
open 82.81 1 7 3009 
open 83.06 2 13 5972 
open 83.50 1 7 3023 
open 82.40 1 7 3019 
open 82.52 3 21 9043 
open 81.06 1 6 3007 
open 81.94 1 7 3015 
open 81.07 2 13 6017 
open 81.80 2 13 6024 
open 81.93 1 7 3015 
open 81.91 1 6 3006 
open 83.52 1 7 3015 
open 84.46 1 7 3018 
open 83.85 1 7 3009 
open 82.91 1 7 3018 
open 83.80 3 17 9035 
open 84.72 2 14 6024 
open 85.25 1 6 3017 
open 85.22 1 6 3011 
open 85.12 2 13 6022 
open 84.35 1 7 3012 
open 83.09 2 11 6014 
open 83.21 1 7 3012 
open 84.22 2 13 6023 
open 85.13 1 7 3019 
open 85.72 2 12 6027 
open 85.57 1 7 3007 
open 87.17 1 7 3009 
open 86.06 2 14 6025 
open 86.49 1 6 3012 
open 87.06 2 14 6103 
open 86.66 1 7 3014 
open 86.10 2 10 6021 
open 87.12 1 7 3010 
open 87.63 1 7 3014 
open 88.25 1 7 3013 
open 90.92 1 6 3009 
open 90.48 1 7 3007 
open 85.97 2 12 6024 
open 85.11 1 7 3019 
open 85.78 1 7 3015 
open 86.91 2 13 6022 
open 86.24 2 10 6016 
open 88.89 2 10 6016 
open 87.07 1 7 3008 
open 87.11 1 7 3017 
open 87.71 1 6 3020 
open 85.95 1 7 3010 
open 86.32 1 7 3012 
open 86.74 1 7 3013 
open 84.17 2 12 5953 
open 83.18 1 7 3010 
open 84.61 1 7 3007 
open 86.61 1 7 3015 
open 86.72 1 6 3014 
open 85.60 1 5 3014 
open 86.20 1 6 3012 
open 85.90 2 14 5967 
open 84.18 1 7 3010 
open 85.41 1 6 3009 
open 83.89 2 12 6090 
open 84.95 2 12 6016 
open 85.10 1 7 3007 
open 85.58 1 7 3011 
open 85.98 1 7 3013 
open 87.60 1 7 3017 
open 88.23 1 6 3009 
open 87.62 1 7 3015 
open 87.61 1 6 3016 
open 88.67 1 6 3020 
open 88.79 2 14 6019 
open 89.12 1 6 3013 
open 89.43 1 7 3023 
open 88.55 1 7 3014 
open 88.39 1 7 3013 
open 87.99 1 7 3022 
open 87.70 1 7 3016 
open 88.96 1 7 3014 
open 89.33 1 6 3018 
open 90.62 1 7 3080 
open 90.43 1 7 3015 
open 90.85 2 14 6030 
open 89.99 1 7 3017 
open 91.02 1 6 3013 
open 90.31 1 7 3014 
open 91.83 1 5 3013 
open 92.57 1 7 4397 
open 93.14 1 7 4393 
open 94.60 1 7 3011 
open 93.10 2 14 7765 
open 94.31 1 7 3016 
open 96.44 1 7 3010 
open 93.91 1 6 3010 
open 93.31 1 6 3007 
open 94.43 1 7 3024 
open 94.36 1 7 3013 
open 93.06 2 12 6013 
open 90.46 1 7 3008 
open 90.61 1 7 3005 
open 94.15 1 7 2950 
open 95.13 2 13 6405 
open 96.51 1 5 3012 
open 98.42 1 7 3014 
open 99.48 1 7 3011 
open 98.11 1 6 3011 
open 99.04 1 6 3010 
open 99.27 1 7 3019 
open 100.21 1 6 3011 
open 99.72 1 6 3008 
open 99.49 1 6 3012 
open 101.53 2 14 6014 
open 102.15 1 7 3012 
open 104.38 1 7 3011 
open 104.09 1 6 3007 
open 104.76 1 7 3025 
open 104.24 1 6 3007 
open 106.45 1 5 3003 
open 106.09 1 6 3005 
open 100.83 1 7 3010 
open 101.56 1 7 3007 
open 97.96 1 5 3015 
open 91.17 1 6 3007 
open 93.02 1 6 3005 
open 95.90 1 6 3003 
open 95.18 1 5 3003 
open 98.53 1 6 3009 
open 100.22 1 6 3004 
open 102.25 1 6 3007 
open 105.40 1 6 3008 
open 104.05 1 6 3006 
open 103.16 1 6 3069 
open 105.47 1 6 3005 
open 106.74 1 3 3000 
open 99.71 1 4 3001 
open 98.29 1 6 3005 
open 95.42 1 6 3005 
open 95.75 2 13 6017 
open 96.79 1 5 3005 
open 97.60 1 5 4383 
open 99.58 1 7 5825 
open 98.02 1 6 3006 
open 95.80 1 5 3004 
open 94.21 1 3 3000 
open 92.81 1 5 3002 
open 95.00 2 11 6025 
open 95.70 3 19 9016 
open 97.00 2 11 6013 
open 99.28 1 7 3007 
open 100.24 1 6 3003 
open 96.07 1 4 3002 
open 93.08 1 4 3000 
open 91.62 1 5 2942 
open 92.22 1 4 3002 
open 95.67 2 12 6027 
open 94.20 1 4 3003 
open 97.30 1 6 3007 
open 99.47 1 7 3008 
open 98.48 1 6 3008 
open 99.16 1 7 3011 
open 99.87 1 7 3011 
open 99.97 1 6 3003 
open 101.92 1 6 3006 
open 103.12 1 7 3008 
open 101.19 1 6 3008 
open 102.40 1 5 3002 
open 102.58 1 3 2999 
open 104.17 1 5 3001 
open 102.91 1 6 3002 
open 99.20 1 6 3004 
open 95.16 1 5 3001 
open 95.53 1 6 3004 
open 93.73 1 5 3004 
open 90.83 2 7 6000 
open 86.35 1 4 3000 
open 83.90 3 13 9003 
open 88.70 1 4 3000 
open 84.04 1 3 2999 
open 72.02 1 4 3000 
open 71.47 1 3 2999 
open 67.94 1 4 3071 
open 63.72 1 4 3003 
open 69.52 1 3 2999 
open 63.95 1 3 2999 
open 63.03 1 4 3000 
open 61.94 1 6 3002 
open 59.95 1 5 3002 
open 60.62 1 6 3002 
open 61.63 1 5 3005 
open 61.60 1 7 4617 
open 62.34 1 6 4681 
open 59.51 1 4 3002 
open 57.95 1 3 2999 
open 59.09 1 6 3004 
open 58.10 1 6 3004 
open 59.21 1 6 3002 
open 58.77 1 4 3000 
open 63.14 1 4 3001 
open 62.55 1 5 3003 
open 65.40 1 5 3003 
open 68.54 1 3 2939 
open 68.41 1 5 3002 
open 71.65 1 6 3007 
open 71.55 1 5 3003 
open 69.88 1 6 3005 
open 68.14 1 5 3002 
open 73.23 1 4 3001 
open 73.85 1 7 3004 
open 74.42 1 4 3003 
open 74.85 1 4 3000 
open 78.10 2 12 6018 
open 76.43 1 4 3000 
open 75.42 1 5 3004 
open 77.59 1 3 3000 
open 74.66 1 3 2999 
open 74.10 1 6 3004 
open 76.40 1 5 3001 
open 77.74 1 5 3004 
open 80.31 1 3 2999 
open 79.62 1 5 3002 
open 78.33 2 10 6022 
open 78.56 1 4 3001 
open 76.73 1 6 3007 
open 79.69 1 6 3006 
open 78.50 3 19 9057 
open 79.74 2 12 6021 
open 78.57 1 6 3002 
open 78.89 1 5 3004 
open 83.68 1 5 3061 
open 84.06 1 5 3001 
open 81.48 1 5 3001 
open 83.48 2 12 6529 
open 83.03 1 6 3032 
open 81.44 1 7 3004 
open 80.16 1 5 3004 
open 79.84 1 5 3003 
open 81.24 2 9 6003 
open 80.32 2 11 7639 
open 82.25 2 11 7626 
open 83.60 1 7 3004 
open 84.13 1 4 3002 
open 80.58 1 5 3002 
open 80.06 1 4 3001 
open 78.80 1 6 3009 
open 81.23 1 5 3003 
open 80.41 1 5 3001 
open 80.14 1 7 3007 
open 82.98 1 7 3007 
open 85.21 1 4 3003 
open 86.96 2 10 6007 
open 86.46 3 19 10555 
open 86.70 1 6 3008 
open 85.34 2 12 6010 
open 86.09 1 5 3001 
open 82.82 2 11 6010 
open 79.24 1 3 2999 
open 74.71 1 6 3003 
open 75.81 1 6 3004 
open 75.46 1 5 3001 
open 78.99 1 7 3003 
open 75.35 1 5 3003 
open 74.40 1 3 3000 
open 78.48 1 5 3005 
open 76.97 1 7 3008 
open 79.05 1 7 3011 
open 78.26 1 7 3015 
open 77.93 1 7 3011 
open 77.42 1 7 3026 
open 74.32 1 6 3010 
open 75.10 1 7 3013 
open 76.22 1 6 3025 
open 77.99 1 7 3047 
open 81.13 1 7 3037 
open 81.05 1 7 3145 
open 80.80 1 7 3170 
open 80.67 1 6 3009 
open 79.12 2 13 6065 
open 81.34 1 6 3008 
open 80.88 1 6 3159 
open 80.19 1 5 3006 
open 82.00 1 7 3018 
open 83.12 1 7 3530 
open 81.83 1 7 3016 
open 82.43 1 5 3044 
open 81.85 1 6 3005 
open 82.19 1 6 3012 
open 83.42 2 14 6034 
open 82.65 1 7 3015 
open 82.92 3 18 9028 
open 83.45 1 5 3004 
open 79.87 1 5 3006 
open 81.75 1 7 2949 
open 84.76 1 6 3006 
open 87.83 1 6 3005 
open 87.31 1 7 3062 
open 86.97 1 6 3063 
open 87.91 1 6 3014 
open 87.85 1 5 3080 
open 87.88 2 13 6036 
open 86.59 1 6 3006 
open 86.62 1 7 3005 
open 86.94 2 14 6894 
open 85.86 1 6 3004 
open 86.05 1 5 3002 
open 84.99 1 4 3000 
open 85.38 1 7 3268 
open 86.64 2 9 6009 
open 83.97 2 11 6009 
open 79.95 2 12 6011 
open 80.36 1 5 3004 
open 80.61 2 12 6009 
open 81.84 1 6 3047 
open 81.40 2 13 6091 
open 79.30 1 7 3051 
open 76.03 1 6 3047 
open 73.32 1 4 3026 
open 76.32 1 7 3074 
open 78.65 1 4 3001 
open 79.31 1 6 3099 
open 80.63 1 6 3019 
open 78.31 2 14 6015 
open 75.70 1 6 3002 
open 79.57 2 12 6077 
open 78.32 1 5 3689 
open 78.93 1 7 3434 
open 79.47 1 5 3006 
open 79.67 1 6 3004 
open 81.38 1 7 3012 
open 81.04 1 6 3003 
open 83.79 2 13 6028 
open 84.86 1 6 3007 
open 86.68 2 14 6023 
open 85.15 2 10 6006 
open 87.50 1 6 3014 
open 87.67 1 6 2945 
open 86.79 1 6 3018 
open 85.35 1 7 3027 
open 82.53 1 5 3004 
open 82.77 1 6 3013 
open 80.59 1 6 3007 
open 79.68 1 5 3006 
open 78.30 1 6 3003 
open 78.07 1 7 3009 
open 76.75 1 4 3001 
open 79.29 1 7 3012 
open 80.49 1 6 3005 
open 82.03 1 6 3005 
open 80.83 1 7 3004 
open 81.46 1 6 3007 
open 79.77 2 12 6018 
open 81.89 2 14 6022 
open 82.57 1 6 3009 
open 82.96 1 5 3011 
open 81.42 1 7 3028 
open 80.11 1 7 3026 
open 81.10 1 7 3008 
open 80.70 1 7 3009 
open 79.80 1 7 3031 
open 81.18 2 12 6024 
open 81.97 1 7 3081 
open 84.79 2 12 6023 
open 85.71 1 7 3014 
open 85.68 1 6 3004 
open 88.60 1 7 4779 
open 88.13 1 7 3083 
open 89.96 1 7 3011 
open 91.26 1 6 3007 
open 93.79 2 14 6100 
open 93.72 1 4 3001 
open 94.95 1 5 3005 
open 97.24 2 12 6019 
open 96.14 1 6 3004 
open 96.84 1 7 3004 
open 94.02 1 4 3001 
open 98.89 1 5 3002 
open 98.49 1 6 3005 
open 99.13 1 7 2956 
open 97.56 1 6 3005 
open 104.01 1 5 3002 
open 101.38 1 4 3001 
open 102.04 1 5 3001 
open 100.99 1 6 3012 
open 100.53 1 7 3005 
open 101.23 1 5 3002 
open 100.46 1 5 3002 
open 98.20 1 3 2999 
open 96.65 1 4 3002 
open 90.57 1 5 3002 
open 90.87 1 5 3119 
open 92.11 1 5 3004 
open 92.65 1 5 3728 
open 91.58 1 5 3008 
open 92.41 1 4 3004 
open 88.95 1 7 3007 
open 87.74 2 12 6011 
open 89.32 1 7 3009 
open 88.18 1 5 3007 
open 87.15 2 13 6020 
open 90.22 1 7 3039 
open 93.38 1 6 3010 
open 92.72 1 7 3012 
open 92.66 1 5 3008 
open 92.08 1 7 3012 
open 91.42 1 6 3010 
open 93.27 1 6 3023 
open 95.20 1 7 3070 
open 93.59 1 7 3017 
open 92.63 1 6 3023 
open 94.40 1 6 3029 
open 92.39 1 5 3016 
open 93.62 2 13 7452 
open 94.06 1 6 3006 
open 91.33 2 13 7479 
open 93.26 1 6 3009 
open 93.30 1 6 3004 
open 91.77 1 4 3006 
open 90.79 1 5 3006 
open 90.56 1 7 3012 
open 92.68 1 7 3014 
open 92.34 1 5 3008 
open 92.13 1 6 3006 
open 91.52 1 7 3010 
open 92.30 1 7 3010 
open 92.53 1 7 3015 
open 93.68 1 7 2951 
open 95.22 2 14 6014 
open 95.24 2 14 6034 
open 96.08 1 7 3022 
open 95.09 1 7 3028 
open 95.69 1 7 3012 
open 93.48 1 7 3011 
open 94.41 1 7 3018 
open 94.94 1 6 3010 
open 95.85 3 20 9049 
open 95.38 1 7 3016 
open 95.44 2 14 6040 
open 96.37 1 7 3019 
open 95.26 1 7 3022 
open 95.79 1 7 3015 
open 95.43 1 7 3019 
open 94.75 1 7 3039 
open 96.89 1 7 3136 
open 97.49 1 7 3071 
open 97.76 1 7 3022 
open 96.29 1 7 3024 
open 93.39 1 6 3018 
open 95.68 1 6 3026 
open 99.33 1 6 3010 
open 100.63 1 5 3012 
open 101.87 1 7 3034 
open 100.59 1 7 3030 
open 100.68 1 7 3038 
open 99.17 1 7 3040 
open 95.74 1 7 3035 
open 97.87 1 7 4774 
open 97.84 1 7 5841 
open 95.73 1 7 3030 
open 96.27 1 7 3043 
open 96.88 1 7 3043 
open 93.33 1 7 4408 
open 92.77 1 7 3035 
open 93.11 1 7 3038 
open 93.09 1 7 3038 
open 93.49 1 7 3049 
open 92.40 1 6 3034 
open 92.46 1 6 3009 
open 94.19 1 7 2950 
open 91.40 1 6 3006 
open 91.87 1 6 3006 
open 90.91 1 5 3004 
open 92.29 1 5 3008 
open 95.02 1 6 3012 
open 95.65 1 5 3005 
open 95.52 1 5 3008 
open 95.21 1 5 3008 
open 96.33 1 7 3207 
open 95.60 1 6 3006 
open 95.61 1 7 3007 
open 94.18 1 6 3007 
open 91.21 1 6 3008 
open 91.88 1 6 3012 
open 91.90 1 5 3005 
open 90.68 1 7 3008 
open 91.73 1 7 3009 
open 91.45 1 6 3008 
open 91.22 1 5 3002 
open 84.33 2 12 6499 
open 85.89 1 6 3006 
open 84.92 1 5 3003 
open 86.04 1 7 3007 
open 86.39 1 7 3011 
open 87.02 1 7 3068 
open 86.56 2 12 6051 
open 89.91 1 6 3006 
open 88.64 2 10 6018 
open 87.48 1 7 3014 
open 87.56 1 7 4509 
open 87.81 2 13 7579 
open 85.27 1 4 3002 
open 82.11 1 5 3004 
open 82.78 1 5 3003 
open 84.19 1 4 3003 
open 80.53 1 6 3007 
open 81.81 1 5 3003 
open 83.64 1 6 3003 
open 84.48 1 4 3003 
open 85.45 1 6 2946 
open 83.31 1 4 3000 
open 83.46 1 7 3005 
open 79.93 1 5 3006 
open 79.14 1 6 3017 
open 79.99 1 7 3028 
open 78.02 1 5 3001 
open 77.91 1 5 3002 
open 75.88 1 5 3003 
open 75.22 1 4 3001 
open 78.68 1 5 3002 
open 77.16 1 4 3000 
open 76.33 1 7 3011 
open 77.35 1 6 3008 
open 78.35 1 6 3009 
open 76.47 1 5 3006 
open 76.85 1 6 3006 
open 76.91 1 6 3006 
open 78.06 1 6 3016 
open 79.63 1 7 3014 
open 81.61 1 4 3010 
open 82.49 1 5 3013 
open 84.07 1 5 3012 
open 85.03 1 7 3017 
open 86.34 1 5 3012 
open 85.53 1 7 3800 
open 84.96 1 6 3014 
open 85.26 1 5 3012 
open 85.16 1 6 3013 
open 85.52 1 5 3014 
open 87.53 1 6 3018 
open 87.21 1 4 3014 
open 86.30 1 5 3012 
open 84.83 1 7 3007 
open 83.81 1 7 3006 
open 82.24 2 11 6020 
open 83.67 1 6 3008 
open 84.38 1 6 3008 
open 83.55 1 7 3019 
open 83.57 1 7 3016 
open 82.66 1 7 3018 
open 82.17 1 6 3016 
open 82.90 1 7 3009 
open 86.01 1 7 3019 
open 87.10 1 7 3011 
open 86.47 1 7 3011 
open 86.76 1 5 3005 
open 86.88 1 6 3005 
open 88.35 1 7 3012 
open 89.27 1 7 3014 
open 88.48 1 7 3011 
open 88.34 1 7 3008 
open 87.40 1 7 3023 
open 87.93 1 6 3012 
open 88.58 1 7 3076 
open 87.00 1 7 3027 
open 86.54 1 6 3034 
open 85.19 1 7 3708 
open 84.60 1 7 3047 
open 85.63 1 7 3031 
open 85.80 1 7 3033 
open 87.46 1 7 4943 
open 88.10 1 7 3030 
open 87.90 2 13 6234 
open 88.22 1 7 3034 
open 84.67 1 7 3005 
open 84.53 1 4 3005 
open 83.66 1 7 3007 
open 83.62 1 6 3008 
open 81.86 2 12 5973 
open 81.74 1 7 3012 
open 83.13 1 7 3012 
open 83.10 1 7 3013 
open 82.68 1 7 4267 
open 82.27 1 5 3080 
open 81.12 1 7 3012 
open 82.33 1 7 3012 
open 81.14 1 5 3009 
open 83.71 1 7 3013 
open 83.63 1 7 3007 
open 81.36 1 5 3008 
open 81.57 1 7 3024 
open 82.32 1 7 3024 
open 83.33 1 7 3024 
open 82.56 1 6 3019 
open 82.83 1 7 3023 
open 80.48 1 7 3021 
open 80.97 1 7 3024 
open 81.54 1 7 3019 
open 80.00 1 7 3021 
open 79.41 1 7 3026 
open 81.17 1 7 3030 
open 81.66 1 7 3018 
open 80.25 1 7 3026 
open 82.10 1 7 3023 
open 82.15 1 7 3018 
open 81.29 1 7 3025 
open 82.18 1 7 3032 
open 82.73 1 7 3024 
open 81.65 1 6 3027 
open 80.74 1 6 3207 
open 77.62 2 14 6221 
open 77.32 1 6 3008 
open 78.24 1 7 3019 
open 77.87 1 7 3025 
open 79.53 2 14 6043 
open 78.36 1 7 3035 
open 79.20 1 7 3027 
open 79.18 2 13 6035 
open 78.86 1 6 2954 
open 80.20 1 7 3018 
open 79.35 1 7 3029 
open 77.19 1 7 3018 
open 76.02 1 7 3016 
open 76.05 1 7 3022 
open 75.73 1 7 3022 
open 75.64 1 7 3016 
open 75.48 1 7 3020 
open 74.67 1 7 3017 
open 74.61 1 7 3016 
open 75.37 1 7 3018 
open 75.40 1 7 3012 
open 75.89 1 7 3030 
open 75.68 1 7 3022 
hight 66.73 1 7 3719 
hight 66.49 2 14 10923 
hight 66.37 1 7 3280 
hight 65.03 1 7 4023 
hight 64.40 1 7 3519 
hight 63.62 1 7 3620 
hight 62.26 2 14 7515 
hight 61.62 1 7 3479 
hight 63.16 1 7 3864 
hight 61.65 1 7 3781 
hight 61.96 1 7 3425 
hight 62.07 1 7 3453 
hight 61.78 1 7 3436 
hight 63.75 1 7 4612 
hight 63.63 1 7 3270 
hight 63.55 1 7 3662 
hight 63.67 1 7 3926 
hight 64.60 1 7 3518 
hight 65.59 1 7 3429 
hight 64.24 1 7 4046 
hight 62.69 1 7 3621 
hight 64.14 1 7 3715 
hight 65.05 1 7 3532 
hight 64.71 1 7 3546 
hight 64.90 1 7 3623 
hight 65.00 1 7 3982 
hight 64.28 1 7 3709 
hight 64.10 1 7 4172 
hight 63.80 1 7 4763 
hight 64.73 2 12 7591 
hight 64.26 1 7 4472 
hight 64.69 1 7 3873 
hight 64.61 1 7 4483 
hight 63.78 1 7 4316 
hight 63.31 1 7 4693 
hight 61.89 1 7 4756 
hight 58.48 1 7 4477 
hight 59.90 1 7 4256 
hight 61.11 1 7 4222 
hight 62.56 1 7 3981 
hight 62.75 1 7 4126 
hight 62.64 1 7 4485 
hight 62.48 1 7 4089 
hight 63.46 1 7 4385 
hight 64.47 1 7 4651 
hight 64.91 1 7 6021 
hight 64.77 1 7 6284 
hight 65.19 1 7 5951 
hight 66.55 1 7 6211 
hight 67.21 1 7 8674 
hight 69.61 1 7 6081 
hight 69.87 2 14 12390 
hight 69.81 2 14 11730 
hight 70.15 1 7 6073 
hight 68.56 1 7 6097 
hight 69.19 1 7 6285 
hight 69.37 1 7 6176 
hight 69.45 2 14 12304 
hight 69.57 2 12 9029 
hight 68.81 1 7 5676 
hight 69.39 1 7 5806 
hight 70.89 1 7 5930 
hight 71.55 1 7 5965 
hight 71.26 1 7 6059 
hight 70.81 1 7 6246 
hight 70.59 1 7 6455 
hight 70.45 1 7 6425 
hight 69.48 1 7 6591 
hight 70.53 1 7 6273 
hight 70.50 1 7 6276 
hight 70.01 1 7 6273 
hight 71.39 1 7 6197 
hight 71.73 2 14 11939 
hight 71.84 1 7 6220 
hight 70.92 1 7 5815 
hight 67.64 1 7 6118 
hight 67.26 1 7 6005 
hight 64.72 1 7 5993 
hight 65.54 1 7 5442 
hight 65.75 1 7 5396 
hight 64.75 1 7 5642 
hight 65.06 1 7 5273 
hight 65.95 1 7 5937 
hight 65.74 1 7 5895 
hight 65.78 1 7 5668 
hight 67.47 1 7 5435 
hight 67.65 1 7 5320 
hight 67.38 1 7 5507 
hight 68.49 1 7 6071 
hight 68.53 1 7 6386 
hight 69.69 1 7 6156 
hight 68.80 1 7 6355 
hight 68.90 1 7 5984 
hight 68.42 2 11 9336 
hight 69.50 1 7 6097 
hight 70.49 1 7 6056 
hight 69.66 1 7 5614 
hight 68.86 1 7 6142 
hight 67.86 1 7 8078 
hight 69.17 1 7 6584 
hight 69.70 1 7 5396 
hight 70.14 1 7 5861 
hight 70.19 1 7 5965 
hight 70.91 1 7 5786 
hight 71.94 1 7 5862 
hight 71.47 1 7 5803 
hight 72.50 1 7 6387 
hight 72.55 1 7 5946 
hight 71.17 1 7 5249 
hight 71.91 1 7 5175 
hight 72.23 1 7 5381 
hight 72.45 1 7 5153 
hight 73.22 1 7 5347 
hight 74.54 1 7 5767 
hight 74.72 1 7 5221 
hight 75.73 1 7 5284 
hight 76.07 2 11 8143 
hight 76.95 1 7 5062 
hight 77.36 1 7 5339 
hight 78.88 1 7 4590 
hight 79.04 1 7 4804 
hight 79.43 2 14 8266 
hight 79.87 2 11 7861 
hight 81.03 1 7 4920 
hight 81.10 1 7 5150 
hight 78.49 3 21 10593 
hight 77.90 1 7 4387 
hight 79.78 2 14 7615 
hight 79.56 1 7 4343 
hight 78.44 1 7 4292 
hight 78.97 1 7 4678 
hight 78.30 1 7 4297 
hight 75.79 1 7 4871 
hight 77.16 1 7 4281 
hight 78.28 1 7 4569 
hight 77.47 2 13 7159 
hight 76.44 1 7 4052 
hight 76.39 2 14 7430 
hight 75.91 2 14 7542 
hight 76.79 1 7 4357 
hight 77.32 1 7 4447 
hight 78.31 1 7 4298 
hight 78.40 1 7 4481 
hight 78.41 1 7 4223 
hight 79.05 1 7 4464 
hight 79.96 2 13 7529 
hight 79.85 1 7 4403 
hight 80.27 2 14 7458 
hight 79.99 1 7 4482 
hight 80.64 1 7 6574 
hight 82.05 2 12 8926 
hight 83.68 2 13 6065 
hight 82.88 2 14 6049 
hight 82.89 1 7 3042 
hight 82.75 3 19 9064 
hight 82.55 1 7 3036 
hight 84.46 1 7 3046 
hight 85.02 2 11 6049 
hight 84.82 2 11 6053 
hight 85.25 1 7 3057 
hight 84.60 1 7 3042 
hight 80.82 1 7 3037 
hight 80.63 2 11 5976 
hight 80.88 1 7 3046 
hight 81.42 1 7 3044 
hight 81.12 1 7 3041 
hight 80.61 2 14 6047 
hight 80.71 2 14 6057 
hight 80.16 1 7 3034 
hight 79.51 2 13 6039 
hight 79.47 1 7 3040 
hight 79.71 1 7 3022 
hight 76.85 1 7 3018 
hight 78.55 1 7 3020 
hight 79.24 1 7 3016 
hight 79.92 1 7 3017 
hight 79.10 2 13 6038 
hight 78.53 2 12 6037 
hight 79.46 3 15 9708 
hight 79.66 1 7 3019 
hight 77.97 1 7 3018 
hight 77.21 1 7 3015 
hight 77.18 1 7 3016 
hight 77.27 1 7 3011 
hight 80.10 1 7 3019 
hight 80.59 2 12 6017 
hight 80.99 1 7 3021 
hight 80.01 3 20 9056 
hight 79.88 2 14 6127 
hight 81.68 1 7 3018 
hight 81.62 1 7 3017 
hight 81.47 2 12 6028 
hight 80.26 1 7 3016 
hight 80.05 2 14 6026 
hight 80.51 2 14 6080 
hight 80.70 1 6 4334 
hight 78.92 1 7 3008 
hight 79.76 1 6 3009 
hight 80.46 2 13 6041 
hight 81.11 2 11 6012 
hight 83.18 2 13 6016 
hight 83.51 2 12 6012 
hight 83.04 3 21 9049 
hight 83.65 1 7 3019 
hight 83.22 2 13 6035 
hight 83.08 1 6 2954 
hight 83.38 1 7 3009 
hight 83.90 1 7 3023 
hight 83.67 2 14 6038 
hight 83.24 1 7 3019 
hight 82.70 1 7 3012 
hight 81.99 1 6 3007 
hight 82.26 1 7 3015 
hight 82.14 2 14 6017 
hight 82.42 3 19 9035 
hight 82.06 2 13 6022 
hight 83.79 1 6 3006 
hight 85.00 1 7 3015 
hight 84.87 1 7 3018 
hight 84.68 1 7 3009 
hight 84.00 1 7 3018 
hight 84.81 1 7 3022 
hight 85.67 1 7 3009 
hight 85.53 1 6 3017 
hight 86.36 1 6 3011 
hight 85.14 2 9 6008 
hight 84.44 2 14 6024 
hight 83.69 2 11 6014 
hight 84.26 1 7 3012 
hight 85.51 1 7 3012 
hight 85.96 1 7 3019 
hight 86.03 1 7 3014 
hight 87.31 1 7 3007 
hight 87.23 1 7 3009 
hight 86.61 1 7 3012 
hight 87.07 1 6 3012 
hight 87.59 1 7 3077 
hight 86.98 1 7 3014 
hight 87.22 2 13 6037 
hight 87.74 1 7 3010 
hight 88.38 3 21 9061 
hight 91.33 1 7 3013 
hight 90.95 2 13 6020 
hight 90.50 1 7 3007 
hight 86.28 1 7 3021 
hight 86.63 1 7 3019 
hight 86.97 1 7 3013 
hight 87.06 1 7 3015 
hight 86.93 1 7 3010 
hight 88.95 1 6 3004 
hight 89.38 1 5 3009 
hight 88.08 1 7 3008 
hight 87.88 1 7 3017 
hight 87.80 1 6 3020 
hight 87.32 1 7 3010 
hight 87.51 2 14 6023 
hight 86.94 1 7 3013 
hight 84.30 1 7 2949 
hight 85.01 1 7 3010 
hight 86.96 1 7 3007 
hight 87.29 2 12 6017 
hight 87.83 1 6 3014 
hight 86.64 1 5 3014 
hight 87.76 1 6 3012 
hight 86.16 3 21 9062 
hight 85.24 2 12 6013 
hight 85.76 1 6 3011 
hight 85.64 2 13 6016 
hight 85.62 1 6 3011 
hight 85.40 1 7 3014 
hight 85.47 1 7 3015 
hight 86.14 1 7 3011 
hight 88.04 1 7 3013 
hight 88.89 1 6 3009 
hight 87.92 1 7 3015 
hight 89.35 2 10 6016 
hight 89.10 2 13 6909 
hight 89.17 1 7 3014 
hight 89.85 1 6 3013 
hight 89.62 1 7 3023 
hight 89.23 1 7 3014 
hight 88.67 1 7 3013 
hight 88.28 2 14 6045 
hight 89.14 1 7 3016 
hight 89.94 1 7 3014 
hight 90.62 1 6 3018 
hight 90.82 1 7 3080 
hight 91.27 1 7 3015 
hight 90.99 1 7 3017 
hight 91.11 1 7 3019 
hight 91.83 1 6 3013 
hight 92.01 1 7 3014 
hight 92.63 1 5 3013 
hight 93.64 1 7 4397 
hight 94.64 2 13 7402 
hight 94.97 2 14 6015 
hight 94.67 1 7 3018 
hight 96.44 2 14 6026 
hight 94.02 1 6 3010 
hight 94.83 1 6 3007 
hight 94.87 1 7 3024 
hight 95.92 3 20 9057 
hight 93.61 1 5 3006 
hight 92.72 1 7 3008 
hight 94.43 2 13 6028 
hight 95.77 2 12 5953 
hight 96.78 1 7 3005 
hight 98.42 1 5 3012 
hight 100.01 3 18 9027 
hight 99.55 1 7 3011 
hight 99.47 1 6 3011 
hight 99.57 1 6 3010 
hight 100.42 1 7 3019 
hight 100.27 1 6 3011 
hight 100.35 1 6 3008 
hight 102.06 2 13 6018 
hight 102.84 1 7 3008 
hight 104.47 1 7 3012 
hight 105.35 1 7 3011 
hight 105.16 1 6 3007 
hight 106.28 1 7 3025 
hight 106.86 1 6 3007 
hight 107.70 1 5 3003 
hight 106.81 1 6 3005 
hight 102.61 1 7 3010 
hight 103.63 1 7 3007 
hight 98.14 1 5 3015 
hight 97.01 2 13 6050 
hight 96.18 1 6 3005 
hight 96.48 1 6 3003 
hight 99.10 1 5 3003 
hight 100.25 1 6 3009 
hight 103.61 1 6 3004 
hight 105.76 1 6 3007 
hight 106.84 1 6 3008 
hight 104.91 1 6 3006 
hight 105.99 1 6 3069 
hight 107.84 1 6 3005 
hight 107.16 1 3 3000 
hight 101.08 1 4 3001 
hight 98.31 2 13 7779 
hight 98.63 2 13 6076 
hight 99.40 1 6 3004 
hight 99.70 1 5 4383 
hight 100.15 1 7 5825 
hight 98.86 1 6 3006 
hight 98.35 1 5 3004 
hight 95.39 3 13 9010 
hight 97.46 1 5 3002 
hight 97.48 1 7 3008 
hight 99.54 1 5 3004 
hight 100.43 1 7 3007 
hight 100.46 1 6 3003 
hight 97.30 1 5 3004 
hight 96.12 2 11 6012 
hight 93.27 1 4 3000 
hight 92.54 1 5 2942 
hight 95.71 1 4 3002 
hight 97.95 1 4 3003 
hight 98.41 1 6 3007 
hight 99.67 1 6 3009 
hight 99.82 1 7 3008 
hight 100.20 1 7 3011 
hight 101.04 1 7 3011 
hight 102.00 1 6 3003 
hight 103.31 1 6 3006 
hight 103.67 1 7 3008 
hight 103.12 1 6 3008 
hight 103.43 1 5 3002 
hight 104.45 1 3 2999 
hight 104.39 1 5 3001 
hight 102.94 1 6 3002 
hight 99.92 2 11 6006 
hight 96.42 1 5 3001 
hight 96.02 1 6 3004 
hight 94.90 1 5 3004 
hight 91.19 1 3 3000 
hight 88.81 1 4 3000 
hight 90.24 1 4 3000 
hight 74.46 1 4 3000 
hight 71.97 1 3 2999 
hight 70.47 1 4 3003 
hight 69.95 1 3 2999 
hight 65.58 1 3 2999 
hight 63.82 1 4 3000 
hight 63.04 1 6 3002 
hight 62.63 1 5 3002 
hight 62.39 1 6 3002 
hight 63.47 1 5 3005 
hight 62.88 1 7 4617 
hight 68.22 1 6 4681 
hight 67.85 1 3 3001 
hight 62.14 1 4 3002 
hight 60.26 1 3 2999 
hight 60.81 1 6 3004 
hight 62.71 1 6 3004 
hight 60.94 1 6 3002 
hight 63.19 1 4 3000 
hight 64.53 1 4 3001 
hight 65.41 1 5 3002 
hight 69.40 1 3 2939 
hight 72.81 1 5 3002 
hight 73.44 1 6 3007 
hight 72.70 1 5 3003 
hight 70.31 1 6 3005 
hight 73.94 1 5 3002 
hight 74.86 1 7 3004 
hight 74.89 1 4 3003 
hight 78.79 1 4 3000 
hight 79.45 1 5 3002 
hight 80.39 2 12 6079 
hight 78.26 2 10 6002 
hight 78.22 1 5 3004 
hight 78.34 1 3 3000 
hight 74.67 1 3 2999 
hight 77.14 1 6 3004 
hight 79.25 2 12 6012 
hight 80.77 1 5 3004 
hight 81.95 1 3 2999 
hight 81.31 1 5 3002 
hight 79.82 1 5 3004 
hight 79.39 2 11 6030 
hight 79.80 2 13 6035 
hight 79.94 1 5 3003 
hight 80.00 1 6 3004 
hight 81.83 1 5 3004 
hight 84.28 1 6 3003 
hight 85.26 1 5 3061 
hight 84.32 1 5 3001 
hight 83.80 2 11 6011 
hight 84.16 2 9 6004 
hight 83.21 1 6 3032 
hight 81.93 1 7 3004 
hight 82.93 1 5 3004 
hight 81.90 2 12 6019 
hight 81.26 2 13 6033 
hight 82.50 1 5 4622 
hight 84.59 1 6 4624 
hight 85.58 1 5 3001 
hight 81.75 3 19 9025 
hight 81.45 2 13 6030 
hight 80.78 1 5 3001 
hight 82.48 1 7 3007 
hight 83.53 1 5 3002 
hight 83.62 1 7 3007 
hight 85.52 1 6 2949 
hight 87.08 1 4 3003 
hight 87.46 2 14 6021 
hight 87.49 2 11 6010 
hight 87.72 2 9 6008 
hight 88.03 1 7 3008 
hight 86.50 1 5 3001 
hight 84.43 1 4 3002 
hight 77.99 1 6 3003 
hight 78.94 1 6 3004 
hight 79.55 1 5 3001 
hight 80.81 1 7 3003 
hight 79.07 2 13 6024 
hight 75.95 1 5 3003 
hight 78.47 2 8 6002 
hight 78.81 1 5 3005 
hight 79.38 2 14 6029 
hight 79.23 1 7 3015 
hight 77.95 1 7 3011 
hight 77.51 2 11 6026 
hight 78.01 1 7 3013 
hight 78.46 1 6 3025 
hight 81.36 1 7 3047 
hight 81.28 1 7 3037 
hight 81.32 1 7 3145 
hight 81.77 1 7 3170 
hight 81.30 1 6 3009 
hight 80.97 2 13 6277 
hight 82.60 1 6 3009 
hight 82.82 1 6 3005 
hight 82.97 1 6 3008 
hight 82.24 1 6 3159 
hight 83.64 2 14 6042 
hight 83.61 1 6 3007 
hight 83.59 1 7 3527 
hight 83.26 1 7 3530 
hight 83.33 1 7 3012 
hight 82.91 3 18 9040 
hight 82.74 1 5 3044 
hight 82.53 2 13 6030 
hight 83.85 1 7 3011 
hight 84.42 1 7 3023 
hight 83.94 1 7 3006 
hight 83.71 1 5 3004 
hight 82.08 1 5 3006 
hight 84.86 3 21 8962 
hight 87.95 2 13 6013 
hight 89.98 1 6 3005 
hight 88.47 1 7 3062 
hight 88.53 1 6 3063 
hight 89.59 1 6 3014 
hight 88.10 1 5 3080 
hight 88.05 1 6 3003 
hight 87.50 2 13 7533 
hight 87.38 2 13 6012 
hight 87.55 2 10 6007 
hight 86.20 2 13 6018 
hight 86.34 1 5 3002 
hight 85.50 2 9 6012 
hight 87.20 1 7 3268 
hight 85.57 1 5 3002 
hight 86.12 2 11 5948 
hight 85.11 1 4 3000 
hight 80.73 1 5 3003 
hight 82.15 1 7 3007 
hight 82.78 1 6 3047 
hight 82.40 1 7 3085 
hight 76.13 3 20 9099 
hight 76.76 1 4 3026 
hight 80.23 1 7 3074 
hight 83.88 2 13 6131 
hight 81.43 1 5 3002 
hight 80.74 1 6 3019 
hight 78.33 1 7 3006 
hight 80.45 2 14 6089 
hight 80.07 2 11 6010 
hight 79.65 1 7 3434 
hight 79.54 1 5 3006 
hight 81.49 1 6 3004 
hight 82.80 1 7 3012 
hight 83.15 1 6 3003 
hight 83.86 1 5 3005 
hight 86.30 1 6 3010 
hight 87.53 2 11 6019 
hight 88.60 1 6 3014 
hight 88.09 1 6 2945 
hight 86.89 1 6 3018 
hight 85.46 1 7 3027 
hight 84.75 1 5 3004 
hight 84.70 1 5 3004 
hight 84.47 1 6 3006 
hight 83.28 1 6 3013 
hight 81.07 1 6 3007 
hight 80.13 1 5 3006 
hight 78.61 1 6 3003 
hight 78.18 1 7 3009 
hight 79.67 1 4 3001 
hight 80.60 2 14 6086 
hight 81.53 1 6 3005 
hight 82.30 1 6 3005 
hight 83.32 1 6 3017 
hight 83.52 1 6 3009 
hight 82.98 1 5 3011 
hight 81.74 2 14 6052 
hight 81.72 1 7 3026 
hight 81.21 1 7 3009 
hight 80.89 1 7 3018 
hight 82.65 1 7 3020 
hight 83.42 1 7 3081 
hight 83.99 1 7 3019 
hight 84.10 1 7 3018 
hight 86.39 1 7 3021 
hight 86.92 1 6 3004 
hight 88.93 1 6 3012 
hight 88.83 1 7 4779 
hight 90.25 1 7 3083 
hight 92.79 1 7 3011 
hight 94.60 1 6 3007 
hight 95.04 1 4 3001 
hight 97.37 1 5 3005 
hight 97.32 1 6 3004 
hight 96.92 1 6 3004 
hight 97.10 1 7 3004 
hight 95.73 1 4 3001 
hight 99.52 1 7 3004 
hight 99.73 1 6 3005 
hight 99.24 1 7 2956 
hight 104.30 1 6 3005 
hight 105.38 1 5 3002 
hight 102.89 1 4 3001 
hight 102.62 1 5 3001 
hight 102.29 1 6 3012 
hight 102.09 1 7 3005 
hight 101.54 1 5 3002 
hight 100.90 1 5 3002 
hight 98.22 1 3 2999 
hight 96.76 1 4 3002 
hight 92.51 1 4 3000 
hight 91.13 1 5 3002 
hight 92.19 1 5 3119 
hight 93.01 2 10 6008 
hight 92.87 1 5 3728 
hight 92.53 1 5 3008 
hight 92.68 1 4 3004 
hight 89.03 3 20 9052 
hight 89.60 1 7 3007 
hight 90.08 2 12 6016 
hight 89.36 1 5 3007 
hight 90.45 1 7 3009 
hight 93.52 1 7 3039 
hight 93.51 1 6 3010 
hight 94.40 1 7 3012 
hight 92.96 1 5 3008 
hight 92.15 1 7 3012 
hight 94.06 1 6 3010 
hight 95.63 1 6 3023 
hight 95.60 1 7 3070 
hight 93.81 1 7 3007 
hight 94.12 1 7 3017 
hight 94.55 1 6 3029 
hight 93.98 1 5 3016 
hight 94.18 3 19 9073 
hight 94.09 1 6 3006 
hight 93.10 1 6 4445 
hight 94.05 1 7 4747 
hight 94.04 1 7 4446 
hight 93.82 1 6 3009 
hight 93.39 1 6 3004 
hight 92.66 2 11 6015 
hight 91.08 1 5 3006 
hight 92.86 1 7 3012 
hight 92.93 1 7 3014 
hight 92.74 1 5 3008 
hight 92.34 1 6 3006 
hight 94.44 1 7 3010 
hight 93.37 1 7 3010 
hight 93.80 1 7 3015 
hight 96.01 1 7 2951 
hight 96.47 2 14 6032 
hight 96.19 1 7 3008 
hight 96.15 2 14 6041 
hight 96.21 1 7 3022 
hight 95.23 1 7 3028 
hight 95.86 1 6 3023 
hight 96.07 2 13 6017 
hight 94.52 1 7 3011 
hight 95.02 1 7 3018 
hight 96.29 1 7 3016 
hight 96.41 1 7 3019 
hight 95.94 1 7 3021 
hight 95.49 1 7 3015 
hight 96.09 1 7 3015 
hight 95.53 1 7 3019 
hight 95.89 1 7 3039 
hight 97.09 1 7 3024 
hight 97.55 1 7 3136 
hight 98.32 1 7 3022 
hight 97.90 1 6 3015 
hight 96.91 1 7 3024 
hight 95.80 1 6 3400 
hight 95.81 1 7 3096 
hight 99.36 1 6 3026 
hight 100.76 1 6 3010 
hight 102.37 1 5 3012 
hight 102.82 1 7 3034 
hight 101.31 1 7 3030 
hight 101.33 1 7 3038 
hight 99.44 1 7 3040 
hight 97.89 1 7 3035 
hight 98.08 1 7 5841 
hight 97.63 1 7 3030 
hight 97.36 1 7 3043 
hight 94.58 1 7 4408 
hight 93.07 1 7 3034 
hight 93.34 1 7 3035 
hight 93.42 1 7 3038 
hight 93.93 1 7 3038 
hight 93.55 1 6 3034 
hight 94.36 1 7 2950 
hight 92.14 1 6 3006 
hight 93.02 1 6 3006 
hight 95.91 1 7 3006 
hight 95.90 1 6 3012 
hight 97.25 1 5 3005 
hight 95.85 1 5 3008 
hight 96.54 1 5 3008 
hight 96.95 1 7 3207 
hight 95.96 1 6 3006 
hight 96.27 1 7 3007 
hight 94.94 1 6 3007 
hight 91.97 1 6 3008 
hight 92.39 1 6 3012 
hight 91.96 1 5 3005 
hight 92.00 2 13 6016 
hight 91.45 1 5 3002 
hight 85.03 1 4 3002 
hight 86.27 2 10 6008 
hight 85.17 1 5 3003 
hight 86.22 1 4 3003 
hight 88.57 1 7 3007 
hight 87.47 1 7 3011 
hight 88.07 1 7 3068 
hight 87.15 2 13 6020 
hight 87.98 1 6 3010 
hight 88.99 1 5 3004 
hight 90.69 1 6 3006 
hight 89.06 1 4 3007 
hight 88.46 2 14 6048 
hight 87.89 1 7 4509 
hight 88.17 1 6 4566 
hight 85.37 1 4 3002 
hight 83.35 1 5 3004 
hight 83.48 1 3 3001 
hight 86.33 1 5 3003 
hight 82.37 1 6 3006 
hight 81.98 1 6 3007 
hight 84.98 1 5 3003 
hight 86.37 1 6 3003 
hight 85.79 1 4 3003 
hight 86.67 1 5 3003 
hight 85.42 1 7 3005 
hight 86.35 1 4 3000 
hight 80.62 1 5 3006 
hight 80.65 1 6 3017 
hight 80.76 1 7 3028 
hight 80.24 1 5 3008 
hight 78.70 1 5 3001 
hight 81.58 1 5 3002 
hight 77.37 1 5 3003 
hight 80.31 1 4 3001 
hight 80.42 1 6 3244 
hight 79.52 1 5 3002 
hight 78.64 1 7 3015 
hight 78.59 1 7 3015 
hight 77.42 1 7 3011 
hight 78.56 1 6 3009 
hight 77.38 1 5 3006 
hight 77.49 1 6 3006 
hight 78.67 1 6 3006 
hight 78.99 1 7 3009 
hight 79.98 2 12 6023 
hight 81.76 1 7 3014 
hight 82.56 1 4 3010 
hight 82.58 1 5 3013 
hight 84.54 1 5 3014 
hight 86.57 1 7 3017 
hight 87.48 1 5 3012 
hight 85.73 2 14 6807 
hight 85.43 1 6 3494 
hight 85.88 1 6 3014 
hight 86.23 1 5 3012 
hight 87.00 1 6 3013 
hight 87.05 1 4 3012 
hight 86.65 1 5 3014 
hight 88.14 1 6 3018 
hight 87.33 1 4 3014 
hight 87.45 1 5 3012 
hight 87.03 1 7 3024 
hight 85.90 1 7 2956 
hight 84.37 1 7 3006 
hight 83.77 2 14 6021 
hight 84.51 1 6 3008 
hight 84.49 1 6 3008 
hight 84.48 2 14 6033 
hight 83.84 1 7 3016 
hight 83.36 1 6 3016 
hight 85.04 1 7 3009 
hight 85.30 1 7 3010 
hight 86.91 1 7 3013 
hight 89.25 1 6 3011 
hight 89.39 1 7 3005 
hight 88.26 1 7 3013 
hight 87.35 1 5 3005 
hight 87.90 1 6 3011 
hight 88.44 2 13 6209 
hight 89.46 1 7 3012 
hight 90.27 1 7 3014 
hight 88.85 1 7 3011 
hight 88.70 1 7 3008 
hight 88.62 1 7 3076 
hight 88.06 1 7 3027 
hight 87.63 1 7 3026 
hight 86.54 1 6 3034 
hight 85.22 1 7 3708 
hight 85.95 1 7 3031 
hight 86.60 1 7 3033 
hight 88.32 1 7 4943 
hight 89.02 1 6 3030 
hight 86.70 1 6 3041 
hight 84.21 1 6 3008 
hight 82.54 1 5 2947 
hight 81.96 1 6 3008 
hight 83.34 1 7 3012 
hight 84.04 1 7 3012 
hight 83.91 1 7 3013 
hight 82.87 2 14 7285 
hight 82.62 1 5 3080 
hight 83.97 1 6 3079 
hight 84.15 1 5 3009 
hight 84.50 1 7 3013 
hight 83.96 1 7 3007 
hight 82.07 1 5 3008 
hight 83.12 1 7 3024 
hight 83.83 1 7 3024 
hight 82.76 1 7 3026 
hight 80.52 1 7 3021 
hight 81.22 1 7 3026 
hight 82.32 1 7 3030 
hight 82.47 1 7 3026 
hight 81.88 1 7 3018 
hight 80.56 1 7 3026 
hight 82.18 1 6 3017 
hight 83.02 1 7 3023 
hight 82.96 1 7 3024 
hight 82.16 1 6 3027 
hight 78.71 1 7 3200 
hight 77.78 1 6 3008 
hight 78.80 1 7 3025 
hight 79.63 1 7 3021 
hight 79.33 1 7 3035 
hight 79.62 1 7 3022 
hight 79.28 1 6 3011 
hight 79.30 1 7 3018 
hight 79.36 1 6 2954 
hight 79.60 1 7 3028 
hight 78.66 1 7 3026 
hight 77.35 1 7 3018 
hight 76.36 1 7 3016 
hight 76.16 1 7 3022 
hight 75.94 1 7 3016 
hight 75.52 1 7 3020 
hight 74.82 1 7 3017 
hight 76.19 1 7 3016 
hight 75.90 1 7 3018 
hight 76.11 1 7 3012 
hight 75.70 1 7 3022 
low 63.04 1 7 3719 
low 64.31 1 7 3798 
low 64.24 1 7 3280 
low 62.96 1 7 4023 
low 62.77 1 7 3519 
low 62.19 2 14 7329 
low 60.14 1 7 3926 
low 60.32 1 7 3479 
low 60.84 1 7 3864 
low 60.17 1 7 3781 
low 59.49 2 14 7647 
low 60.39 1 7 3453 
low 59.78 1 7 3436 
low 60.51 1 7 3589 
low 61.46 1 7 4612 
low 60.33 1 7 3270 
low 61.43 1 7 3662 
low 62.45 2 14 9199 
low 62.54 1 7 3518 
low 63.94 1 7 3429 
low 60.47 1 7 4046 
low 59.76 1 7 3621 
low 61.17 1 7 3715 
low 63.50 1 7 3532 
low 63.39 1 7 3546 
low 62.71 1 7 3623 
low 63.36 1 7 3982 
low 62.01 1 7 4172 
low 62.37 1 7 4763 
low 63.46 1 7 4588 
low 61.96 1 7 4472 
low 62.78 1 7 3873 
low 63.10 1 7 4483 
low 61.90 1 7 4316 
low 61.49 1 7 4693 
low 57.90 1 7 4756 
low 56.06 1 7 4477 
low 57.33 1 7 4256 
low 59.83 1 7 3981 
low 61.22 1 7 4126 
low 61.21 1 7 4485 
low 61.36 1 7 4089 
low 61.44 1 7 4385 
low 62.98 1 7 4651 
low 63.40 1 7 6021 
low 63.52 1 7 6284 
low 63.66 1 7 5951 
low 65.00 1 7 6211 
low 64.78 1 7 7125 
low 66.28 1 7 8674 
low 67.06 1 7 6081 
low 67.73 1 7 6057 
low 67.50 1 7 6245 
low 67.78 1 7 6073 
low 66.98 1 7 6097 
low 67.38 1 7 6285 
low 67.03 1 7 6176 
low 68.44 1 7 6082 
low 68.31 1 7 6026 
low 66.53 1 7 5676 
low 66.84 1 7 5806 
low 69.02 2 14 11989 
low 69.80 1 7 5965 
low 69.09 1 7 6246 
low 69.77 1 7 6455 
low 68.81 1 7 6425 
low 68.18 1 7 6591 
low 69.03 1 7 6273 
low 68.66 1 7 6276 
low 68.62 2 14 12329 
low 69.38 1 7 6197 
low 70.74 1 7 6025 
low 69.01 1 7 6220 
low 68.68 1 7 5815 
low 66.66 1 7 5485 
low 66.51 1 7 6118 
low 64.38 1 7 6005 
low 63.05 1 7 5993 
low 62.30 1 7 5442 
low 62.95 1 7 5396 
low 63.41 1 7 5642 
low 64.20 1 7 5937 
low 63.85 1 7 5895 
low 63.68 1 7 5668 
low 65.45 1 7 5435 
low 66.03 1 7 5320 
low 65.77 1 7 5507 
low 66.58 1 7 6071 
low 67.36 1 7 6386 
low 67.84 1 7 6156 
low 68.09 1 7 6222 
low 67.65 1 7 6355 
low 66.78 1 7 5984 
low 67.02 1 7 6265 
low 67.94 1 7 6097 
low 67.42 1 7 6333 
low 67.91 1 7 5614 
low 67.27 1 7 6142 
low 66.62 1 7 8078 
low 66.65 1 7 6584 
low 68.29 1 7 5396 
low 68.77 1 7 5861 
low 69.08 1 7 5965 
low 69.44 2 14 11035 
low 70.50 2 14 8918 
low 69.98 1 7 5862 
low 70.07 1 7 5803 
low 70.86 1 7 6387 
low 70.44 1 7 5946 
low 70.21 1 7 5175 
low 71.12 1 7 5381 
low 71.15 1 7 5153 
low 71.95 1 7 5347 
low 73.02 1 7 5767 
low 73.86 1 7 5221 
low 74.17 1 7 5284 
low 73.73 1 7 5142 
low 74.34 1 7 5062 
low 76.60 2 11 8340 
low 76.31 2 13 7592 
low 77.08 1 7 4804 
low 77.02 1 7 5249 
low 77.94 2 14 7863 
low 78.01 2 14 7948 
low 77.69 1 7 5150 
low 76.10 1 7 4561 
low 76.39 1 7 4387 
low 77.18 2 14 7607 
low 77.13 1 7 4343 
low 77.28 1 7 4292 
low 77.49 1 7 4678 
low 75.43 1 7 4297 
low 73.85 1 7 4871 
low 73.82 1 7 4281 
low 76.58 1 7 4569 
low 75.27 1 7 4149 
low 74.40 1 7 4052 
low 75.04 1 7 4418 
low 74.41 1 7 4525 
low 75.00 1 7 4357 
low 76.00 1 7 4447 
low 76.06 1 7 4298 
low 77.30 1 7 4481 
low 77.27 1 7 4223 
low 77.79 3 18 10484 
low 78.52 1 7 4523 
low 79.10 1 7 4403 
low 79.19 2 12 7440 
low 78.75 1 7 4482 
low 79.22 2 10 9575 
low 80.27 1 7 5922 
low 81.19 2 12 6064 
low 80.45 1 7 3040 
low 81.48 2 14 6061 
low 79.79 2 14 6086 
low 80.08 1 7 3036 
low 81.93 1 7 3046 
low 83.42 1 7 3046 
low 83.57 1 7 3048 
low 81.54 2 14 6069 
low 80.49 2 12 5989 
low 79.28 3 19 9064 
low 77.98 1 7 2975 
low 78.59 1 7 3046 
low 79.86 2 13 6052 
low 79.20 4 27 12104 
low 78.88 1 7 3039 
low 78.41 1 7 3034 
low 77.72 2 14 6046 
low 78.19 1 7 3040 
low 77.82 1 7 3022 
low 76.07 1 7 3011 
low 75.39 1 7 3018 
low 74.21 1 7 3012 
low 74.30 1 7 3017 
low 74.52 2 11 6021 
low 77.81 1 7 3016 
low 78.49 2 14 6031 
low 77.39 1 7 3030 
low 77.43 1 7 3019 
low 77.86 1 7 3020 
low 78.45 1 7 3019 
low 76.94 2 12 6019 
low 76.66 2 12 6022 
low 75.61 1 7 3015 
low 75.22 1 7 3016 
low 76.13 1 7 3011 
low 79.04 1 7 3013 
low 79.85 1 7 3021 
low 78.61 1 7 3021 
low 78.89 1 7 3023 
low 78.71 1 7 3076 
low 79.05 2 14 6043 
low 80.21 1 7 3018 
low 80.39 1 7 3017 
low 78.56 1 7 3016 
low 78.67 2 14 6024 
low 79.15 1 7 3024 
low 79.61 1 6 4334 
low 78.63 2 13 6016 
low 76.97 1 7 3008 
low 77.00 2 11 6011 
low 80.65 1 6 3008 
low 82.07 3 19 9043 
low 81.74 1 7 3018 
low 81.51 1 7 3019 
low 81.97 1 6 3009 
low 82.09 3 18 8967 
low 81.55 1 6 2954 
low 82.53 1 7 3009 
low 82.54 1 7 3023 
low 82.03 1 7 3023 
low 82.19 2 11 6019 
low 81.01 3 19 9098 
low 80.64 2 13 6042 
low 80.94 3 20 9030 
low 81.12 1 7 3015 
low 81.78 3 20 9048 
low 83.33 2 13 6018 
low 83.65 1 7 3018 
low 82.68 1 7 3009 
low 82.69 3 18 9028 
low 83.66 1 7 3022 
low 84.05 1 7 3009 
low 84.69 1 6 3017 
low 84.98 1 6 3011 
low 83.76 1 6 3009 
low 82.64 2 14 6024 
low 82.92 1 7 3014 
low 83.07 1 7 3012 
low 83.97 1 7 3012 
low 84.58 3 18 9033 
low 84.62 2 12 6026 
low 85.37 1 7 3007 
low 85.72 1 7 3009 
low 85.58 1 7 3012 
low 86.25 1 6 3012 
low 86.57 1 7 3077 
low 85.85 1 7 3014 
low 85.89 2 13 6031 
low 86.72 1 7 3010 
low 87.25 1 7 3014 
low 88.05 1 7 3013 
low 89.83 2 11 6013 
low 85.64 3 20 9046 
low 84.54 2 13 6035 
low 85.07 1 7 3019 
low 85.56 1 7 3013 
low 85.55 1 7 3015 
low 85.65 2 14 6029 
low 86.22 1 6 3004 
low 87.05 1 5 3009 
low 86.35 1 7 3008 
low 86.81 1 7 3017 
low 85.50 1 6 3020 
low 85.80 2 14 6017 
low 86.09 1 7 3012 
low 83.29 1 7 3013 
low 82.62 1 7 3010 
low 84.37 1 7 3007 
low 85.92 1 7 3015 
low 85.05 2 9 6014 
low 85.41 2 12 6019 
low 85.25 1 6 3012 
low 83.62 2 12 6013 
low 83.55 1 7 3010 
low 84.09 1 6 3011 
low 83.51 1 6 3009 
low 83.70 2 13 6021 
low 84.36 1 7 3015 
low 84.57 2 13 6025 
low 85.09 1 7 3011 
low 87.16 2 13 6031 
low 87.18 2 13 6039 
low 87.30 1 7 3015 
low 87.37 1 6 3016 
low 87.67 2 13 6053 
low 88.46 1 7 3014 
low 88.86 1 6 3013 
low 87.76 1 7 3023 
low 88.22 2 14 6028 
low 87.28 1 7 3013 
low 87.54 1 7 3022 
low 87.58 1 7 3016 
low 88.75 1 7 3014 
low 89.28 1 6 3018 
low 90.07 1 7 3080 
low 90.22 1 7 3015 
low 89.78 1 7 3011 
low 89.97 1 7 3017 
low 89.89 1 7 3019 
low 90.05 1 6 3013 
low 90.15 1 7 3014 
low 91.78 2 11 6047 
low 92.42 1 7 4397 
low 92.75 1 7 4393 
low 92.00 1 7 3011 
low 92.77 1 7 3018 
low 94.31 1 7 3016 
low 93.62 2 14 5961 
low 93.09 1 6 3010 
low 93.22 1 6 3007 
low 93.42 1 7 3024 
low 92.61 1 7 3013 
low 88.49 1 5 3006 
low 89.62 1 7 3008 
low 90.44 2 13 6011 
low 93.91 1 7 2950 
low 93.80 1 7 3005 
low 95.80 1 5 3012 
low 97.99 1 7 3014 
low 97.44 1 7 3011 
low 98.07 1 6 3011 
low 98.30 1 6 3010 
low 98.58 1 7 3019 
low 99.16 2 12 6023 
low 98.93 1 6 3008 
low 101.34 1 7 3008 
low 102.02 1 7 3012 
low 104.05 1 7 3011 
low 102.19 1 6 3007 
low 103.77 1 7 3025 
low 104.09 1 6 3007 
low 105.74 1 5 3003 
low 99.99 1 6 3005 
low 99.46 1 7 3010 
low 97.83 1 7 3007 
low 86.01 1 5 3015 
low 91.17 1 6 3007 
low 91.74 3 18 9029 
low 92.22 1 6 3003 
low 94.98 1 5 3003 
low 98.22 1 6 3009 
low 99.88 2 10 6005 
low 102.20 1 6 3007 
low 102.77 1 6 3008 
low 99.36 1 6 3006 
low 101.87 1 6 3069 
low 104.31 1 6 3005 
low 95.63 2 10 8841 
low 96.07 2 9 6005 
low 93.03 1 6 3005 
low 94.70 1 6 3005 
low 95.26 2 13 6019 
low 96.58 1 5 3005 
low 96.76 1 5 4383 
low 97.72 1 7 5825 
low 94.38 2 13 6021 
low 93.73 1 5 3004 
low 90.11 2 8 6004 
low 90.43 1 5 3002 
low 93.67 1 5 3002 
low 94.16 1 7 3008 
low 98.09 1 7 3007 
low 94.67 1 6 3003 
low 92.80 1 5 3004 
low 88.17 1 4 3002 
low 88.18 1 4 3000 
low 90.42 1 5 2942 
low 92.12 1 4 3002 
low 92.70 3 19 9048 
low 93.96 1 4 3003 
low 96.14 1 6 3007 
low 96.78 1 6 3009 
low 96.29 1 7 3008 
low 97.58 1 6 3008 
low 98.88 1 7 3011 
low 99.26 2 13 6023 
low 99.61 1 6 3003 
low 100.52 1 7 3006 
low 101.64 1 6 3006 
low 100.24 1 7 3008 
low 100.95 1 6 3008 
low 101.79 1 5 3002 
low 101.47 1 3 2999 
low 102.11 1 5 3001 
low 98.71 1 6 3002 
low 94.99 1 6 3004 
low 93.13 1 5 3001 
low 93.30 1 6 3004 
low 81.42 1 4 3000 
low 81.57 1 4 3000 
low 70.30 1 3 2999 
low 63.07 1 4 3000 
low 64.66 1 3 2999 
low 55.09 1 4 3071 
low 60.89 1 4 3003 
low 63.02 1 3 2999 
low 60.02 1 3 2999 
low 56.84 1 4 3000 
low 58.84 1 6 3002 
low 57.72 1 5 3002 
low 57.77 1 6 3002 
low 60.37 1 5 3005 
low 61.10 1 7 4617 
low 61.95 1 6 4681 
low 58.50 1 3 3001 
low 57.92 1 4 3002 
low 56.25 1 3 2999 
low 55.51 1 6 3004 
low 56.53 1 6 3004 
low 58.05 1 6 3002 
low 58.64 1 4 3000 
low 61.00 1 4 3001 
low 61.58 1 5 3003 
low 61.39 1 5 3002 
low 63.99 1 5 3003 
low 64.95 1 3 2939 
low 67.60 1 5 3002 
low 70.01 1 6 3007 
low 68.02 1 5 3003 
low 66.80 1 6 3005 
low 68.07 1 5 3002 
low 71.93 1 4 3001 
low 72.46 1 4 3003 
low 73.77 1 4 3000 
low 76.04 2 9 6002 
low 76.02 1 5 3003 
low 73.99 1 4 3000 
low 75.24 1 5 3004 
low 74.61 1 3 3000 
low 70.72 1 3 2999 
low 74.07 1 6 3004 
low 75.55 1 5 3001 
low 76.81 2 9 6014 
low 79.24 3 15 9021 
low 76.36 1 6 3007 
low 77.31 2 13 6017 
low 78.37 1 5 3003 
low 76.48 3 17 9019 
low 78.54 2 12 6080 
low 81.10 2 13 6015 
low 83.44 2 12 6080 
low 80.09 1 5 3001 
low 80.89 1 5 3001 
low 82.45 2 10 6006 
low 80.60 2 13 6039 
low 76.54 1 7 3004 
low 79.63 2 12 6030 
low 80.15 1 5 4622 
low 81.95 4 26 13677 
low 83.32 1 7 3004 
low 83.25 2 9 6004 
low 79.99 1 4 3002 
low 76.16 2 10 6007 
low 78.09 1 6 3009 
low 79.90 1 5 3003 
low 78.16 2 11 6245 
low 79.16 1 7 3007 
low 82.12 1 5 3002 
low 81.68 1 7 3007 
low 82.83 3 16 8956 
low 84.77 1 4 3003 
low 83.90 1 5 3004 
low 84.96 1 6 3008 
low 85.13 2 14 6212 
low 76.96 1 5 3001 
low 79.02 2 11 6023 
low 71.85 1 3 2999 
low 73.63 1 6 3003 
low 73.64 1 6 3004 
low 74.85 1 5 3001 
low 74.90 1 6 3005 
low 72.65 1 5 3003 
low 73.51 1 3 3000 
low 74.64 1 5 3005 
low 75.52 1 7 3008 
low 77.64 1 7 3015 
low 75.80 1 7 3011 
low 73.54 1 7 3026 
low 73.74 1 6 3010 
low 74.91 1 7 3013 
low 75.89 1 6 3025 
low 77.87 1 7 3047 
low 79.77 1 7 3145 
low 79.76 1 7 3170 
low 78.74 1 6 3009 
low 78.66 1 7 3056 
low 78.15 2 12 6076 
low 80.28 1 6 3009 
low 80.31 1 6 3005 
low 80.41 1 6 3008 
low 79.80 2 11 6163 
low 79.71 1 5 3006 
low 82.81 2 14 6535 
low 81.94 1 7 3530 
low 81.65 1 7 3016 
low 81.44 1 5 3044 
low 82.90 1 7 3011 
low 82.43 2 13 6032 
low 81.86 1 7 3015 
low 82.58 1 7 3006 
low 74.58 1 5 3006 
low 81.30 2 14 5975 
low 84.75 1 6 3006 
low 86.83 1 6 3005 
low 85.95 1 7 3062 
low 86.97 1 6 3063 
low 87.52 1 6 3014 
low 84.29 1 5 3080 
low 84.85 1 6 3003 
low 85.42 2 14 6016 
low 84.93 1 7 3005 
low 84.38 1 6 3004 
low 84.04 1 5 3002 
low 84.02 1 4 3000 
low 85.19 2 14 6282 
low 83.16 1 3 3000 
low 83.49 1 5 3003 
low 84.20 1 5 3002 
low 82.88 1 5 3002 
low 77.52 2 12 6021 
low 78.81 1 5 3004 
low 80.01 3 21 9020 
low 80.58 1 6 3047 
low 78.84 1 7 3085 
low 77.68 1 7 3051 
low 73.34 1 5 3018 
low 72.02 1 6 3047 
low 72.66 1 4 3026 
low 75.63 1 7 3074 
low 77.80 1 4 3001 
low 78.33 1 6 3099 
low 79.60 1 5 3002 
low 75.45 1 7 3006 
low 74.74 1 6 3002 
low 77.44 1 7 3068 
low 78.25 1 5 3689 
low 78.14 1 7 3434 
low 78.05 1 5 3006 
low 78.73 1 6 3009 
low 79.42 1 6 3004 
low 80.47 1 7 3012 
low 80.52 1 6 3003 
low 82.61 1 5 3005 
low 83.50 1 6 3010 
low 84.67 1 6 3007 
low 84.81 1 7 3007 
low 84.76 1 6 3006 
low 85.16 1 6 2945 
low 82.51 1 7 3027 
low 82.10 1 6 3006 
low 80.40 1 6 3013 
low 79.34 1 6 3007 
low 77.50 2 12 6031 
low 76.82 1 6 3003 
low 74.44 1 7 3009 
low 76.71 1 4 3001 
low 79.27 2 13 6079 
low 79.33 1 7 3008 
low 80.61 1 6 3005 
low 79.74 1 6 3007 
low 79.49 1 7 3010 
low 81.52 2 12 6011 
low 82.18 1 6 3017 
low 80.02 1 7 3028 
low 80.71 1 7 3008 
low 80.63 1 7 3009 
low 79.36 1 7 3018 
low 79.58 1 7 3031 
low 80.98 1 7 3020 
low 81.85 1 7 3081 
low 82.47 1 7 3019 
low 81.92 1 7 3018 
low 84.51 1 7 3021 
low 85.63 1 6 3004 
low 86.86 1 6 3012 
low 87.49 1 7 4779 
low 88.10 1 7 3083 
low 89.81 1 7 3011 
low 91.25 1 6 3007 
low 92.43 1 7 3004 
low 92.76 1 4 3001 
low 94.22 1 5 3005 
low 95.10 1 6 3004 
low 95.49 1 6 3004 
low 93.04 1 7 3004 
low 92.93 1 4 3001 
low 95.60 1 7 3004 
low 97.69 1 5 3002 
low 97.71 1 6 3005 
low 96.87 1 7 2956 
low 96.93 1 6 3005 
low 98.75 1 5 3002 
low 100.27 1 5 3001 
low 100.37 1 7 3005 
low 99.55 1 5 3002 
low 96.92 1 5 3002 
low 96.02 1 3 2999 
low 89.98 1 4 3002 
low 88.90 1 4 3000 
low 89.06 1 5 3002 
low 90.17 2 11 6125 
low 89.66 1 5 3728 
low 91.40 1 5 3008 
low 88.64 1 4 3004 
low 87.23 2 14 6015 
low 86.36 1 7 3007 
low 87.55 1 7 3009 
low 86.89 1 5 3007 
low 86.42 1 7 3009 
low 89.95 1 7 3039 
low 91.65 1 6 3010 
low 92.20 3 18 9049 
low 90.69 2 12 6042 
low 90.75 1 7 3012 
low 91.42 1 6 3010 
low 93.23 1 6 3023 
low 92.62 1 7 3070 
low 92.30 1 7 3017 
low 92.27 1 6 3023 
low 92.23 1 5 3016 
low 91.18 1 6 3006 
low 91.08 2 13 7395 
low 92.92 1 7 4747 
low 92.87 1 7 4446 
low 92.91 1 6 3009 
low 91.02 1 6 3004 
low 88.51 1 4 3006 
low 88.21 1 5 3006 
low 89.80 1 7 3012 
low 91.09 1 7 3014 
low 91.04 1 5 3008 
low 90.03 1 6 3006 
low 91.29 1 7 3010 
low 91.27 1 7 3010 
low 92.11 1 7 3015 
low 95.00 1 7 3013 
low 94.81 1 7 3008 
low 95.13 1 7 3019 
low 94.50 1 7 3022 
low 94.24 1 7 3028 
low 94.71 1 6 3023 
low 93.45 1 7 3012 
low 93.01 1 7 3011 
low 93.68 1 7 3018 
low 94.89 1 6 3010 
low 95.17 1 7 3010 
low 95.30 2 14 6035 
low 95.14 1 7 3019 
low 94.68 1 7 3021 
low 95.19 2 14 6057 
low 93.90 1 7 3019 
low 94.72 1 7 3039 
low 95.61 1 7 3024 
low 96.75 1 7 3136 
low 97.43 1 7 3071 
low 96.34 1 7 3022 
low 96.15 1 6 3015 
low 95.09 1 7 3024 
low 94.86 1 7 3034 
low 92.85 1 6 3400 
low 93.59 1 7 3096 
low 95.36 1 6 3026 
low 98.03 1 6 3010 
low 100.03 1 5 3012 
low 100.38 1 7 3034 
low 99.90 1 7 3030 
low 98.54 1 7 3038 
low 95.27 1 7 3040 
low 97.31 1 7 4774 
low 95.65 1 7 3030 
low 94.23 1 7 3043 
low 92.14 2 14 6092 
low 89.34 1 7 4408 
low 91.28 1 7 3035 
low 92.15 1 7 3038 
low 91.97 1 6 3009 
low 90.45 1 5 3004 
low 93.72 1 7 3006 
low 94.29 1 6 3012 
low 95.35 1 5 3005 
low 94.90 1 5 3008 
low 94.55 1 5 3008 
low 95.15 1 7 3207 
low 94.45 1 6 3006 
low 94.93 1 7 3007 
low 92.67 1 6 3005 
low 90.41 1 6 3007 
low 89.14 1 6 3008 
low 90.98 1 6 3012 
low 89.31 1 5 3005 
low 89.93 1 7 3008 
low 90.93 1 7 3009 
low 90.49 1 6 3008 
low 82.94 1 5 3002 
low 83.37 1 6 3005 
low 84.61 1 6 3006 
low 86.12 1 7 3011 
low 86.03 1 7 3068 
low 85.40 1 6 3009 
low 86.43 1 3 3002 
low 86.53 1 6 3010 
low 87.36 1 5 3004 
low 88.02 1 5 3007 
low 88.26 1 6 3006 
low 86.50 1 4 3007 
low 86.18 1 7 3014 
low 87.13 1 7 4509 
low 84.86 1 6 4566 
low 80.96 1 4 3002 
low 79.54 1 5 3004 
low 79.98 1 4 3003 
low 77.63 1 6 3006 
low 79.62 1 6 3007 
low 84.14 1 4 3003 
low 84.32 2 13 6654 
low 82.79 1 5 3003 
low 80.66 1 4 3000 
low 82.44 1 7 3005 
low 79.52 1 4 3003 
low 78.80 1 5 3004 
low 78.28 1 6 3017 
low 78.44 1 6 3017 
low 77.48 1 5 3008 
low 75.56 1 5 3001 
low 72.55 1 5 3002 
low 75.16 1 5 3003 
low 78.83 1 5 3003 
low 76.47 2 11 6008 
low 77.01 1 7 3015 
low 76.09 2 13 6020 
low 77.32 1 6 3008 
low 75.98 1 5 3006 
low 77.88 1 6 3016 
low 78.69 1 6 3007 
low 81.08 1 5 3013 
low 82.14 1 5 3014 
low 83.77 1 5 3012 
low 84.65 1 7 3017 
low 83.94 1 7 3800 
low 83.72 1 6 3494 
low 84.99 1 5 3012 
low 85.01 1 6 3013 
low 85.17 1 4 3012 
low 85.23 1 5 3014 
low 85.33 1 5 3013 
low 86.28 1 6 3018 
low 85.82 1 4 3014 
low 86.14 1 5 3012 
low 85.83 1 7 3024 
low 85.78 1 7 3016 
low 83.79 1 7 2956 
low 83.20 1 7 3007 
low 81.99 1 7 3006 
low 81.81 1 4 3006 
low 81.46 1 7 3014 
low 82.71 1 6 3008 
low 82.65 1 6 3008 
low 81.77 1 6 3010 
low 82.22 1 7 3016 
low 82.82 1 7 3009 
low 84.90 1 7 3013 
low 86.62 1 7 3889 
low 87.63 1 6 3011 
low 87.79 1 7 3005 
low 87.06 1 7 3013 
low 85.96 1 7 3011 
low 85.68 1 5 3005 
low 86.70 1 6 3011 
low 86.54 1 6 3005 
low 87.80 2 13 6042 
low 88.00 1 7 3011 
low 87.26 1 7 3023 
low 87.93 1 6 3012 
low 86.66 1 7 3076 
low 86.91 1 7 3027 
low 86.29 1 7 3026 
low 84.47 1 6 3034 
low 84.42 1 7 3047 
low 84.64 1 7 3031 
low 86.40 1 7 4527 
low 87.40 1 7 4943 
low 87.44 1 7 3034 
low 83.99 1 6 3041 
low 83.30 1 7 3005 
low 83.26 1 4 3005 
low 81.49 1 7 3007 
low 82.00 2 14 7281 
low 81.23 1 6 3008 
low 80.75 1 6 3008 
low 81.22 1 7 3012 
low 82.40 1 7 3013 
low 81.11 1 5 3080 
low 82.15 1 7 3012 
low 81.07 1 5 3009 
low 82.56 1 7 3013 
low 80.67 1 5 3008 
low 81.24 1 7 3024 
low 81.84 1 6 3019 
low 79.97 1 7 3026 
low 79.68 1 7 3021 
low 80.54 1 7 3024 
low 79.51 1 7 3019 
low 78.68 1 7 3021 
low 81.00 1 7 3030 
low 79.73 1 7 3018 
low 79.03 1 7 3026 
low 79.82 1 6 3017 
low 81.37 1 7 3023 
low 81.26 1 7 3018 
low 81.17 1 7 3025 
low 82.16 1 7 3032 
low 80.72 1 7 3024 
low 77.47 1 6 3207 
low 77.14 1 7 3200 
low 71.06 1 6 3008 
low 77.07 1 7 3021 
low 77.71 2 13 6030 
low 78.17 1 7 3028 
low 77.42 1 7 3021 
low 78.10 1 7 3035 
low 78.31 1 7 3027 
low 78.91 1 7 3022 
low 78.36 1 7 3021 
low 77.91 1 6 2954 
low 78.47 1 7 3028 
low 78.98 1 7 3024 
low 78.07 1 7 3029 
low 76.77 1 7 3026 
low 75.71 1 7 3018 
low 75.30 1 7 3016 
low 75.37 1 7 3022 
low 74.94 1 7 3022 
low 75.26 1 7 3016 
low 73.90 1 7 3020 
low 74.11 1 7 3017 
low 74.56 2 14 6038 
low 75.11 1 7 3018 
low 75.15 1 7 3012 
low 75.44 1 7 3030 
close 65.78 1 7 3719 
close 65.34 1 7 3798 
close 64.33 1 7 3280 
close 63.35 1 7 4023 
close 63.16 1 7 3519 
close 62.26 1 7 3620 
close 60.64 2 12 6928 
close 61.04 1 7 3479 
close 61.31 1 7 3864 
close 60.31 1 7 3781 
close 61.45 1 7 3425 
close 60.81 1 7 3453 
close 61.05 1 7 3436 
close 61.79 1 7 3589 
close 62.15 1 7 4612 
close 61.84 1 7 3270 
close 63.20 2 14 7834 
close 62.66 1 7 3926 
close 64.23 1 7 3518 
close 64.18 1 7 3429 
close 62.30 1 7 4046 
close 61.24 1 7 3621 
close 63.86 1 7 3715 
close 64.02 1 7 3532 
close 64.56 1 7 3546 
close 64.25 1 7 3623 
close 63.87 1 7 3982 
close 63.56 1 7 3709 
close 63.70 2 11 7834 
close 63.66 1 7 4588 
close 63.51 1 7 4472 
close 64.16 1 7 3873 
close 63.53 1 7 4483 
close 62.16 1 7 4316 
close 61.87 1 7 4693 
close 58.20 1 7 4756 
close 58.08 1 7 4477 
close 59.72 1 7 4256 
close 60.06 1 7 4222 
close 62.19 1 7 3981 
close 62.06 1 7 4126 
close 61.57 1 7 4485 
close 62.20 1 7 4089 
close 63.40 1 7 4385 
close 63.80 1 7 4651 
close 64.75 1 7 6021 
close 63.78 1 7 6284 
close 65.13 1 7 5951 
close 65.86 1 7 6211 
close 66.48 1 7 7125 
close 67.06 2 14 14658 
close 69.56 1 7 6081 
close 67.82 1 7 6057 
close 69.53 2 11 9248 
close 67.86 2 14 12215 
close 68.19 1 7 6097 
close 67.58 1 7 6285 
close 69.29 1 7 6176 
close 69.05 1 7 6082 
close 68.79 1 7 6026 
close 67.16 1 7 5676 
close 69.04 1 7 5806 
close 70.29 1 7 5930 
close 71.10 1 7 5965 
close 69.33 2 14 12115 
close 69.95 1 7 6246 
close 70.01 1 7 6455 
close 69.22 1 7 6425 
close 69.11 1 7 6591 
close 70.46 1 7 6273 
close 69.01 1 7 6276 
close 69.89 2 12 9276 
close 71.32 1 7 6197 
close 71.30 1 7 6025 
close 70.18 1 7 6220 
close 69.62 1 7 5815 
close 67.54 1 7 5485 
close 66.97 1 7 6118 
close 64.67 1 7 6005 
close 63.58 1 7 5993 
close 65.37 1 7 5442 
close 64.05 1 7 5396 
close 63.49 1 7 5642 
close 64.80 1 7 5273 
close 65.32 1 7 5937 
close 63.96 1 7 5895 
close 65.59 1 7 5668 
close 66.76 1 7 5435 
close 67.26 2 13 10001 
close 66.87 1 7 5507 
close 67.83 1 7 6071 
close 68.21 1 7 6386 
close 69.20 1 7 6156 
close 68.56 1 7 6222 
close 68.38 1 7 6355 
close 68.33 1 7 6265 
close 68.03 1 7 6097 
close 69.49 1 7 6333 
close 68.78 1 7 5614 
close 66.74 1 7 8078 
close 69.03 1 7 6584 
close 69.10 1 7 5396 
close 69.51 1 7 5861 
close 69.79 1 7 5965 
close 70.72 1 7 5786 
close 71.58 1 7 5914 
close 70.17 1 7 5862 
close 71.09 1 7 5803 
close 72.22 1 7 6387 
close 70.63 1 7 5946 
close 70.44 1 7 5249 
close 71.72 1 7 5175 
close 71.35 1 7 5381 
close 71.98 1 7 5153 
close 73.17 1 7 5347 
close 74.42 2 14 8771 
close 74.60 1 7 5221 
close 75.45 1 7 5284 
close 75.53 1 7 5142 
close 76.90 1 7 5062 
close 76.89 1 7 5339 
close 78.74 2 13 7601 
close 77.12 1 7 4804 
close 79.10 1 7 5249 
close 78.22 1 7 4860 
close 80.57 2 14 7966 
close 78.11 1 7 5150 
close 76.69 2 14 7572 
close 77.45 1 7 4387 
close 79.56 2 14 7609 
close 77.67 1 7 4343 
close 77.69 1 7 4292 
close 77.70 1 7 4678 
close 75.60 1 7 4297 
close 74.16 1 7 4871 
close 76.80 2 12 7283 
close 76.94 1 7 4569 
close 75.70 1 7 4149 
close 75.94 1 7 4052 
close 75.80 1 7 4418 
close 75.03 1 7 4525 
close 76.57 1 7 4357 
close 76.27 1 7 4447 
close 77.96 2 12 7299 
close 77.75 1 7 4481 
close 78.17 1 7 4223 
close 78.69 1 7 4464 
close 79.58 2 13 7530 
close 79.33 2 14 8885 
close 79.95 2 13 7442 
close 80.64 2 12 9576 
close 81.60 1 7 5922 
close 82.72 1 7 3053 
close 82.13 1 7 3040 
close 82.32 2 14 6066 
close 80.61 2 14 6079 
close 82.48 2 11 6046 
close 84.27 1 7 3046 
close 84.35 1 7 3046 
close 83.73 1 7 3048 
close 84.45 1 7 3057 
close 80.78 1 7 3042 
close 80.47 1 7 3037 
close 79.81 2 14 6003 
close 80.46 1 7 3044 
close 79.80 2 14 6059 
close 79.85 2 13 7373 
close 78.91 1 7 3034 
close 78.40 2 11 6037 
close 79.08 1 7 3040 
close 78.21 1 7 3022 
close 76.17 1 7 3018 
close 75.13 1 7 3012 
close 74.78 1 7 3017 
close 78.20 1 7 3020 
close 78.53 1 7 3016 
close 79.00 3 19 9021 
close 77.72 1 7 3030 
close 78.08 1 7 3019 
close 79.26 1 7 3020 
close 78.70 1 7 3019 
close 77.39 1 7 3017 
close 76.91 2 13 6024 
close 75.78 1 7 3015 
close 77.06 1 7 3016 
close 77.23 2 14 6037 
close 79.88 2 14 6035 
close 80.38 1 7 3013 
close 79.96 2 11 6021 
close 78.90 2 13 6023 
close 79.65 1 7 3023 
close 79.37 1 7 3076 
close 80.23 1 7 3017 
close 81.35 2 13 6023 
close 81.32 2 14 6024 
close 79.66 1 7 3025 
close 79.73 2 12 6020 
close 80.01 1 7 3012 
close 80.18 3 20 9239 
close 78.77 1 7 3014 
close 77.08 1 7 3008 
close 79.59 1 6 3009 
close 80.17 1 6 3017 
close 81.02 1 6 3008 
close 82.22 2 13 6016 
close 82.69 2 13 6016 
close 82.23 1 7 3018 
close 83.48 1 7 3019 
close 82.60 2 13 6032 
close 82.35 1 7 3016 
close 82.81 3 18 8973 
close 83.06 2 14 6016 
close 83.50 2 11 6023 
close 82.41 1 7 3023 
close 82.51 3 21 9630 
close 81.07 1 7 3012 
close 81.93 1 6 3007 
close 81.06 1 7 3015 
close 81.81 1 7 3009 
close 81.92 1 7 3019 
close 81.91 1 7 3015 
close 83.52 1 6 3006 
close 84.47 2 13 6018 
close 83.85 1 7 3018 
close 82.90 1 7 3009 
close 83.81 2 14 6037 
close 84.72 2 14 6036 
close 85.26 3 19 10589 
close 85.22 1 6 3017 
close 85.11 2 13 6032 
close 84.34 1 6 3009 
close 83.09 1 7 3012 
close 83.20 1 7 3014 
close 84.21 1 7 3012 
close 85.12 2 14 6017 
close 85.73 1 7 3019 
close 85.56 2 14 6021 
close 87.17 1 7 3007 
close 86.06 2 13 6013 
close 86.48 1 7 3012 
close 87.06 1 6 3012 
close 86.67 1 7 3077 
close 86.09 1 7 3014 
close 87.12 1 6 3018 
close 87.64 1 7 3010 
close 88.24 1 7 3014 
close 90.92 1 7 3013 
close 90.48 1 6 3009 
close 85.96 1 7 3007 
close 86.05 1 7 3019 
close 85.78 1 7 3013 
close 86.90 2 13 6026 
close 86.25 1 7 3010 
close 88.89 1 6 3004 
close 87.08 1 5 3009 
close 87.10 1 7 3008 
close 87.71 1 7 3017 
close 85.94 1 6 3020 
close 86.31 1 7 3010 
close 86.73 2 14 6027 
close 84.16 1 7 3013 
close 83.17 1 7 2949 
close 84.62 1 7 3010 
close 86.61 1 7 3007 
close 85.60 1 6 3014 
close 86.21 1 5 3014 
close 85.91 1 6 3012 
close 84.17 1 7 3011 
close 84.22 1 7 3010 
close 85.42 1 6 3011 
close 83.90 2 11 6011 
close 84.96 2 11 6014 
close 85.10 1 7 3015 
close 85.99 1 7 3011 
close 87.60 1 7 3013 
close 88.23 2 13 6047 
close 87.61 1 6 3009 
close 87.62 1 7 3015 
close 88.68 1 6 3016 
close 88.80 1 6 3020 
close 89.12 1 7 3014 
close 89.44 1 6 3013 
close 88.53 1 7 3023 
close 88.39 1 7 3014 
close 87.99 1 7 3013 
close 87.70 1 7 3022 
close 88.97 1 7 3016 
close 89.33 1 7 3014 
close 90.61 2 13 6026 
close 90.43 1 7 3080 
close 90.85 2 14 6032 
close 89.98 2 14 6094 
close 91.02 1 7 3019 
close 90.30 1 6 3013 
close 91.82 1 7 3014 
close 92.58 1 5 3013 
close 93.14 1 7 4397 
close 94.59 1 7 4393 
close 93.11 1 7 3011 
close 94.31 1 7 3018 
close 96.44 1 7 3016 
close 93.92 1 7 3010 
close 93.31 2 12 6019 
close 94.44 1 6 3007 
close 94.37 1 7 3024 
close 93.06 1 7 3013 
close 90.47 1 5 3006 
close 94.16 2 13 6010 
close 95.14 1 7 2950 
close 96.50 1 7 3005 
close 98.41 1 5 3012 
close 99.47 2 13 6023 
close 98.10 1 7 3011 
close 99.05 1 6 3011 
close 99.27 1 6 3010 
close 100.22 1 7 3019 
close 99.70 1 6 3011 
close 99.50 1 6 3008 
close 101.54 1 6 3012 
close 102.14 1 7 3008 
close 104.37 1 7 3012 
close 104.09 1 7 3011 
close 104.76 1 6 3007 
close 104.22 1 7 3025 
close 106.44 1 6 3007 
close 106.08 1 5 3003 
close 100.84 1 6 3005 
close 101.57 1 7 3010 
close 97.96 1 7 3007 
close 91.18 1 5 3015 
close 93.03 1 6 3007 
close 95.89 1 6 3005 
close 95.19 1 6 3003 
close 98.52 1 5 3003 
close 100.23 1 6 3009 
close 102.24 1 6 3004 
close 105.39 1 6 3007 
close 104.06 1 6 3008 
close 103.17 1 6 3006 
close 105.48 1 6 3069 
close 106.75 1 6 3005 
close 99.72 1 3 3000 
close 98.30 1 4 3001 
close 95.41 1 6 3005 
close 95.75 3 20 8996 
close 96.80 1 6 3004 
close 97.58 1 5 3005 
close 99.58 1 5 4383 
close 98.02 1 7 5825 
close 95.81 1 6 3006 
close 94.22 1 5 3004 
close 92.80 1 3 3000 
close 94.99 2 12 6030 
close 95.69 3 15 9026 
close 96.99 2 13 6015 
close 99.28 1 5 3004 
close 100.25 1 7 3007 
close 95.71 1 6 3003 
close 96.08 1 5 3004 
close 93.07 1 4 3002 
close 91.61 1 4 3000 
close 92.23 1 5 2942 
close 95.68 2 11 6098 
close 94.19 1 5 3003 
close 97.29 1 4 3003 
close 98.47 1 7 3008 
close 99.15 1 6 3008 
close 99.86 1 7 3011 
close 99.98 1 7 3011 
close 101.52 1 6 3003 
close 101.93 1 7 3006 
close 103.13 1 6 3006 
close 101.18 1 7 3008 
close 102.39 1 6 3008 
close 102.58 1 5 3002 
close 104.16 1 3 2999 
close 102.90 1 5 3001 
close 99.19 1 6 3002 
close 95.17 1 6 3004 
close 95.54 1 5 3001 
close 93.74 1 6 3004 
close 90.84 1 5 3004 
close 86.36 2 10 6007 
close 83.89 3 18 9016 
close 88.71 1 4 3000 
close 84.03 1 4 3000 
close 72.04 1 3 2999 
close 71.46 1 4 3000 
close 67.93 1 3 2999 
close 63.93 1 3 2999 
close 63.04 1 3 2999 
close 61.95 1 4 3000 
close 59.96 1 6 3002 
close 61.64 1 6 3002 
close 61.61 1 5 3005 
close 62.35 1 7 4617 
close 59.52 1 3 3001 
close 57.96 1 4 3002 
close 59.08 1 3 2999 
close 58.10 1 6 3004 
close 59.20 1 6 3004 
close 58.76 1 6 3002 
close 63.15 1 4 3000 
close 62.54 1 4 3001 
close 63.85 1 5 3003 
close 65.41 1 5 3002 
close 68.53 1 5 3003 
close 68.40 1 3 2939 
close 71.64 1 5 3002 
close 71.56 1 6 3007 
close 68.13 1 6 3005 
close 73.24 1 5 3002 
close 73.85 1 4 3001 
close 74.86 1 4 3003 
close 78.10 2 12 6017 
close 76.42 1 5 3003 
close 75.41 1 4 3000 
close 77.58 1 5 3004 
close 74.67 1 3 3000 
close 74.10 1 3 2999 
close 76.39 1 6 3004 
close 77.74 1 5 3001 
close 80.30 1 5 3004 
close 79.61 1 3 2999 
close 78.34 2 11 6010 
close 78.55 1 5 3004 
close 76.74 2 11 6010 
close 79.68 2 12 6014 
close 78.51 2 12 5960 
close 79.74 1 5 3003 
close 78.58 1 6 3004 
close 81.33 1 5 3004 
close 83.67 2 13 6017 
close 84.07 1 5 3061 
close 81.49 1 5 3001 
close 83.47 1 5 3001 
close 83.02 1 5 3002 
close 81.45 1 6 3032 
close 80.15 2 12 6005 
close 79.83 1 5 3004 
close 81.25 1 5 3003 
close 80.31 1 6 3002 
close 82.24 4 24 13648 
close 83.59 1 6 4624 
close 84.13 1 5 3001 
close 80.58 1 4 3002 
close 80.07 1 5 3002 
close 78.81 1 4 3001 
close 81.24 2 11 6013 
close 80.40 1 5 3003 
close 82.99 1 5 3002 
close 85.20 1 6 2949 
close 86.97 1 4 3003 
close 86.47 2 14 6038 
close 86.70 1 5 3004 
close 85.33 2 11 6010 
close 86.08 1 7 3008 
close 79.22 1 4 3002 
close 74.72 1 3 2999 
close 75.82 1 6 3003 
close 75.46 1 6 3004 
close 75.36 1 6 3005 
close 74.39 1 5 3003 
close 78.47 1 3 3000 
close 76.98 1 5 3005 
close 79.04 1 7 3008 
close 78.26 1 7 3011 
close 77.92 1 7 3015 
close 77.43 1 7 3011 
close 74.33 1 7 3026 
close 75.10 1 6 3010 
close 76.21 1 7 3013 
close 77.99 1 6 3025 
close 81.14 1 7 3047 
close 81.05 1 7 3037 
close 80.80 1 7 3145 
close 80.66 1 7 3170 
close 79.11 2 11 6015 
close 80.56 1 7 3070 
close 81.80 1 6 3009 
close 80.87 1 6 3008 
close 82.00 1 5 3006 
close 83.46 1 7 3018 
close 83.49 1 6 3007 
close 83.10 2 14 6539 
close 81.82 2 13 6019 
close 82.43 1 7 3016 
close 81.84 1 5 3044 
close 82.19 1 6 3005 
close 83.43 1 6 3012 
close 83.41 1 7 3011 
close 82.64 1 7 3023 
close 82.93 2 14 6023 
close 83.45 1 7 3006 
close 79.86 1 5 3004 
close 81.74 1 5 3006 
close 84.77 1 7 2949 
close 87.84 1 6 3006 
close 87.30 1 6 3005 
close 86.96 1 7 3062 
close 87.90 2 13 6093 
close 87.86 1 6 3014 
close 87.87 1 5 3080 
close 86.59 1 6 3003 
close 86.63 2 13 6074 
close 86.93 1 7 3005 
close 85.85 2 13 6010 
close 84.98 1 5 3002 
close 85.39 1 4 3000 
close 86.65 1 7 3268 
close 83.98 1 3 3000 
close 83.08 1 5 3002 
close 80.35 1 5 3003 
close 80.60 3 17 9116 
close 81.85 1 7 3007 
close 81.40 1 6 3047 
close 79.31 1 7 3085 
close 78.32 1 7 3051 
close 76.04 1 5 3018 
close 73.33 1 6 3047 
close 76.31 1 4 3026 
close 78.66 1 7 3074 
close 79.32 1 4 3001 
close 78.31 2 11 6021 
close 75.69 1 7 3006 
close 78.18 1 6 3002 
close 79.57 1 7 3068 
close 78.94 1 5 3689 
close 79.48 1 7 3434 
close 79.67 1 6 3009 
close 81.37 1 6 3004 
close 81.03 1 7 3012 
close 82.91 1 6 3003 
close 83.80 1 5 3005 
close 84.87 1 6 3010 
close 86.69 2 13 6031 
close 85.14 2 14 6017 
close 87.51 1 6 3006 
close 87.66 1 6 3014 
close 86.80 1 6 2945 
close 85.35 1 6 3018 
close 82.54 1 7 3027 
close 84.18 2 10 6007 
close 83.97 1 5 3004 
close 82.76 1 6 3006 
close 78.29 1 5 3006 
close 78.06 1 6 3003 
close 79.30 1 4 3001 
close 80.49 2 12 6016 
close 82.02 1 7 3008 
close 80.83 1 6 3005 
close 81.47 1 7 3004 
close 79.76 1 6 3007 
close 81.90 2 11 6016 
close 82.57 2 13 6041 
close 82.96 1 6 3009 
close 81.41 1 5 3011 
close 80.10 1 7 3028 
close 81.09 1 7 3026 
close 80.70 1 7 3009 
close 80.19 1 7 3009 
close 81.19 1 7 3031 
close 81.96 1 7 3020 
close 83.79 1 7 3019 
close 84.79 2 12 6010 
close 85.70 1 7 3021 
close 85.68 1 7 3014 
close 86.91 1 6 3004 
close 88.61 1 6 3012 
close 88.14 1 7 4779 
close 91.27 1 7 3011 
close 93.78 2 12 6025 
close 93.73 1 7 3004 
close 94.94 2 11 6019 
close 97.25 1 5 3005 
close 96.13 1 6 3004 
close 96.84 1 6 3004 
close 94.01 1 7 3004 
close 98.90 1 7 3004 
close 98.48 1 5 3002 
close 99.12 1 6 3005 
close 97.55 1 7 2956 
close 104.00 1 6 3005 
close 101.37 1 5 3002 
close 102.05 1 4 3001 
close 100.99 1 5 3001 
close 100.52 1 6 3012 
close 101.23 1 7 3005 
close 100.45 1 5 3002 
close 98.20 1 5 3002 
close 96.65 1 3 2999 
close 90.82 1 4 3002 
close 90.59 1 4 3000 
close 90.86 1 5 3002 
close 92.10 1 5 3119 
close 92.65 1 5 3004 
close 91.59 1 5 3728 
close 92.40 1 5 3008 
close 88.94 1 4 3004 
close 87.74 1 7 3007 
close 89.32 1 7 3007 
close 88.18 1 7 3009 
close 87.14 2 10 6012 
close 90.23 1 7 3009 
close 93.38 2 13 6439 
close 92.72 1 6 3010 
close 92.66 1 7 3012 
close 92.08 1 5 3008 
close 91.43 1 7 3012 
close 93.28 1 6 3010 
close 95.21 1 6 3023 
close 93.05 1 7 3070 
close 93.60 1 7 3007 
close 92.62 1 7 3017 
close 94.41 1 6 3023 
close 92.38 1 6 3029 
close 93.61 2 12 7763 
close 94.05 1 6 3006 
close 91.32 2 13 7414 
close 93.10 1 6 4445 
close 93.25 1 7 4446 
close 91.78 1 6 3004 
close 90.78 1 4 3006 
close 90.56 1 5 3006 
close 92.70 1 7 3012 
close 92.33 1 7 3014 
close 92.12 1 5 3008 
close 91.51 1 6 3006 
close 92.30 2 12 6014 
close 92.53 1 7 3010 
close 93.67 1 7 3015 
close 95.23 2 12 6021 
close 95.25 1 7 3008 
close 96.07 1 7 3019 
close 95.08 1 7 3022 
close 93.47 1 7 3012 
close 94.42 1 7 3011 
close 95.85 1 6 3010 
close 95.38 1 7 3010 
close 95.45 1 7 3016 
close 96.35 1 7 3019 
close 95.44 1 7 3019 
close 95.24 1 7 3021 
close 95.27 1 7 3015 
close 95.79 1 7 3022 
close 95.43 1 7 3015 
close 94.75 1 7 3019 
close 95.67 1 7 3039 
close 96.89 1 7 3024 
close 97.50 1 7 3136 
close 97.77 1 7 3071 
close 97.24 1 7 3022 
close 96.28 2 13 6045 
close 95.84 2 14 6031 
close 95.13 1 7 3034 
close 99.32 1 6 3026 
close 100.64 1 6 3010 
close 101.88 1 5 3012 
close 100.58 1 7 3034 
close 100.69 1 7 3030 
close 99.18 1 7 3038 
close 97.88 1 7 3035 
close 97.82 1 7 4774 
close 95.72 1 7 5841 
close 96.87 1 7 3043 
close 93.34 1 7 3043 
close 92.78 1 7 3034 
close 93.12 1 7 3035 
close 93.09 1 7 3038 
close 93.50 1 7 3038 
close 92.41 1 7 3049 
close 92.47 1 6 3034 
close 94.20 1 6 3009 
close 91.39 1 7 2950 
close 91.87 1 6 3006 
close 90.90 1 6 3006 
close 95.03 1 7 3006 
close 95.65 1 6 3012 
close 95.53 1 5 3005 
close 95.22 1 5 3008 
close 96.32 1 5 3008 
close 95.61 2 13 6213 
close 91.20 1 6 3007 
close 91.88 1 6 3008 
close 91.89 1 6 3012 
close 90.69 1 5 3005 
close 91.72 1 7 3008 
close 91.47 1 7 3009 
close 91.23 1 6 3008 
close 84.28 1 4 3002 
close 84.90 1 6 3006 
close 83.78 1 5 3003 
close 86.04 1 4 3003 
close 87.01 1 7 3011 
close 86.95 2 13 6028 
close 86.55 1 3 3002 
close 87.76 1 6 3010 
close 88.88 1 5 3004 
close 89.94 1 5 3007 
close 88.65 2 13 6895 
close 87.46 1 4 3007 
close 87.58 1 7 3014 
close 87.81 1 7 4509 
close 82.11 1 4 3002 
close 82.79 1 3 3001 
close 81.38 1 4 3003 
close 81.23 1 6 3006 
close 83.65 2 9 6008 
close 85.46 1 4 3003 
close 86.00 1 6 2946 
close 83.27 1 5 3003 
close 86.10 1 4 3000 
close 79.97 1 4 3003 
close 80.45 1 5 3006 
close 79.14 1 6 3017 
close 80.00 2 13 6036 
close 78.00 1 5 3008 
close 77.91 1 5 3001 
close 75.92 1 5 3002 
close 75.16 1 5 3003 
close 79.53 2 11 6029 
close 79.63 2 12 6077 
close 78.67 1 6 3244 
close 77.15 1 7 3015 
close 76.34 1 4 3000 
close 77.35 1 7 3011 
close 76.46 1 6 3009 
close 76.85 1 5 3006 
close 78.30 1 6 3006 
close 78.07 1 7 3009 
close 79.62 1 6 3016 
close 81.58 1 7 3014 
close 84.08 1 5 3014 
close 85.03 1 5 3012 
close 86.35 1 7 3017 
close 85.52 2 9 6024 
close 84.32 1 7 3800 
close 84.97 1 6 3494 
close 85.17 1 5 3012 
close 86.22 1 6 3013 
close 85.69 1 5 3014 
close 87.52 1 5 3013 
close 87.20 1 6 3018 
close 86.30 1 4 3014 
close 86.44 1 5 3012 
close 85.89 1 7 3016 
close 84.82 1 7 2956 
close 83.84 1 7 3007 
close 84.39 2 13 6017 
close 83.54 1 6 3008 
close 83.56 1 6 3010 
close 82.66 1 7 3016 
close 82.17 1 7 3018 
close 82.89 1 6 3016 
close 86.02 1 7 3013 
close 88.78 1 6 3011 
close 87.82 1 7 3005 
close 87.07 1 7 3013 
close 86.49 1 7 3011 
close 86.76 1 7 3011 
close 88.35 1 6 3005 
close 89.26 1 7 3012 
close 88.49 1 7 3014 
close 88.36 1 7 3011 
close 87.40 1 7 3008 
close 87.94 1 7 3023 
close 88.58 1 6 3012 
close 86.99 1 7 3076 
close 87.09 1 7 3027 
close 86.54 1 7 3026 
close 85.19 1 6 3034 
close 84.61 1 7 3708 
close 85.63 1 7 3047 
close 85.79 1 7 3031 
close 87.47 1 7 4527 
close 87.88 1 7 4943 
close 88.10 1 7 3033 
close 87.89 1 7 3034 
close 86.57 1 7 3204 
close 84.66 1 6 3041 
close 84.53 1 7 3005 
close 82.30 1 7 3007 
close 83.63 1 7 3014 
close 81.86 2 13 6038 
close 81.08 1 5 2947 
close 81.73 1 6 3008 
close 83.12 1 7 3012 
close 82.26 1 7 4267 
close 81.12 1 5 3080 
close 82.33 1 7 3012 
close 81.15 1 6 3079 
close 83.75 1 5 3009 
close 83.64 1 7 3013 
close 81.36 1 7 3016 
close 81.57 1 5 3008 
close 83.33 1 7 3024 
close 82.84 1 6 3019 
close 80.48 1 7 3026 
close 80.96 1 7 3021 
close 81.55 1 7 3024 
close 79.41 1 7 3021 
close 81.18 1 7 3026 
close 81.66 1 7 3026 
close 80.27 1 7 3018 
close 80.16 1 7 3026 
close 80.32 1 7 3076 
close 82.15 1 6 3017 
close 82.12 1 7 3023 
close 81.30 1 7 3018 
close 82.18 1 7 3025 
close 82.73 1 7 3032 
close 81.65 1 7 3024 
close 80.74 1 6 3027 
close 77.63 1 6 3207 
close 77.32 1 7 3200 
close 77.62 1 6 3008 
close 78.23 1 7 3021 
close 77.87 1 7 3019 
close 78.24 1 7 3025 
close 78.36 1 7 3021 
close 79.17 2 14 6063 
close 79.50 1 7 3027 
close 79.15 1 7 3022 
close 78.93 1 7 3021 
close 78.86 1 7 3018 
close 80.21 1 7 3024 
close 79.36 1 7 3018 
close 78.50 1 7 3029 
close 76.06 1 7 3018 
close 76.05 1 7 3016 
close 75.72 1 7 3022 
close 75.63 1 7 3022 
close 75.48 1 7 3016 
close 74.69 1 7 3020 
close 74.58 1 7 3017 
close 75.38 1 7 3016 
close 75.40 1 7 3018 
close 75.89 1 7 3012 
close 75.68 1 7 3030 
close 74.59 1 7 3022 
body 1.49 2 14 6728 
body -0.44 4 25 12865 
body -1.05 4 26 12914 
body -0.97 5 34 19335 
body -0.19 3 21 9605 
body -0.91 6 33 18683 
body -1.62 2 14 8730 
body 0.40 5 30 17139 
body 0.28 5 34 18934 
body -0.99 5 30 15804 
body 1.15 1 7 3425 
body -0.64 1 7 3453 
body 0.24 3 17 9444 
body 0.74 5 33 15618 
body 0.37 4 28 17037 
body -0.31 4 27 13609 
body 1.36 1 7 3662 
body -0.54 4 27 15570 
body 1.57 1 7 3518 
body -0.05 3 20 11217 
body -1.88 3 19 11391 
body 2.63 2 14 7996 
body 0.16 3 20 9577 
body 0.54 6 40 18670 
body -0.38 4 28 13549 
body -0.36 3 19 10193 
body 0.50 2 14 7776 
body -0.04 1 7 4588 
body -0.15 1 7 4472 
body 0.65 2 13 6885 
body -0.63 3 21 13753 
body -1.37 3 20 13219 
body -0.29 5 32 16740 
body -3.66 2 14 7798 
body -0.12 3 19 10493 
body 1.64 1 7 4256 
body 0.35 2 14 7257 
body 2.13 3 21 10007 
body -0.13 2 14 8544 
body -0.49 3 21 10508 
body 0.63 5 33 19369 
body 1.20 6 38 19434 
body 0.95 4 25 15055 
body 1.34 3 18 13576 
body 0.73 2 14 9268 
body 0.62 5 30 21263 
body 0.57 5 33 22104 
body 2.50 1 7 6081 
body -1.73 2 14 9068 
body 1.71 3 21 16310 
body -1.68 2 12 9076 
body 0.34 2 13 9102 
body -0.61 6 42 23347 
body -0.25 6 39 24293 
body -1.64 1 7 5676 
body 1.88 2 14 8842 
body 1.24 5 32 20719 
body 0.81 2 14 9000 
body -1.76 2 13 9067 
body 0.06 2 13 9461 
body -0.79 4 28 15472 
body -0.11 4 25 15647 
body 1.35 1 7 6273 
body -1.45 2 14 9288 
body 0.89 2 14 9298 
body 1.43 1 7 6197 
body -0.01 2 14 9036 
body -1.12 3 20 17312 
body -0.56 3 14 11814 
body -2.09 2 14 8570 
body -0.58 3 19 12834 
body -2.30 1 7 6005 
body -1.08 6 39 21036 
body 1.79 1 7 5442 
body -1.32 2 14 8424 
body -0.55 2 14 8661 
body 1.31 5 34 17337 
body 0.52 3 19 11953 
body 1.62 2 14 8681 
body 1.17 1 7 5435 
body 0.49 2 14 8332 
body -0.40 2 14 8520 
body 0.97 2 14 9078 
body 1.00 2 14 9168 
body -0.18 3 21 14632 
body -1.31 2 14 9001 
body 1.27 4 28 15568 
body -0.30 4 26 16752 
body 1.46 2 14 9351 
body -0.17 2 13 9062 
body -0.93 4 26 15407 
body 2.29 2 13 9588 
body 0.07 4 27 14462 
body 0.41 4 28 14922 
body 0.93 3 20 14652 
body 0.86 3 20 11948 
body -1.40 1 7 5862 
body 1.14 3 19 12406 
body -1.59 2 14 9022 
body 1.28 4 26 14214 
body -0.37 4 26 15849 
body 0.64 3 20 11651 
body 1.18 2 14 8367 
body 0.19 3 18 11242 
body 0.87 4 24 14318 
body 0.08 4 26 14198 
body 1.38 2 14 8074 
body 0.00 2 14 8354 
body 1.86 3 19 10607 
body 1.99 2 12 8250 
body -0.87 5 31 16829 
body 2.35 2 13 7923 
body -2.46 2 11 8150 
body -1.43 2 14 9432 
body 0.75 7 47 24186 
body 2.10 2 14 7595 
body 0.03 7 47 22359 
body 0.02 4 25 13788 
body -2.11 1 7 4297 
body 0.15 3 21 10593 
body -1.25 2 11 7150 
body 0.25 3 21 11570 
body -0.77 2 14 7564 
body 1.55 4 21 13363 
body 1.68 1 7 4298 
body -0.20 5 33 16562 
body 0.42 4 28 15193 
body 0.51 2 14 9211 
body 0.88 2 12 7528 
body -0.26 3 19 10413 
body 1.32 2 14 9591 
body 0.96 2 12 8934 
body 1.12 3 21 9076 
body -0.59 3 19 9105 
body 0.20 2 13 6046 
body -1.70 3 20 9064 
body 1.80 2 12 6059 
body -0.32 2 13 7371 
body -0.65 2 14 5987 
body -0.67 1 7 3041 
body 0.80 1 7 3030 
body -0.95 3 21 9058 
body -0.52 4 28 12098 
body 0.69 5 30 15097 
body -0.88 4 24 12048 
body -1.53 2 14 6020 
body -0.51 4 25 12040 
body -0.35 7 46 21080 
body 3.42 1 7 3020 
body 0.33 5 32 15067 
body 0.48 2 14 6038 
body -1.29 4 27 12071 
body 0.36 3 19 9031 
body -0.47 5 33 15066 
body -1.14 3 19 9027 
body 0.18 2 12 6013 
body 2.65 2 13 6023 
body -0.41 4 22 12038 
body -1.07 2 12 6023 
body -0.27 1 7 3076 
body 1.13 3 16 9024 
body -0.03 4 27 12060 
body -1.66 2 12 6028 
body 0.13 2 13 6032 
body 0.17 3 19 9057 
body 2.51 1 6 3009 
body 0.84 1 6 3008 
body 0.46 2 13 6010 
body 1.25 2 12 6031 
body 0.45 1 6 2954 
body 0.44 2 11 6026 
body -1.09 3 21 9050 
body 0.11 3 21 9044 
body 0.12 2 14 6034 
body -0.02 4 25 12065 
body 1.61 1 6 3006 
body 0.90 3 21 9043 
body 0.92 2 14 6061 
body -0.78 5 30 14995 
body -1.26 2 13 6018 
body 0.60 4 28 12095 
body -0.16 3 21 9044 
body 1.60 1 7 3007 
body -1.11 2 13 6013 
body -0.39 2 14 6145 
body -0.57 1 7 3014 
body 1.02 3 19 9031 
body 0.61 6 38 18135 
body 2.67 1 7 3013 
body -4.52 2 10 6006 
body -0.86 1 7 3021 
body 0.94 4 27 12060 
body -0.28 1 7 3013 
body -0.66 2 13 6020 
body -1.81 1 5 3009 
body -1.77 2 11 6028 
body -2.58 1 7 3013 
body -1.00 3 21 8979 
body 1.44 1 7 3010 
body 2.00 1 7 3007 
body 0.04 4 27 12106 
body -1.51 1 6 3009 
body 1.07 2 12 6027 
body -0.23 3 19 9043 
body 0.38 7 36 21035 
body -0.62 2 12 6015 
body 0.32 2 13 6020 
body -0.90 1 7 3023 
body -0.72 5 29 15269 
body 1.51 1 7 3014 
body 1.45 2 14 7427 
body -1.49 1 7 3011 
body 1.21 3 20 9036 
body -2.52 1 7 3010 
body -0.60 3 16 9028 
body -0.06 4 28 12058 
body -1.30 1 7 3013 
body -2.59 1 5 3006 
body 3.55 2 11 6005 
body 0.99 3 18 8961 
body 1.37 1 7 3005 
body 1.90 1 5 3012 
body 1.05 3 18 9025 
body -1.38 1 7 3011 
body 0.23 5 32 15052 
body -0.22 3 17 9024 
body 2.05 1 6 3012 
body 2.22 1 7 3012 
body 0.67 7 40 21086 
body 2.20 1 6 3007 
body -5.25 1 6 3005 
body -3.60 2 11 6009 
body -6.78 1 5 3015 
body 2.87 1 6 3005 
body -0.71 1 6 3003 
body 3.34 1 5 3003 
body 1.70 3 18 9025 
body 2.02 1 6 3004 
body 3.14 1 6 3007 
body -1.34 1 6 3008 
body 2.32 1 6 3069 
body -7.02 1 3 3000 
body -1.41 2 7 6001 
body -2.88 1 6 3005 
body 0.79 1 5 3005 
body 1.98 1 5 4383 
body -1.56 2 13 8834 
body -2.21 1 6 3006 
body -1.58 3 18 8992 
body 2.18 1 5 3002 
body 1.29 3 19 9114 
body 2.28 1 5 3004 
body -4.53 1 6 3003 
body -3.00 1 4 3002 
body -1.47 1 4 3000 
body 3.46 1 4 3002 
body -1.48 1 5 3003 
body 3.09 1 4 3003 
body 2.47 1 6 3009 
body 0.70 3 20 9020 
body -1.94 1 7 3008 
body 1.58 2 10 6006 
body -1.27 2 12 6027 
body -3.72 1 6 3002 
body -4.03 1 6 3004 
body -1.79 1 6 3004 
body -2.89 1 5 3004 
body -4.47 1 3 3000 
body 4.81 1 4 3000 
body -4.67 1 4 3000 
body -12.00 1 3 2999 
body -3.54 2 10 6042 
body -4.24 1 4 3071 
body 5.81 1 4 3003 
body -5.59 1 3 2999 
body -1.98 1 6 3002 
body 4.92 1 6 4681 
body -7.75 1 3 3001 
body -1.55 3 12 9012 
body 1.10 1 6 3004 
body -0.45 3 19 9031 
body 4.38 1 4 3000 
body 1.30 1 5 3003 
body 3.13 1 5 3003 
body -0.14 3 17 9114 
body 3.23 1 5 3002 
body -0.09 4 25 12062 
body -1.75 2 12 6405 
body 5.10 1 5 3002 
body -1.02 1 4 3000 
body 2.16 1 5 3004 
body -2.92 1 3 3000 
body 2.56 1 5 3004 
body -0.70 3 16 9170 
body -1.28 1 5 3002 
body 0.22 2 12 6037 
body -1.82 1 4 3001 
body 2.95 1 6 3007 
body -1.18 2 10 6013 
body -1.16 1 6 3004 
body 2.44 2 11 6013 
body 0.39 4 24 12158 
body -2.57 1 5 3001 
body -0.46 2 12 7781 
body -0.33 4 25 12078 
body 1.41 1 5 3003 
body 1.92 1 5 4622 
body 0.29 3 19 9017 
body -3.55 1 4 3002 
body -0.83 1 5 3003 
body 2.14 3 20 8996 
body 1.76 1 4 3003 
body -3.28 1 5 3001 
body 1.11 3 18 9024 
body 3.54 1 5 3001 
body 0.01 3 19 9021 
body -3.65 1 6 3005 
body -0.96 2 11 6018 
body 4.07 1 3 3000 
body -1.50 2 12 6043 
body 2.07 3 21 8967 
body -0.34 2 11 6021 
body -0.50 1 7 3011 
body -3.09 1 7 3026 
body 0.78 4 27 12050 
body 1.77 3 19 10496 
body 3.15 1 7 3047 
body -0.08 1 7 3037 
body 1.06 2 13 6069 
body 1.23 3 17 9132 
body 1.81 1 5 3006 
body 0.53 3 21 9046 
body -3.59 1 5 3004 
body 1.87 2 11 6009 
body 3.02 1 7 2949 
body 3.08 2 13 6015 
body -0.53 1 6 3005 
body 0.31 2 13 6014 
body -2.66 1 3 3000 
body -2.26 2 10 6004 
body -3.13 1 4 3000 
body -0.98 2 14 6069 
body -2.29 1 5 3018 
body -2.70 2 11 6050 
body 2.99 1 4 3026 
body 2.34 1 7 3074 
body -2.32 1 6 3019 
body -2.62 1 7 3006 
body 2.48 1 6 3002 
body 1.39 5 32 15123 
body -1.61 1 5 3001 
body 0.55 5 33 15451 
body 1.08 1 6 3010 
body 1.83 2 12 6024 
body -1.54 2 14 6026 
body 2.36 1 6 3006 
body -1.44 1 6 3018 
body -2.81 2 11 6030 
body 1.65 1 5 3004 
body -1.21 4 25 12818 
body -2.17 1 6 3013 
body -1.39 2 12 6024 
body -0.24 4 23 12022 
body -1.33 2 14 6213 
body 2.55 1 4 3001 
body -1.20 1 6 3005 
body 1.04 2 14 6016 
body 0.98 2 11 6029 
body 1.97 1 7 3008 
body 0.91 4 27 12062 
body 1.85 2 12 6097 
body 2.52 1 6 3007 
body 1.22 3 16 9041 
body 2.30 1 5 3005 
body -2.83 1 7 3004 
body 1.67 1 4 3001 
body 3.20 1 7 3004 
body 6.44 1 6 3005 
body -2.64 1 5 3002 
body -5.83 1 4 3002 
body -1.06 1 5 3728 
body 0.82 1 5 3008 
body -3.47 1 4 3004 
body -1.04 1 5 3007 
body 3.16 1 7 3039 
body 1.94 1 6 3023 
body -2.15 1 7 3070 
body 1.78 2 13 6037 
body -2.02 1 6 3029 
body 0.43 1 6 3006 
body -2.74 2 12 6085 
body 0.05 1 6 3009 
body -1.52 1 6 3004 
body 0.83 2 13 6022 
body -0.10 2 14 6050 
body -2.22 1 7 3012 
body -0.68 1 7 3019 
body 1.89 1 7 3096 
body 3.64 1 6 3026 
body 0.10 2 14 6044 
body -3.42 1 7 3040 
body -2.12 2 14 8867 
body -2.01 1 7 4408 
body 1.74 1 6 3009 
body -2.80 1 7 2950 
body 0.47 1 6 3006 
body 2.94 1 5 3008 
body -1.69 1 6 3005 
body -2.98 1 6 3007 
body -6.43 1 5 3002 
body -0.89 1 5 3002 
body 1.52 1 6 3005 
body 2.24 1 4 3003 
body -2.55 1 6 4566 
body -3.16 1 4 3002 
body 1.40 1 5 3003 
body -0.69 1 5 3004 
body 1.84 1 5 3003 
body 1.66 1 7 3005 
body -6.13 1 4 3003 
body -0.73 1 5 3004 
body -1.99 1 5 3002 
body 4.31 1 4 3001 
body -0.82 2 9 6012 
body -1.89 1 6 3009 
body 1.56 2 13 6028 
body 1.95 1 7 3014 
body 0.30 3 19 9049 
body 0.14 2 11 6023 
body -1.57 1 7 3006 
body 0.72 2 12 6024 
body -0.84 2 13 6026 
body 0.26 1 7 3019 
body -0.74 1 7 3013 
body 1.47 1 6 3005 
body -0.94 1 7 3008 
body 0.09 1 7 3027 
body -1.35 1 6 3034 
body 1.03 2 14 6071 
body 1.01 2 14 7551 
body -1.90 1 6 3041 
body -1.36 1 7 3007 
body 0.66 1 6 3008 
body -0.42 1 7 4267 
body -1.15 1 5 3080 
body 2.61 1 5 3009 
body -0.07 1 7 3013 
body -2.31 1 7 3007 
body 0.21 1 5 3008 
body -0.76 1 7 3024 
body 0.58 1 7 3024 
body -0.85 2 14 6047 
body -3.11 1 6 3207 
body -1.17 1 7 3021 
body -1.13 1 7 3018 
body 0.77 1 7 3016 
body -0.21 1 7 3030 
up 0.95 2 14 6753 
up 0.71 7 47 27936 
up 0.99 2 14 9336 
up 1.05 3 21 10809 
up 0.45 15 99 56863 
up 0.00 12 75 47081 
up 0.58 10 60 35503 
up 1.85 1 7 3864 
up 0.35 11 71 38693 
up 0.51 9 57 29955 
up 0.62 9 62 27791 
up 0.73 4 27 12480 
up 0.47 10 61 36083 
up 1.60 3 18 10623 
up 1.48 1 7 3270 
up 0.37 13 82 48087 
up 1.36 2 13 6588 
up 0.06 11 69 41421 
up 0.40 12 74 39771 
up 0.28 16 109 60332 
up 1.03 3 19 11122 
up 0.15 10 69 42352 
up 0.34 10 66 33343 
up 0.75 9 53 30751 
up 0.41 9 60 30747 
up 0.54 8 54 30785 
up 0.10 15 93 46961 
up 0.60 6 39 24813 
up 0.53 13 86 51166 
up 0.25 9 56 28407 
up 1.15 4 25 13734 
up 0.03 11 64 37069 
up 0.18 10 63 33848 
up 0.56 7 48 22210 
up 0.67 6 37 20138 
up 0.16 15 99 48301 
up 0.02 14 86 45404 
up 0.69 7 44 24315 
up 0.01 10 59 38237 
up 0.05 11 72 43553 
up 0.32 9 61 34907 
up 0.61 8 52 27146 
up 1.00 5 34 20031 
up 0.08 11 70 37835 
up 0.17 15 97 50997 
up 0.86 6 36 21275 
up 0.44 10 67 38990 
up 0.26 13 82 51111 
up 0.07 13 88 48847 
up 0.04 12 76 39505 
up 0.12 15 92 54688 
up 0.42 12 70 40502 
up 0.74 2 14 8830 
up 0.09 17 110 57679 
up 0.29 10 57 33110 
up 0.38 10 66 40131 
up 0.63 7 46 26854 
up 0.19 12 78 45026 
up 0.39 6 38 20389 
up 0.11 17 104 55644 
up 0.66 5 29 18109 
up 0.49 12 79 39306 
up 0.24 9 60 34571 
up 1.17 4 22 15105 
up 0.14 12 80 41869 
up 0.33 11 68 38326 
up 0.55 8 48 26553 
up 0.30 12 79 37960 
up 0.78 9 55 28937 
up 0.46 7 46 24935 
up 0.22 19 120 60922 
up 1.27 3 19 10689 
up 0.59 5 30 16362 
up 0.20 15 99 47922 
up 0.36 10 62 34402 
up 1.34 1 7 4569 
up 0.52 5 32 16881 
up 0.50 14 85 44520 
up 0.96 4 24 13756 
up 0.57 5 30 17898 
up 0.80 3 20 9090 
up 0.31 12 77 36194 
up 0.85 3 19 9060 
up 0.65 7 43 21117 
up 0.27 18 115 54374 
up 0.21 9 58 27103 
up 0.92 1 7 3017 
up 0.13 14 92 42235 
up 0.82 4 25 12262 
up 0.83 4 22 12032 
up 1.14 2 11 6023 
up 0.23 8 49 26128 
up 0.91 3 21 9106 
up 0.98 1 7 3008 
up 1.01 2 12 6022 
up 1.11 2 12 6021 
up 0.43 7 42 21102 
up 1.56 2 13 6025 
up 1.02 3 19 9023 
up 0.68 5 29 14973 
up 0.81 5 31 15066 
up 2.11 1 7 3008 
up 0.70 3 17 9013 
up 0.97 7 46 21315 
up 1.52 3 19 9039 
up 1.25 2 12 7411 
up 0.72 4 26 12040 
up 1.04 3 18 9018 
up 2.07 1 7 3007 
up 3.98 1 6 3007 
up 1.37 3 15 9007 
up 1.44 1 6 3008 
up 1.09 2 13 6205 
up 2.88 1 6 3005 
up 2.60 1 6 3004 
up 2.43 1 5 3005 
up 0.84 5 29 15035 
up 2.55 1 5 3004 
up 1.18 4 18 12010 
up 1.77 1 5 3002 
up 1.22 1 5 3004 
up 1.06 2 12 6013 
up 0.48 4 23 12097 
up 0.88 4 24 12086 
up 2.46 1 4 3000 
up 1.53 1 4 3000 
up 1.10 2 9 6001 
up 2.44 1 4 3000 
up 0.94 4 23 12072 
up 1.63 2 9 6007 
up 0.79 5 27 15049 
up 1.99 1 5 3002 
up 1.84 2 10 6008 
up 2.63 1 4 3002 
up 1.72 1 6 3004 
up 3.51 1 6 3004 
up 1.73 1 6 3002 
up 1.39 1 4 3001 
up 1.79 1 6 3007 
up 2.22 1 4 3001 
up 2.29 1 5 3003 
up 1.83 1 4 3000 
up 0.64 1 5 3004 
up 1.51 1 5 3001 
up 1.64 1 3 2999 
up 1.69 1 5 3002 
up 1.19 1 5 3061 
up 2.77 1 5 3004 
up 2.27 1 7 3004 
up 1.45 1 5 3001 
up 1.95 1 7 3008 
up 1.61 1 4 3002 
up 2.17 1 6 3003 
up 3.13 1 6 3004 
up 1.81 1 7 3003 
up 2.37 1 6 3010 
up 1.80 1 7 3013 
up 2.15 2 11 6008 
up 1.16 1 7 3062 
up 1.68 3 17 9026 
up 0.87 2 11 6010 
up 1.08 2 9 6034 
up 2.02 1 4 3000 
up 1.57 1 7 3074 
up 3.28 1 6 3099 
up 1.42 1 7 3012 
up 1.43 1 6 3010 
up 1.30 1 6 3012 
up 0.76 3 19 9024 
up 0.89 2 11 6019 
up 2.14 1 7 3010 
up 1.35 1 7 3030 
up 0.93 2 14 6042 
up 2.50 1 5 3002 
up 2.21 1 7 3007 
up 1.24 1 5 3004 
up 1.33 1 5 3003 
up 1.90 1 6 3003 
up 0.77 1 7 3028 
up 3.67 1 5 3002 
up 1.49 1 5 3003 
up 0.90 2 14 6030 
down 1.25 1 7 3719 
down 1.03 8 54 25436 
down 0.09 14 88 59989 
down 0.39 17 108 57247 
down 0.07 6 36 19351 
down 0.50 5 32 17597 
down 0.32 14 93 51213 
down 0.19 12 80 46839 
down 0.14 15 99 50003 
down 0.81 4 25 12388 
down 0.42 6 41 22298 
down 0.54 7 48 23037 
down 1.51 2 12 6272 
down 0.41 5 35 21432 
down 0.21 14 95 53323 
down 0.12 8 52 29785 
down 0.24 17 109 52936 
down 1.83 2 14 7021 
down 1.48 3 19 9631 
down 0.06 8 52 28243 
down 0.36 12 82 41383 
down 0.63 9 56 30286 
down 1.54 3 18 9632 
down 0.51 8 55 30252 
down 1.37 2 14 6719 
down 1.19 3 21 10216 
down 0.83 1 7 4763 
down 0.20 17 108 56171 
down 1.55 3 18 10483 
down 0.73 8 53 28316 
down 0.43 10 69 37266 
down 0.26 8 55 29969 
down 0.38 13 88 47783 
down 0.30 9 54 33267 
down 2.02 3 17 10548 
down 0.75 5 33 16318 
down 0.22 16 106 56979 
down 0.23 10 69 40185 
down 0.84 5 30 17532 
down 0.76 4 27 14819 
down 0.40 6 36 22661 
down 0.13 12 73 42238 
down 1.08 7 41 25103 
down 0.00 7 43 24192 
down 0.08 9 60 36084 
down 0.87 4 26 17731 
down 0.55 9 59 32512 
down 0.61 7 44 27953 
down 0.48 12 74 43758 
down 0.03 12 79 39182 
down 0.49 9 57 30050 
down 0.31 9 59 33316 
down 0.18 15 94 52087 
down 0.93 6 36 21644 
down 0.35 9 57 34417 
down 0.56 5 35 18084 
down 1.17 2 14 9236 
down 0.94 6 40 20898 
down 0.88 1 7 5485 
down 0.46 11 72 36470 
down 0.29 15 97 54407 
down 0.53 4 26 15417 
down 1.28 3 18 11449 
down 1.10 2 14 10903 
down 1.04 3 19 11281 
down 0.60 8 53 27073 
down 0.11 6 42 20978 
down 0.74 5 33 19802 
down 0.28 13 88 48593 
down 0.47 5 34 18340 
down 0.04 10 62 37501 
down 0.71 5 31 18092 
down 0.59 5 28 19653 
down 0.33 10 66 33069 
down 1.00 2 13 8269 
down 0.16 11 71 36146 
down 1.72 1 7 5142 
down 1.18 1 7 5062 
down 0.57 6 36 20151 
down 0.17 10 66 33021 
down 1.29 3 19 10129 
down 0.62 6 39 19594 
down 0.02 7 47 22441 
down 0.27 6 42 19594 
down 0.45 8 53 25534 
down 0.58 4 26 13523 
down 0.10 7 43 24730 
down 0.37 9 54 29995 
down 1.68 2 13 6042 
down 0.64 5 35 15172 
down 0.82 4 23 12100 
down 0.52 6 38 18101 
down 0.85 7 41 21111 
down 2.18 2 14 6065 
down 1.23 3 20 9057 
down 0.97 4 23 12046 
down 0.68 5 34 15017 
down 0.78 4 25 12048 
down 0.92 4 27 12046 
down 0.25 11 72 34586 
down 0.05 12 76 36171 
down 0.01 7 45 21155 
down 0.66 7 42 21149 
down 1.21 1 7 3012 
down 0.86 3 20 9056 
down 0.72 10 63 30142 
down 0.79 11 68 33552 
down 0.67 2 13 6050 
down 0.34 9 53 27065 
down 0.65 6 36 19819 
down 0.44 7 43 21084 
down 0.15 5 33 16438 
down 0.69 8 51 24178 
down 0.77 1 7 3023 
down 0.96 6 33 18042 
down 1.11 2 10 6010 
down 0.95 4 25 12044 
down 1.98 2 12 7414 
down 1.33 3 18 9012 
down 1.90 1 6 3007 
down 5.17 1 5 3015 
down 2.97 1 6 3003 
down 3.81 1 6 3006 
down 1.16 2 11 6018 
down 4.09 1 3 3000 
down 2.23 2 9 6003 
down 2.38 2 11 6007 
down 1.43 1 6 3006 
down 2.69 1 3 3000 
down 2.90 1 5 3004 
down 4.90 1 4 3002 
down 3.43 1 4 3000 
down 1.20 4 25 11996 
down 1.49 3 18 9043 
down 0.90 6 36 18226 
down 1.01 6 35 18087 
down 2.03 1 5 3001 
down 1.31 3 16 9053 
down 2.47 2 9 6002 
down 2.33 1 4 3000 
down 1.84 1 4 3000 
down 1.74 3 14 9005 
down 8.39 1 4 3000 
down 3.27 1 3 2999 
down 8.61 1 4 3071 
down 2.83 1 4 3003 
down 0.91 3 15 9011 
down 3.02 1 3 2999 
down 5.11 1 4 3000 
down 1.12 1 6 3002 
down 2.85 1 6 3002 
down 1.24 4 24 12031 
down 1.02 2 10 6006 
down 1.70 2 8 6003 
down 2.59 1 6 3004 
down 1.57 1 6 3004 
down 1.41 1 5 3003 
down 3.45 1 3 2939 
down 1.87 1 5 3003 
down 1.30 5 31 15036 
down 3.35 1 7 3004 
down 1.96 1 4 3003 
down 2.06 1 5 3002 
down 1.42 1 4 3000 
down 3.38 1 3 2999 
down 1.34 2 12 6020 
down 1.67 1 5 3004 
down 2.10 1 6 3004 
down 2.26 1 6 3002 
down 1.40 2 9 6004 
down 3.61 1 7 3004 
down 2.65 2 8 6001 
down 1.99 1 5 3001 
down 0.98 2 13 6106 
down 1.06 2 12 6011 
down 2.56 1 5 3004 
down 5.85 1 5 3001 
down 2.87 1 3 2999 
down 1.82 1 6 3004 
down 1.05 1 7 3003 
down 0.89 5 29 15060 
down 2.34 1 5 3005 
down 1.45 1 7 3008 
down 1.63 1 7 3011 
down 1.26 2 13 6049 
down 5.29 1 5 3006 
down 3.56 1 5 3080 
down 3.48 1 4 3000 
down 2.43 1 5 3003 
down 2.70 1 5 3018 
down 1.64 1 6 2945 
down 1.14 2 12 6018 
down 2.30 1 7 3009 
down 1.09 1 4 3001 
down 2.62 1 5 3002 
down 1.50 1 4 3001 
down 1.69 1 4 3000 
down 0.70 3 15 9137 
down 2.00 1 5 3004 
down 1.93 1 5 3728 
down 1.38 2 12 6012 
down 1.07 2 13 6021 
down 1.39 1 5 3008 
down 1.88 1 6 3006 
down 2.27 1 4 3006 
down 2.35 2 10 6007 
down 1.65 1 6 3018 
down 2.04 1 7 3043 
down 1.15 2 10 6008 
down 2.07 1 6 3008 
down 1.85 1 5 3002 
down 1.81 1 4 3002 
down 3.60 1 6 3006 
down 1.13 2 13 5972 
down 1.78 1 5 3006 
down 1.80 1 7 3028 
down 3.37 1 5 3002 
down 4.80 1 4 3010 
down 1.79 1 6 3010 
down 0.99 1 7 3031 
down 1.44 1 7 3204 
down 0.80 1 7 3021 
down 6.26 1 6 3008 
