open 64.29 18 7 10 
open 64.28 24 38 162 
open 64.31 23 23 44 
open 64.27 18 12 20 
open 64.26 16 19 40 
open 64.25 10 9 19 
open 64.34 16 17 29 
open 64.35 21 11 15 
open 64.43 24 3 4 
open 64.44 25 18 39 
open 64.49 15 12 23 
open 64.42 35 14 22 
open 64.40 18 7 13 
open 64.53 13 0 0 
open 64.54 19 4 20 
open 64.56 24 13 35 
open 64.57 21 7 20 
open 64.50 14 6 7 
open 64.46 31 10 10 
open 64.52 9 2 10 
open 64.65 38 46 118 
open 64.70 39 29 75 
open 64.75 23 23 50 
open 64.72 33 25 51 
open 64.69 30 15 25 
open 64.61 33 14 25 
open 64.60 29 4 9 
open 64.62 30 9 16 
open 64.58 30 3 4 
open 64.63 28 12 24 
open 64.59 26 7 18 
open 64.68 44 36 76 
open 64.41 19 4 4 
open 64.39 24 15 21 
open 64.66 40 42 118 
open 64.64 39 49 109 
open 64.55 15 3 6 
open 64.71 23 15 38 
open 64.73 37 24 66 
open 64.48 12 6 14 
open 64.38 22 13 22 
open 64.32 21 18 27 
open 64.30 21 1 1 
open 64.24 13 6 8 
open 64.17 20 14 51 
open 64.22 20 11 21 
open 64.37 16 3 3 
open 64.36 27 13 20 
open 64.33 17 13 23 
open 64.45 9 1 1 
open 64.18 19 4 9 
open 64.23 13 2 4 
open 64.16 12 4 9 
open 63.95 33 19 54 
open 63.94 48 23 55 
open 63.96 30 31 83 
open 63.81 26 35 70 
open 63.98 34 48 141 
open 63.80 51 50 135 
open 63.73 28 33 65 
open 63.44 24 17 41 
open 63.43 33 33 60 
open 63.49 40 17 32 
open 63.40 54 65 127 
open 63.42 47 55 96 
open 63.33 35 26 53 
open 63.25 29 17 47 
open 63.24 28 8 17 
open 63.22 16 9 19 
open 63.08 23 19 30 
open 63.04 8 12 24 
open 63.07 15 15 37 
open 63.16 20 17 53 
open 63.15 19 24 61 
open 63.14 21 13 21 
open 63.20 24 16 41 
open 63.12 29 41 85 
open 63.11 14 6 6 
open 63.13 13 13 22 
open 63.09 10 8 21 
open 63.19 15 7 10 
open 63.21 13 10 17 
open 63.17 28 15 24 
open 63.37 45 30 59 
open 63.36 34 20 38 
open 63.32 37 28 58 
open 63.47 27 20 35 
open 63.52 19 11 24 
open 63.39 44 42 85 
open 63.35 45 39 62 
open 63.45 37 29 53 
open 63.46 45 32 59 
open 63.41 47 60 124 
open 63.31 45 40 84 
open 63.34 34 13 26 
open 63.30 40 9 11 
open 63.26 19 2 6 
open 63.28 32 16 30 
open 63.27 31 11 14 
open 63.23 30 6 13 
open 63.29 37 11 30 
open 63.38 42 56 119 
open 63.50 25 13 23 
open 63.57 33 27 75 
open 63.58 35 28 57 
open 63.62 38 18 41 
open 63.64 18 18 49 
open 63.65 14 2 6 
open 63.66 29 15 36 
open 63.60 22 6 13 
open 64.05 33 18 51 
open 64.07 27 4 12 
open 63.63 22 10 35 
open 64.06 32 11 17 
open 64.51 17 11 37 
open 64.83 30 20 40 
open 64.67 32 32 87 
open 64.76 20 18 50 
open 64.47 18 9 37 
open 64.81 37 57 143 
open 64.80 29 25 55 
open 64.78 30 36 124 
open 64.84 32 22 47 
open 64.77 40 36 73 
open 64.90 27 3 7 
open 64.92 30 15 39 
open 64.89 19 6 6 
open 65.03 29 8 18 
open 65.05 15 2 5 
open 64.87 20 13 34 
open 65.14 28 26 63 
open 65.18 25 6 14 
open 65.00 825 2405 12009 
open 65.15 26 7 11 
open 65.19 20 11 28 
open 65.10 21 0 0 
open 65.22 29 1 2 
open 65.24 12 3 4 
open 65.17 28 13 27 
open 65.27 20 6 17 
open 65.12 29 6 9 
open 65.13 23 6 11 
open 65.16 25 0 0 
open 65.08 27 3 5 
open 65.26 8 4 8 
open 65.34 34 8 16 
open 65.25 14 5 13 
open 65.36 32 12 28 
open 65.35 26 19 43 
open 65.37 31 38 105 
open 65.32 14 14 36 
open 65.29 20 2 5 
open 65.28 20 10 31 
open 65.31 20 15 56 
open 65.33 16 9 32 
open 65.39 27 12 27 
open 65.38 12 16 39 
open 65.43 23 7 19 
open 65.41 21 16 45 
open 65.42 21 11 26 
open 65.48 23 10 17 
open 65.47 23 4 6 
open 65.51 18 4 9 
open 65.55 28 8 10 
open 65.46 23 5 7 
open 65.52 22 5 6 
open 65.53 18 11 19 
open 65.50 20 6 13 
open 65.59 38 32 90 
open 65.58 35 24 75 
open 65.60 40 26 68 
open 65.63 41 42 170 
open 65.64 34 31 71 
open 65.84 45 12 23 
open 65.95 24 3 6 
open 66.04 41 16 29 
open 65.94 53 24 69 
open 66.29 19 6 9 
open 66.12 27 3 6 
open 66.10 30 4 5 
open 66.11 27 4 8 
open 65.96 33 3 4 
open 65.93 35 4 6 
open 66.05 46 31 74 
open 66.09 14 0 0 
open 66.08 30 6 10 
open 66.02 25 1 1 
open 66.01 39 2 3 
open 65.99 34 9 25 
open 66.23 23 9 14 
open 66.22 19 1 1 
open 66.35 10 13 18 
open 66.17 13 7 15 
open 66.49 15 12 32 
open 66.53 18 25 74 
open 66.69 1 0 0 
open 66.47 6 1 1 
open 66.54 6 0 0 
open 66.57 15 12 50 
open 66.50 4 0 0 
open 66.38 11 1 2 
open 66.44 4 3 4 
open 66.46 3 2 2 
open 66.42 10 3 4 
open 66.39 8 5 9 
open 66.41 15 0 0 
open 66.40 12 6 10 
open 66.68 1 0 0 
open 66.70 3 0 0 
open 66.55 4 2 8 
open 66.67 3 0 0 
open 66.71 1 0 0 
open 66.73 1 0 0 
open 66.56 12 17 40 
open 66.59 5 0 0 
open 66.43 5 0 0 
open 66.33 19 3 3 
open 66.19 15 3 3 
open 66.24 14 6 12 
open 66.18 10 4 6 
open 66.27 20 4 6 
open 66.28 15 4 4 
open 66.34 11 0 0 
open 66.26 21 0 0 
open 66.20 21 8 23 
open 66.32 16 3 4 
open 66.30 19 8 11 
open 66.13 17 11 24 
open 66.31 13 0 0 
open 66.25 12 0 0 
open 66.36 11 4 7 
open 66.37 9 7 15 
open 66.16 22 3 10 
open 66.21 23 3 4 
open 66.48 4 3 3 
open 66.15 18 4 6 
open 66.14 14 3 7 
open 66.61 14 24 86 
open 66.58 413 1223 6084 
open 66.62 5 13 46 
open 66.64 4 12 48 
open 66.60 404 1209 6040 
open 66.51 8 5 6 
open 66.66 3 0 0 
open 66.45 6 2 2 
open 65.89 49 17 44 
open 65.86 47 20 43 
open 65.87 27 2 2 
open 65.92 41 12 23 
open 65.91 37 3 5 
open 66.03 53 12 25 
open 65.83 33 19 58 
open 66.00 35 13 19 
open 65.88 39 11 19 
open 65.90 852 2443 12172 
open 65.85 45 36 91 
open 65.81 39 20 33 
open 65.79 34 21 62 
open 65.80 33 23 50 
open 65.76 45 18 43 
open 65.75 45 31 80 
open 65.78 41 13 17 
open 65.70 27 25 49 
open 65.71 38 25 59 
open 65.61 29 25 62 
open 65.74 51 29 90 
open 65.56 35 21 84 
open 65.65 29 34 91 
open 65.62 38 25 60 
open 65.66 30 20 39 
open 65.57 27 11 28 
open 65.54 25 14 36 
open 65.82 36 19 61 
open 65.97 33 20 70 
open 65.98 26 9 14 
open 65.77 35 19 38 
open 65.45 14 2 2 
open 65.40 15 2 4 
open 65.30 17 1 2 
open 65.21 25 14 23 
open 65.11 24 5 9 
open 65.07 21 3 5 
open 65.02 35 7 12 
open 65.20 19 4 9 
open 65.01 38 10 14 
open 64.99 31 7 13 
open 65.04 18 2 6 
open 64.95 28 10 24 
open 64.93 28 2 6 
open 64.96 34 7 16 
open 64.85 23 21 49 
open 64.86 27 8 14 
open 64.82 22 15 21 
open 64.88 14 3 10 
open 64.79 33 35 80 
open 65.23 26 1 2 
open 65.06 23 4 9 
open 65.44 22 5 7 
open 65.67 34 41 131 
open 65.68 21 23 59 
open 65.69 31 29 63 
open 65.72 37 35 119 
open 65.73 52 29 43 
open 65.49 21 3 7 
open 64.91 31 16 36 
open 64.94 36 15 24 
open 64.98 28 1 3 
open 64.97 18 3 5 
open 64.74 29 24 52 
open 65.09 7 2 2 
open 66.07 20 21 53 
open 66.06 24 18 48 
open 64.20 9 2 2 
open 64.11 26 32 89 
open 64.09 26 27 79 
open 64.15 17 12 28 
open 64.14 23 13 42 
open 64.19 21 21 69 
open 63.90 58 45 144 
open 64.00 29 19 40 
open 63.92 52 34 82 
open 63.93 51 29 47 
open 63.91 45 42 94 
open 64.03 35 11 31 
open 64.04 23 9 14 
open 64.02 38 21 44 
open 64.01 37 18 35 
open 64.10 29 7 10 
open 64.12 14 1 1 
open 64.13 24 16 30 
open 64.08 24 12 29 
open 63.85 51 40 130 
open 63.89 41 17 31 
open 63.87 30 21 45 
open 63.88 45 31 69 
open 63.86 26 10 17 
open 63.99 26 11 26 
open 63.76 26 27 43 
open 63.75 18 13 49 
open 63.78 29 28 72 
open 63.67 837 2441 12106 
open 63.79 17 8 18 
open 63.70 24 16 38 
open 63.71 26 28 63 
open 63.69 39 39 90 
open 63.68 34 39 121 
open 63.59 26 7 19 
open 63.61 41 38 116 
open 63.51 24 8 14 
open 63.56 36 40 131 
open 63.18 9 2 2 
open 63.48 18 5 8 
open 63.77 33 33 98 
open 63.74 37 57 231 
open 63.72 19 31 88 
open 63.55 27 13 28 
open 63.54 19 15 36 
open 63.84 41 29 68 
open 63.83 35 32 73 
open 63.82 835 2445 12162 
open 63.53 14 0 0 
open 63.10 14 10 23 
open 63.97 39 25 56 
open 62.99 12 10 21 
open 63.00 11 3 4 
open 63.02 3 0 0 
open 62.96 5 2 2 
open 63.01 8 3 3 
open 64.21 8 0 0 
open 62.97 21 30 67 
open 63.06 13 12 19 
open 63.05 11 16 38 
open 62.94 11 6 12 
open 62.93 8 3 4 
open 62.92 6 2 2 
open 62.98 12 1 1 
open 62.86 6 0 0 
open 62.95 13 8 14 
open 62.88 2 0 0 
open 62.85 2 0 0 
open 62.87 5 1 1 
open 62.82 6 0 0 
open 62.78 2 0 0 
open 62.81 3 0 0 
open 62.84 3 0 0 
open 62.80 9 0 0 
open 62.89 9 3 7 
open 62.77 2 0 0 
open 62.83 2 0 0 
open 62.91 3 4 8 
open 62.90 8 2 4 
open 63.03 5 7 17 
hight 64.29 18 7 10 
hight 64.28 24 38 162 
hight 64.31 23 23 44 
hight 64.27 18 12 20 
hight 64.26 16 19 40 
hight 64.25 10 9 19 
hight 64.34 16 17 29 
hight 64.35 21 11 15 
hight 64.43 24 3 4 
hight 64.44 25 18 39 
hight 64.49 15 12 23 
hight 64.42 35 14 22 
hight 64.40 18 7 13 
hight 64.53 13 0 0 
hight 64.54 19 4 20 
hight 64.56 24 13 35 
hight 64.57 21 7 20 
hight 64.50 14 6 7 
hight 64.46 31 10 10 
hight 64.52 9 2 10 
hight 64.65 38 46 118 
hight 64.70 39 29 75 
hight 64.75 23 23 50 
hight 64.72 33 25 51 
hight 64.69 30 15 25 
hight 64.61 33 14 25 
hight 64.60 29 4 9 
hight 64.62 30 9 16 
hight 64.58 30 3 4 
hight 64.63 28 12 24 
hight 64.59 26 7 18 
hight 64.68 44 36 76 
hight 64.41 19 4 4 
hight 64.39 24 15 21 
hight 64.66 40 42 118 
hight 64.64 39 49 109 
hight 64.55 15 3 6 
hight 64.71 23 15 38 
hight 64.73 37 24 66 
hight 64.48 12 6 14 
hight 64.38 22 13 22 
hight 64.32 21 18 27 
hight 64.30 21 1 1 
hight 64.24 13 6 8 
hight 64.17 20 14 51 
hight 64.22 20 11 21 
hight 64.37 16 3 3 
hight 64.36 27 13 20 
hight 64.33 17 13 23 
hight 64.45 9 1 1 
hight 64.18 19 4 9 
hight 64.23 13 2 4 
hight 64.16 12 4 9 
hight 63.95 33 19 54 
hight 63.94 48 23 55 
hight 63.96 30 31 83 
hight 63.81 26 35 70 
hight 63.98 34 48 141 
hight 63.80 51 50 135 
hight 63.73 28 33 65 
hight 63.44 24 17 41 
hight 63.43 33 33 60 
hight 63.49 40 17 32 
hight 63.40 54 65 127 
hight 63.42 47 55 96 
hight 63.33 35 26 53 
hight 63.25 29 17 47 
hight 63.24 28 8 17 
hight 63.22 16 9 19 
hight 63.08 23 19 30 
hight 63.04 8 12 24 
hight 63.07 15 15 37 
hight 63.16 20 17 53 
hight 63.15 19 24 61 
hight 63.14 21 13 21 
hight 63.20 24 16 41 
hight 63.12 29 41 85 
hight 63.11 14 6 6 
hight 63.13 13 13 22 
hight 63.09 10 8 21 
hight 63.19 15 7 10 
hight 63.21 13 10 17 
hight 63.17 28 15 24 
hight 63.37 45 30 59 
hight 63.36 34 20 38 
hight 63.32 37 28 58 
hight 63.47 27 20 35 
hight 63.52 19 11 24 
hight 63.39 44 42 85 
hight 63.35 45 39 62 
hight 63.45 37 29 53 
hight 63.46 45 32 59 
hight 63.41 47 60 124 
hight 63.31 45 40 84 
hight 63.34 34 13 26 
hight 63.30 40 9 11 
hight 63.26 19 2 6 
hight 63.28 32 16 30 
hight 63.27 31 11 14 
hight 63.23 30 6 13 
hight 63.29 37 11 30 
hight 63.38 42 56 119 
hight 63.50 25 13 23 
hight 63.57 33 27 75 
hight 63.58 35 28 57 
hight 63.62 38 18 41 
hight 63.64 18 18 49 
hight 63.65 14 2 6 
hight 63.66 29 15 36 
hight 63.60 22 6 13 
hight 64.05 33 18 51 
hight 64.07 27 4 12 
hight 63.63 22 10 35 
hight 64.06 32 11 17 
hight 64.51 17 11 37 
hight 64.83 30 20 40 
hight 64.67 32 32 87 
hight 64.76 20 18 50 
hight 64.47 18 9 37 
hight 64.81 37 57 143 
hight 64.80 29 25 55 
hight 64.78 30 36 124 
hight 64.84 32 22 47 
hight 64.77 40 36 73 
hight 64.90 27 3 7 
hight 64.92 30 15 39 
hight 64.89 19 6 6 
hight 65.03 29 8 18 
hight 65.05 15 2 5 
hight 64.87 20 13 34 
hight 65.14 28 26 63 
hight 65.18 25 6 14 
hight 65.00 825 2405 12009 
hight 65.15 26 7 11 
hight 65.19 20 11 28 
hight 65.10 21 0 0 
hight 65.22 29 1 2 
hight 65.24 12 3 4 
hight 65.17 28 13 27 
hight 65.27 20 6 17 
hight 65.12 29 6 9 
hight 65.13 23 6 11 
hight 65.16 25 0 0 
hight 65.08 27 3 5 
hight 65.26 8 4 8 
hight 65.34 34 8 16 
hight 65.25 14 5 13 
hight 65.36 32 12 28 
hight 65.35 26 19 43 
hight 65.37 31 38 105 
hight 65.32 14 14 36 
hight 65.29 20 2 5 
hight 65.28 20 10 31 
hight 65.31 20 15 56 
hight 65.33 16 9 32 
hight 65.39 27 12 27 
hight 65.38 12 16 39 
hight 65.43 23 7 19 
hight 65.41 21 16 45 
hight 65.42 21 11 26 
hight 65.48 23 10 17 
hight 65.47 23 4 6 
hight 65.51 18 4 9 
hight 65.55 28 8 10 
hight 65.46 23 5 7 
hight 65.52 22 5 6 
hight 65.53 18 11 19 
hight 65.50 20 6 13 
hight 65.59 38 32 90 
hight 65.58 35 24 75 
hight 65.60 40 26 68 
hight 65.63 41 42 170 
hight 65.64 34 31 71 
hight 65.84 45 12 23 
hight 65.95 24 3 6 
hight 66.04 41 16 29 
hight 65.94 53 24 69 
hight 66.29 19 6 9 
hight 66.12 27 3 6 
hight 66.10 30 4 5 
hight 66.11 27 4 8 
hight 65.96 33 3 4 
hight 65.93 35 4 6 
hight 66.05 46 31 74 
hight 66.09 14 0 0 
hight 66.08 30 6 10 
hight 66.02 25 1 1 
hight 66.01 39 2 3 
hight 65.99 34 9 25 
hight 66.23 23 9 14 
hight 66.22 19 1 1 
hight 66.35 10 13 18 
hight 66.17 13 7 15 
hight 66.49 15 12 32 
hight 66.53 18 25 74 
hight 66.69 1 0 0 
hight 66.47 6 1 1 
hight 66.54 6 0 0 
hight 66.57 15 12 50 
hight 66.50 4 0 0 
hight 66.38 11 1 2 
hight 66.44 4 3 4 
hight 66.46 3 2 2 
hight 66.42 10 3 4 
hight 66.39 8 5 9 
hight 66.41 15 0 0 
hight 66.40 12 6 10 
hight 66.68 1 0 0 
hight 66.70 3 0 0 
hight 66.55 4 2 8 
hight 66.67 3 0 0 
hight 66.71 1 0 0 
hight 66.73 1 0 0 
hight 66.56 12 17 40 
hight 66.59 5 0 0 
hight 66.43 5 0 0 
hight 66.33 19 3 3 
hight 66.19 15 3 3 
hight 66.24 14 6 12 
hight 66.18 10 4 6 
hight 66.27 20 4 6 
hight 66.28 15 4 4 
hight 66.34 11 0 0 
hight 66.26 21 0 0 
hight 66.20 21 8 23 
hight 66.32 16 3 4 
hight 66.30 19 8 11 
hight 66.13 17 11 24 
hight 66.31 13 0 0 
hight 66.25 12 0 0 
hight 66.36 11 4 7 
hight 66.37 9 7 15 
hight 66.16 22 3 10 
hight 66.21 23 3 4 
hight 66.48 4 3 3 
hight 66.15 18 4 6 
hight 66.14 14 3 7 
hight 66.61 14 24 86 
hight 66.58 413 1223 6084 
hight 66.62 5 13 46 
hight 66.64 4 12 48 
hight 66.60 404 1209 6040 
hight 66.51 8 5 6 
hight 66.66 3 0 0 
hight 66.45 6 2 2 
hight 65.89 49 17 44 
hight 65.86 47 20 43 
hight 65.87 27 2 2 
hight 65.92 41 12 23 
hight 65.91 37 3 5 
hight 66.03 53 12 25 
hight 65.83 33 19 58 
hight 66.00 35 13 19 
hight 65.88 39 11 19 
hight 65.90 852 2443 12172 
hight 65.85 45 36 91 
hight 65.81 39 20 33 
hight 65.79 34 21 62 
hight 65.80 33 23 50 
hight 65.76 45 18 43 
hight 65.75 45 31 80 
hight 65.78 41 13 17 
hight 65.70 27 25 49 
hight 65.71 38 25 59 
hight 65.61 29 25 62 
hight 65.74 51 29 90 
hight 65.56 35 21 84 
hight 65.65 29 34 91 
hight 65.62 38 25 60 
hight 65.66 30 20 39 
hight 65.57 27 11 28 
hight 65.54 25 14 36 
hight 65.82 36 19 61 
hight 65.97 33 20 70 
hight 65.98 26 9 14 
hight 65.77 35 19 38 
hight 65.45 14 2 2 
hight 65.40 15 2 4 
hight 65.30 17 1 2 
hight 65.21 25 14 23 
hight 65.11 24 5 9 
hight 65.07 21 3 5 
hight 65.02 35 7 12 
hight 65.20 19 4 9 
hight 65.01 38 10 14 
hight 64.99 31 7 13 
hight 65.04 18 2 6 
hight 64.95 28 10 24 
hight 64.93 28 2 6 
hight 64.96 34 7 16 
hight 64.85 23 21 49 
hight 64.86 27 8 14 
hight 64.82 22 15 21 
hight 64.88 14 3 10 
hight 64.79 33 35 80 
hight 65.23 26 1 2 
hight 65.06 23 4 9 
hight 65.44 22 5 7 
hight 65.67 34 41 131 
hight 65.68 21 23 59 
hight 65.69 31 29 63 
hight 65.72 37 35 119 
hight 65.73 52 29 43 
hight 65.49 21 3 7 
hight 64.91 31 16 36 
hight 64.94 36 15 24 
hight 64.98 28 1 3 
hight 64.97 18 3 5 
hight 64.74 29 24 52 
hight 65.09 7 2 2 
hight 66.07 20 21 53 
hight 66.06 24 18 48 
hight 64.20 9 2 2 
hight 64.11 26 32 89 
hight 64.09 26 27 79 
hight 64.15 17 12 28 
hight 64.14 23 13 42 
hight 64.19 21 21 69 
hight 63.90 58 45 144 
hight 64.00 29 19 40 
hight 63.92 52 34 82 
hight 63.93 51 29 47 
hight 63.91 45 42 94 
hight 64.03 35 11 31 
hight 64.04 23 9 14 
hight 64.02 38 21 44 
hight 64.01 37 18 35 
hight 64.10 29 7 10 
hight 64.12 14 1 1 
hight 64.13 24 16 30 
hight 64.08 24 12 29 
hight 63.85 51 40 130 
hight 63.89 41 17 31 
hight 63.87 30 21 45 
hight 63.88 45 31 69 
hight 63.86 26 10 17 
hight 63.99 26 11 26 
hight 63.76 26 27 43 
hight 63.75 18 13 49 
hight 63.78 29 28 72 
hight 63.67 837 2441 12106 
hight 63.79 17 8 18 
hight 63.70 24 16 38 
hight 63.71 26 28 63 
hight 63.69 39 39 90 
hight 63.68 34 39 121 
hight 63.59 26 7 19 
hight 63.61 41 38 116 
hight 63.51 24 8 14 
hight 63.56 36 40 131 
hight 63.18 9 2 2 
hight 63.48 18 5 8 
hight 63.77 33 33 98 
hight 63.74 37 57 231 
hight 63.72 19 31 88 
hight 63.55 27 13 28 
hight 63.54 19 15 36 
hight 63.84 41 29 68 
hight 63.83 35 32 73 
hight 63.82 835 2445 12162 
hight 63.53 14 0 0 
hight 63.10 14 10 23 
hight 63.97 39 25 56 
hight 62.99 12 10 21 
hight 63.00 11 3 4 
hight 63.02 3 0 0 
hight 62.96 5 2 2 
hight 63.01 8 3 3 
hight 64.21 8 0 0 
hight 62.97 21 30 67 
hight 63.06 13 12 19 
hight 63.05 11 16 38 
hight 62.94 11 6 12 
hight 62.93 8 3 4 
hight 62.92 6 2 2 
hight 62.98 12 1 1 
hight 62.86 6 0 0 
hight 62.95 13 8 14 
hight 62.88 2 0 0 
hight 62.85 2 0 0 
hight 62.87 5 1 1 
hight 62.82 6 0 0 
hight 62.78 2 0 0 
hight 62.81 3 0 0 
hight 62.84 3 0 0 
hight 62.80 9 0 0 
hight 62.89 9 3 7 
hight 62.77 2 0 0 
hight 62.83 2 0 0 
hight 62.91 3 4 8 
hight 62.90 8 2 4 
hight 63.03 5 7 17 
low 64.29 18 7 10 
low 64.28 24 38 162 
low 64.31 23 23 44 
low 64.27 18 12 20 
low 64.26 16 19 40 
low 64.25 10 9 19 
low 64.34 16 17 29 
low 64.35 21 11 15 
low 64.43 24 3 4 
low 64.44 25 18 39 
low 64.49 15 12 23 
low 64.42 35 14 22 
low 64.40 18 7 13 
low 64.53 13 0 0 
low 64.54 19 4 20 
low 64.56 24 13 35 
low 64.57 21 7 20 
low 64.50 14 6 7 
low 64.46 31 10 10 
low 64.52 9 2 10 
low 64.65 38 46 118 
low 64.70 39 29 75 
low 64.75 23 23 50 
low 64.72 33 25 51 
low 64.69 30 15 25 
low 64.61 33 14 25 
low 64.60 29 4 9 
low 64.62 30 9 16 
low 64.58 30 3 4 
low 64.63 28 12 24 
low 64.59 26 7 18 
low 64.68 44 36 76 
low 64.41 19 4 4 
low 64.39 24 15 21 
low 64.66 40 42 118 
low 64.64 39 49 109 
low 64.55 15 3 6 
low 64.71 23 15 38 
low 64.73 37 24 66 
low 64.48 12 6 14 
low 64.38 22 13 22 
low 64.32 21 18 27 
low 64.30 21 1 1 
low 64.24 13 6 8 
low 64.17 20 14 51 
low 64.22 20 11 21 
low 64.37 16 3 3 
low 64.36 27 13 20 
low 64.33 17 13 23 
low 64.45 9 1 1 
low 64.18 19 4 9 
low 64.23 13 2 4 
low 64.16 12 4 9 
low 63.95 33 19 54 
low 63.94 48 23 55 
low 63.96 30 31 83 
low 63.81 26 35 70 
low 63.98 34 48 141 
low 63.80 51 50 135 
low 63.73 28 33 65 
low 63.44 24 17 41 
low 63.43 33 33 60 
low 63.49 40 17 32 
low 63.40 54 65 127 
low 63.42 47 55 96 
low 63.33 35 26 53 
low 63.25 29 17 47 
low 63.24 28 8 17 
low 63.22 16 9 19 
low 63.08 23 19 30 
low 63.04 8 12 24 
low 63.07 15 15 37 
low 63.16 20 17 53 
low 63.15 19 24 61 
low 63.14 21 13 21 
low 63.20 24 16 41 
low 63.12 29 41 85 
low 63.11 14 6 6 
low 63.13 13 13 22 
low 63.09 10 8 21 
low 63.19 15 7 10 
low 63.21 13 10 17 
low 63.17 28 15 24 
low 63.37 45 30 59 
low 63.36 34 20 38 
low 63.32 37 28 58 
low 63.47 27 20 35 
low 63.52 19 11 24 
low 63.39 44 42 85 
low 63.35 45 39 62 
low 63.45 37 29 53 
low 63.46 45 32 59 
low 63.41 47 60 124 
low 63.31 45 40 84 
low 63.34 34 13 26 
low 63.30 40 9 11 
low 63.26 19 2 6 
low 63.28 32 16 30 
low 63.27 31 11 14 
low 63.23 30 6 13 
low 63.29 37 11 30 
low 63.38 42 56 119 
low 63.50 25 13 23 
low 63.57 33 27 75 
low 63.58 35 28 57 
low 63.62 38 18 41 
low 63.64 18 18 49 
low 63.65 14 2 6 
low 63.66 29 15 36 
low 63.60 22 6 13 
low 64.05 33 18 51 
low 64.07 27 4 12 
low 63.63 22 10 35 
low 64.06 32 11 17 
low 64.51 17 11 37 
low 64.83 30 20 40 
low 64.67 32 32 87 
low 64.76 20 18 50 
low 64.47 18 9 37 
low 64.81 37 57 143 
low 64.80 29 25 55 
low 64.78 30 36 124 
low 64.84 32 22 47 
low 64.77 40 36 73 
low 64.90 27 3 7 
low 64.92 30 15 39 
low 64.89 19 6 6 
low 65.03 29 8 18 
low 65.05 15 2 5 
low 64.87 20 13 34 
low 65.14 28 26 63 
low 65.18 25 6 14 
low 65.00 825 2405 12009 
low 65.15 26 7 11 
low 65.19 20 11 28 
low 65.10 21 0 0 
low 65.22 29 1 2 
low 65.24 12 3 4 
low 65.17 28 13 27 
low 65.27 20 6 17 
low 65.12 29 6 9 
low 65.13 23 6 11 
low 65.16 25 0 0 
low 65.08 27 3 5 
low 65.26 8 4 8 
low 65.34 34 8 16 
low 65.25 14 5 13 
low 65.36 32 12 28 
low 65.35 26 19 43 
low 65.37 31 38 105 
low 65.32 14 14 36 
low 65.29 20 2 5 
low 65.28 20 10 31 
low 65.31 20 15 56 
low 65.33 16 9 32 
low 65.39 27 12 27 
low 65.38 12 16 39 
low 65.43 23 7 19 
low 65.41 21 16 45 
low 65.42 21 11 26 
low 65.48 23 10 17 
low 65.47 23 4 6 
low 65.51 18 4 9 
low 65.55 28 8 10 
low 65.46 23 5 7 
low 65.52 22 5 6 
low 65.53 18 11 19 
low 65.50 20 6 13 
low 65.59 38 32 90 
low 65.58 35 24 75 
low 65.60 40 26 68 
low 65.63 41 42 170 
low 65.64 34 31 71 
low 65.84 45 12 23 
low 65.95 24 3 6 
low 66.04 41 16 29 
low 65.94 53 24 69 
low 66.29 19 6 9 
low 66.12 27 3 6 
low 66.10 30 4 5 
low 66.11 27 4 8 
low 65.96 33 3 4 
low 65.93 35 4 6 
low 66.05 46 31 74 
low 66.09 14 0 0 
low 66.08 30 6 10 
low 66.02 25 1 1 
low 66.01 39 2 3 
low 65.99 34 9 25 
low 66.23 23 9 14 
low 66.22 19 1 1 
low 66.35 10 13 18 
low 66.17 13 7 15 
low 66.49 15 12 32 
low 66.53 18 25 74 
low 66.69 1 0 0 
low 66.47 6 1 1 
low 66.54 6 0 0 
low 66.57 15 12 50 
low 66.50 4 0 0 
low 66.38 11 1 2 
low 66.44 4 3 4 
low 66.46 3 2 2 
low 66.42 10 3 4 
low 66.39 8 5 9 
low 66.41 15 0 0 
low 66.40 12 6 10 
low 66.68 1 0 0 
low 66.70 3 0 0 
low 66.55 4 2 8 
low 66.67 3 0 0 
low 66.71 1 0 0 
low 66.73 1 0 0 
low 66.56 12 17 40 
low 66.59 5 0 0 
low 66.43 5 0 0 
low 66.33 19 3 3 
low 66.19 15 3 3 
low 66.24 14 6 12 
low 66.18 10 4 6 
low 66.27 20 4 6 
low 66.28 15 4 4 
low 66.34 11 0 0 
low 66.26 21 0 0 
low 66.20 21 8 23 
low 66.32 16 3 4 
low 66.30 19 8 11 
low 66.13 17 11 24 
low 66.31 13 0 0 
low 66.25 12 0 0 
low 66.36 11 4 7 
low 66.37 9 7 15 
low 66.16 22 3 10 
low 66.21 23 3 4 
low 66.48 4 3 3 
low 66.15 18 4 6 
low 66.14 14 3 7 
low 66.61 14 24 86 
low 66.58 413 1223 6084 
low 66.62 5 13 46 
low 66.64 4 12 48 
low 66.60 404 1209 6040 
low 66.51 8 5 6 
low 66.66 3 0 0 
low 66.45 6 2 2 
low 65.89 49 17 44 
low 65.86 47 20 43 
low 65.87 27 2 2 
low 65.92 41 12 23 
low 65.91 37 3 5 
low 66.03 53 12 25 
low 65.83 33 19 58 
low 66.00 35 13 19 
low 65.88 39 11 19 
low 65.90 852 2443 12172 
low 65.85 45 36 91 
low 65.81 39 20 33 
low 65.79 34 21 62 
low 65.80 33 23 50 
low 65.76 45 18 43 
low 65.75 45 31 80 
low 65.78 41 13 17 
low 65.70 27 25 49 
low 65.71 38 25 59 
low 65.61 29 25 62 
low 65.74 51 29 90 
low 65.56 35 21 84 
low 65.65 29 34 91 
low 65.62 38 25 60 
low 65.66 30 20 39 
low 65.57 27 11 28 
low 65.54 25 14 36 
low 65.82 36 19 61 
low 65.97 33 20 70 
low 65.98 26 9 14 
low 65.77 35 19 38 
low 65.45 14 2 2 
low 65.40 15 2 4 
low 65.30 17 1 2 
low 65.21 25 14 23 
low 65.11 24 5 9 
low 65.07 21 3 5 
low 65.02 35 7 12 
low 65.20 19 4 9 
low 65.01 38 10 14 
low 64.99 31 7 13 
low 65.04 18 2 6 
low 64.95 28 10 24 
low 64.93 28 2 6 
low 64.96 34 7 16 
low 64.85 23 21 49 
low 64.86 27 8 14 
low 64.82 22 15 21 
low 64.88 14 3 10 
low 64.79 33 35 80 
low 65.23 26 1 2 
low 65.06 23 4 9 
low 65.44 22 5 7 
low 65.67 34 41 131 
low 65.68 21 23 59 
low 65.69 31 29 63 
low 65.72 37 35 119 
low 65.73 52 29 43 
low 65.49 21 3 7 
low 64.91 31 16 36 
low 64.94 36 15 24 
low 64.98 28 1 3 
low 64.97 18 3 5 
low 64.74 29 24 52 
low 65.09 7 2 2 
low 66.07 20 21 53 
low 66.06 24 18 48 
low 64.20 9 2 2 
low 64.11 26 32 89 
low 64.09 26 27 79 
low 64.15 17 12 28 
low 64.14 23 13 42 
low 64.19 21 21 69 
low 63.90 58 45 144 
low 64.00 29 19 40 
low 63.92 52 34 82 
low 63.93 51 29 47 
low 63.91 45 42 94 
low 64.03 35 11 31 
low 64.04 23 9 14 
low 64.02 38 21 44 
low 64.01 37 18 35 
low 64.10 29 7 10 
low 64.12 14 1 1 
low 64.13 24 16 30 
low 64.08 24 12 29 
low 63.85 51 40 130 
low 63.89 41 17 31 
low 63.87 30 21 45 
low 63.88 45 31 69 
low 63.86 26 10 17 
low 63.99 26 11 26 
low 63.76 26 27 43 
low 63.75 18 13 49 
low 63.78 29 28 72 
low 63.67 837 2441 12106 
low 63.79 17 8 18 
low 63.70 24 16 38 
low 63.71 26 28 63 
low 63.69 39 39 90 
low 63.68 34 39 121 
low 63.59 26 7 19 
low 63.61 41 38 116 
low 63.51 24 8 14 
low 63.56 36 40 131 
low 63.18 9 2 2 
low 63.48 18 5 8 
low 63.77 33 33 98 
low 63.74 37 57 231 
low 63.72 19 31 88 
low 63.55 27 13 28 
low 63.54 19 15 36 
low 63.84 41 29 68 
low 63.83 35 32 73 
low 63.82 835 2445 12162 
low 63.53 14 0 0 
low 63.10 14 10 23 
low 63.97 39 25 56 
low 62.99 12 10 21 
low 63.00 11 3 4 
low 63.02 3 0 0 
low 62.96 5 2 2 
low 63.01 8 3 3 
low 64.21 8 0 0 
low 62.97 21 30 67 
low 63.06 13 12 19 
low 63.05 11 16 38 
low 62.94 11 6 12 
low 62.93 8 3 4 
low 62.92 6 2 2 
low 62.98 12 1 1 
low 62.86 6 0 0 
low 62.95 13 8 14 
low 62.88 2 0 0 
low 62.85 2 0 0 
low 62.87 5 1 1 
low 62.82 6 0 0 
low 62.78 2 0 0 
low 62.81 3 0 0 
low 62.84 3 0 0 
low 62.80 9 0 0 
low 62.89 9 3 7 
low 62.77 2 0 0 
low 62.83 2 0 0 
low 62.91 3 4 8 
low 62.90 8 2 4 
low 63.03 5 7 17 
close 64.29 18 7 10 
close 64.28 24 38 162 
close 64.31 23 23 44 
close 64.27 18 12 20 
close 64.26 16 19 40 
close 64.25 10 9 19 
close 64.34 16 17 29 
close 64.35 21 11 15 
close 64.43 24 3 4 
close 64.44 25 18 39 
close 64.49 15 12 23 
close 64.42 35 14 22 
close 64.40 18 7 13 
close 64.53 13 0 0 
close 64.54 19 4 20 
close 64.56 24 13 35 
close 64.57 21 7 20 
close 64.50 14 6 7 
close 64.46 31 10 10 
close 64.52 9 2 10 
close 64.65 38 46 118 
close 64.70 39 29 75 
close 64.75 23 23 50 
close 64.72 33 25 51 
close 64.69 30 15 25 
close 64.61 33 14 25 
close 64.60 29 4 9 
close 64.62 30 9 16 
close 64.58 30 3 4 
close 64.63 28 12 24 
close 64.59 26 7 18 
close 64.68 44 36 76 
close 64.41 19 4 4 
close 64.39 24 15 21 
close 64.66 40 42 118 
close 64.64 39 49 109 
close 64.55 15 3 6 
close 64.71 23 15 38 
close 64.73 37 24 66 
close 64.48 12 6 14 
close 64.38 22 13 22 
close 64.32 21 18 27 
close 64.30 21 1 1 
close 64.24 13 6 8 
close 64.17 20 14 51 
close 64.22 20 11 21 
close 64.37 16 3 3 
close 64.36 27 13 20 
close 64.33 17 13 23 
close 64.45 9 1 1 
close 64.18 19 4 9 
close 64.23 13 2 4 
close 64.16 12 4 9 
close 63.95 33 19 54 
close 63.94 48 23 55 
close 63.96 30 31 83 
close 63.81 26 35 70 
close 63.98 34 48 141 
close 63.80 51 50 135 
close 63.73 28 33 65 
close 63.44 24 17 41 
close 63.43 33 33 60 
close 63.49 40 17 32 
close 63.40 54 65 127 
close 63.42 47 55 96 
close 63.33 35 26 53 
close 63.25 29 17 47 
close 63.24 28 8 17 
close 63.22 16 9 19 
close 63.08 23 19 30 
close 63.04 8 12 24 
close 63.07 15 15 37 
close 63.16 20 17 53 
close 63.15 19 24 61 
close 63.14 21 13 21 
close 63.20 24 16 41 
close 63.12 29 41 85 
close 63.11 14 6 6 
close 63.13 13 13 22 
close 63.09 10 8 21 
close 63.19 15 7 10 
close 63.21 13 10 17 
close 63.17 28 15 24 
close 63.37 45 30 59 
close 63.36 34 20 38 
close 63.32 37 28 58 
close 63.47 27 20 35 
close 63.52 19 11 24 
close 63.39 44 42 85 
close 63.35 45 39 62 
close 63.45 37 29 53 
close 63.46 45 32 59 
close 63.41 47 60 124 
close 63.31 45 40 84 
close 63.34 34 13 26 
close 63.30 40 9 11 
close 63.26 19 2 6 
close 63.28 32 16 30 
close 63.27 31 11 14 
close 63.23 30 6 13 
close 63.29 37 11 30 
close 63.38 42 56 119 
close 63.50 25 13 23 
close 63.57 33 27 75 
close 63.58 35 28 57 
close 63.62 38 18 41 
close 63.64 18 18 49 
close 63.65 14 2 6 
close 63.66 29 15 36 
close 63.60 22 6 13 
close 64.05 33 18 51 
close 64.07 27 4 12 
close 63.63 22 10 35 
close 64.06 32 11 17 
close 64.51 17 11 37 
close 64.83 30 20 40 
close 64.67 32 32 87 
close 64.76 20 18 50 
close 64.47 18 9 37 
close 64.81 37 57 143 
close 64.80 29 25 55 
close 64.78 30 36 124 
close 64.84 32 22 47 
close 64.77 40 36 73 
close 64.90 27 3 7 
close 64.92 30 15 39 
close 64.89 19 6 6 
close 65.03 29 8 18 
close 65.05 15 2 5 
close 64.87 20 13 34 
close 65.14 28 26 63 
close 65.18 25 6 14 
close 65.00 825 2405 12009 
close 65.15 26 7 11 
close 65.19 20 11 28 
close 65.10 21 0 0 
close 65.22 29 1 2 
close 65.24 12 3 4 
close 65.17 28 13 27 
close 65.27 20 6 17 
close 65.12 29 6 9 
close 65.13 23 6 11 
close 65.16 25 0 0 
close 65.08 27 3 5 
close 65.26 8 4 8 
close 65.34 34 8 16 
close 65.25 14 5 13 
close 65.36 32 12 28 
close 65.35 26 19 43 
close 65.37 31 38 105 
close 65.32 14 14 36 
close 65.29 20 2 5 
close 65.28 20 10 31 
close 65.31 20 15 56 
close 65.33 16 9 32 
close 65.39 27 12 27 
close 65.38 12 16 39 
close 65.43 23 7 19 
close 65.41 21 16 45 
close 65.42 21 11 26 
close 65.48 23 10 17 
close 65.47 23 4 6 
close 65.51 18 4 9 
close 65.55 28 8 10 
close 65.46 23 5 7 
close 65.52 22 5 6 
close 65.53 18 11 19 
close 65.50 20 6 13 
close 65.59 38 32 90 
close 65.58 35 24 75 
close 65.60 40 26 68 
close 65.63 41 42 170 
close 65.64 34 31 71 
close 65.84 45 12 23 
close 65.95 24 3 6 
close 66.04 41 16 29 
close 65.94 53 24 69 
close 66.29 19 6 9 
close 66.12 27 3 6 
close 66.10 30 4 5 
close 66.11 27 4 8 
close 65.96 33 3 4 
close 65.93 35 4 6 
close 66.05 46 31 74 
close 66.09 14 0 0 
close 66.08 30 6 10 
close 66.02 25 1 1 
close 66.01 39 2 3 
close 65.99 34 9 25 
close 66.23 23 9 14 
close 66.22 19 1 1 
close 66.35 10 13 18 
close 66.17 13 7 15 
close 66.49 15 12 32 
close 66.53 18 25 74 
close 66.69 1 0 0 
close 66.47 6 1 1 
close 66.54 6 0 0 
close 66.57 15 12 50 
close 66.50 4 0 0 
close 66.38 11 1 2 
close 66.44 4 3 4 
close 66.46 3 2 2 
close 66.42 10 3 4 
close 66.39 8 5 9 
close 66.41 15 0 0 
close 66.40 12 6 10 
close 66.68 1 0 0 
close 66.70 3 0 0 
close 66.55 4 2 8 
close 66.67 3 0 0 
close 66.71 1 0 0 
close 66.73 1 0 0 
close 66.56 12 17 40 
close 66.59 5 0 0 
close 66.43 5 0 0 
close 66.33 19 3 3 
close 66.19 15 3 3 
close 66.24 14 6 12 
close 66.18 10 4 6 
close 66.27 20 4 6 
close 66.28 15 4 4 
close 66.34 11 0 0 
close 66.26 21 0 0 
close 66.20 21 8 23 
close 66.32 16 3 4 
close 66.30 19 8 11 
close 66.13 17 11 24 
close 66.31 13 0 0 
close 66.25 12 0 0 
close 66.36 11 4 7 
close 66.37 9 7 15 
close 66.16 22 3 10 
close 66.21 23 3 4 
close 66.48 4 3 3 
close 66.15 18 4 6 
close 66.14 14 3 7 
close 66.61 14 24 86 
close 66.58 413 1223 6084 
close 66.62 5 13 46 
close 66.64 4 12 48 
close 66.60 404 1209 6040 
close 66.51 8 5 6 
close 66.66 3 0 0 
close 66.45 6 2 2 
close 65.89 49 17 44 
close 65.86 47 20 43 
close 65.87 27 2 2 
close 65.92 41 12 23 
close 65.91 37 3 5 
close 66.03 53 12 25 
close 65.83 33 19 58 
close 66.00 35 13 19 
close 65.88 39 11 19 
close 65.90 852 2443 12172 
close 65.85 45 36 91 
close 65.81 39 20 33 
close 65.79 34 21 62 
close 65.80 33 23 50 
close 65.76 45 18 43 
close 65.75 45 31 80 
close 65.78 41 13 17 
close 65.70 27 25 49 
close 65.71 38 25 59 
close 65.61 29 25 62 
close 65.74 51 29 90 
close 65.56 35 21 84 
close 65.65 29 34 91 
close 65.62 38 25 60 
close 65.66 30 20 39 
close 65.57 27 11 28 
close 65.54 25 14 36 
close 65.82 36 19 61 
close 65.97 33 20 70 
close 65.98 26 9 14 
close 65.77 35 19 38 
close 65.45 14 2 2 
close 65.40 15 2 4 
close 65.30 17 1 2 
close 65.21 25 14 23 
close 65.11 24 5 9 
close 65.07 21 3 5 
close 65.02 35 7 12 
close 65.20 19 4 9 
close 65.01 38 10 14 
close 64.99 31 7 13 
close 65.04 18 2 6 
close 64.95 28 10 24 
close 64.93 28 2 6 
close 64.96 34 7 16 
close 64.85 23 21 49 
close 64.86 27 8 14 
close 64.82 22 15 21 
close 64.88 14 3 10 
close 64.79 33 35 80 
close 65.23 26 1 2 
close 65.06 23 4 9 
close 65.44 22 5 7 
close 65.67 34 41 131 
close 65.68 21 23 59 
close 65.69 31 29 63 
close 65.72 37 35 119 
close 65.73 52 29 43 
close 65.49 21 3 7 
close 64.91 31 16 36 
close 64.94 36 15 24 
close 64.98 28 1 3 
close 64.97 18 3 5 
close 64.74 29 24 52 
close 65.09 7 2 2 
close 66.07 20 21 53 
close 66.06 24 18 48 
close 64.20 9 2 2 
close 64.11 26 32 89 
close 64.09 26 27 79 
close 64.15 17 12 28 
close 64.14 23 13 42 
close 64.19 21 21 69 
close 63.90 58 45 144 
close 64.00 29 19 40 
close 63.92 52 34 82 
close 63.93 51 29 47 
close 63.91 45 42 94 
close 64.03 35 11 31 
close 64.04 23 9 14 
close 64.02 38 21 44 
close 64.01 37 18 35 
close 64.10 29 7 10 
close 64.12 14 1 1 
close 64.13 24 16 30 
close 64.08 24 12 29 
close 63.85 51 40 130 
close 63.89 41 17 31 
close 63.87 30 21 45 
close 63.88 45 31 69 
close 63.86 26 10 17 
close 63.99 26 11 26 
close 63.76 26 27 43 
close 63.75 18 13 49 
close 63.78 29 28 72 
close 63.67 837 2441 12106 
close 63.79 17 8 18 
close 63.70 24 16 38 
close 63.71 26 28 63 
close 63.69 39 39 90 
close 63.68 34 39 121 
close 63.59 26 7 19 
close 63.61 41 38 116 
close 63.51 24 8 14 
close 63.56 36 40 131 
close 63.18 9 2 2 
close 63.48 18 5 8 
close 63.77 33 33 98 
close 63.74 37 57 231 
close 63.72 19 31 88 
close 63.55 27 13 28 
close 63.54 19 15 36 
close 63.84 41 29 68 
close 63.83 35 32 73 
close 63.82 835 2445 12162 
close 63.53 14 0 0 
close 63.10 14 10 23 
close 63.97 39 25 56 
close 62.99 12 10 21 
close 63.00 11 3 4 
close 63.02 3 0 0 
close 62.96 5 2 2 
close 63.01 8 3 3 
close 64.21 8 0 0 
close 62.97 21 30 67 
close 63.06 13 12 19 
close 63.05 11 16 38 
close 62.94 11 6 12 
close 62.93 8 3 4 
close 62.92 6 2 2 
close 62.98 12 1 1 
close 62.86 6 0 0 
close 62.95 13 8 14 
close 62.88 2 0 0 
close 62.85 2 0 0 
close 62.87 5 1 1 
close 62.82 6 0 0 
close 62.78 2 0 0 
close 62.81 3 0 0 
close 62.84 3 0 0 
close 62.80 9 0 0 
close 62.89 9 3 7 
close 62.77 2 0 0 
close 62.83 2 0 0 
close 62.91 3 4 8 
close 62.90 8 2 4 
close 63.03 5 7 17 
body -0.01 171 115 271 
body 0.02 1051 1074 3995 
body 0.01 1105 630 1372 
body -0.02 145 108 270 
body 0.00 4901 10076 46551 
body 0.07 133 67 117 
body 0.09 70 30 53 
body 0.06 187 59 108 
body -0.06 73 31 55 
body 0.11 45 11 18 
body 0.05 280 109 241 
body -0.04 115 74 162 
body 0.04 390 153 365 
body 0.03 579 280 619 
body -0.11 26 4 7 
body -0.09 52 16 43 
body -0.03 120 89 219 
body -0.16 12 4 12 
body 0.08 90 36 75 
body -0.12 19 4 15 
body -0.19 5 3 12 
body -0.05 95 67 129 
body -0.07 46 18 42 
body -0.29 1 0 0 
body -0.15 11 5 10 
body -0.36 2 3 8 
body -0.08 62 35 102 
body -0.14 13 6 11 
body 0.20 7 1 2 
body 0.10 53 7 15 
body 0.39 1 0 0 
body 0.25 3 0 0 
body 0.16 12 9 17 
body -0.13 15 1 2 
body -0.21 5 0 0 
body 0.23 3 0 0 
body 0.12 29 14 34 
body 0.14 13 6 8 
body -0.17 12 1 2 
body 0.24 2 1 2 
body 0.13 17 5 8 
body 0.26 1 0 0 
body 0.15 19 2 7 
body 0.17 9 0 0 
body -0.24 6 2 6 
body -0.10 38 19 27 
body -0.23 3 0 0 
body -0.22 5 0 0 
body -0.37 1 0 0 
body -0.20 6 0 0 
body -0.25 2 0 0 
body -0.28 3 0 0 
body 0.21 5 0 0 
body -0.18 3 3 13 
body -0.51 1 0 0 
body 0.30 1 0 0 
body 0.19 3 0 0 
body -0.30 1 0 0 
body 0.18 3 1 1 
body 0.37 1 0 0 
body -0.33 1 0 0 
up -0.01 171 115 271 
up 0.02 1051 1074 3995 
up 0.01 1105 630 1372 
up -0.02 145 108 270 
up 0.00 4901 10076 46551 
up 0.07 133 67 117 
up 0.09 70 30 53 
up 0.06 187 59 108 
up -0.06 73 31 55 
up 0.11 45 11 18 
up 0.05 280 109 241 
up -0.04 115 74 162 
up 0.04 390 153 365 
up 0.03 579 280 619 
up -0.11 26 4 7 
up -0.09 52 16 43 
up -0.03 120 89 219 
up -0.16 12 4 12 
up 0.08 90 36 75 
up -0.12 19 4 15 
up -0.19 5 3 12 
up -0.05 95 67 129 
up -0.07 46 18 42 
up -0.29 1 0 0 
up -0.15 11 5 10 
up -0.36 2 3 8 
up -0.08 62 35 102 
up -0.14 13 6 11 
up 0.20 7 1 2 
up 0.10 53 7 15 
up 0.39 1 0 0 
up 0.25 3 0 0 
up 0.16 12 9 17 
up -0.13 15 1 2 
up -0.21 5 0 0 
up 0.23 3 0 0 
up 0.12 29 14 34 
up 0.14 13 6 8 
up -0.17 12 1 2 
up 0.24 2 1 2 
up 0.13 17 5 8 
up 0.26 1 0 0 
up 0.15 19 2 7 
up 0.17 9 0 0 
up -0.24 6 2 6 
up -0.10 38 19 27 
up -0.23 3 0 0 
up -0.22 5 0 0 
up -0.37 1 0 0 
up -0.20 6 0 0 
up -0.25 2 0 0 
up -0.28 3 0 0 
up 0.21 5 0 0 
up -0.18 3 3 13 
up -0.51 1 0 0 
up 0.30 1 0 0 
up 0.19 3 0 0 
up -0.30 1 0 0 
up 0.18 3 1 1 
up 0.37 1 0 0 
up -0.33 1 0 0 
down -0.01 171 115 271 
down 0.02 1051 1074 3995 
down 0.01 1105 630 1372 
down -0.02 145 108 270 
down 0.00 4901 10076 46551 
down 0.07 133 67 117 
down 0.09 70 30 53 
down 0.06 187 59 108 
down -0.06 73 31 55 
down 0.11 45 11 18 
down 0.05 280 109 241 
down -0.04 115 74 162 
down 0.04 390 153 365 
down 0.03 579 280 619 
down -0.11 26 4 7 
down -0.09 52 16 43 
down -0.03 120 89 219 
down -0.16 12 4 12 
down 0.08 90 36 75 
down -0.12 19 4 15 
down -0.19 5 3 12 
down -0.05 95 67 129 
down -0.07 46 18 42 
down -0.29 1 0 0 
down -0.15 11 5 10 
down -0.36 2 3 8 
down -0.08 62 35 102 
down -0.14 13 6 11 
down 0.20 7 1 2 
down 0.10 53 7 15 
down 0.39 1 0 0 
down 0.25 3 0 0 
down 0.16 12 9 17 
down -0.13 15 1 2 
down -0.21 5 0 0 
down 0.23 3 0 0 
down 0.12 29 14 34 
down 0.14 13 6 8 
down -0.17 12 1 2 
down 0.24 2 1 2 
down 0.13 17 5 8 
down 0.26 1 0 0 
down 0.15 19 2 7 
down 0.17 9 0 0 
down -0.24 6 2 6 
down -0.10 38 19 27 
down -0.23 3 0 0 
down -0.22 5 0 0 
down -0.37 1 0 0 
down -0.20 6 0 0 
down -0.25 2 0 0 
down -0.28 3 0 0 
down 0.21 5 0 0 
down -0.18 3 3 13 
down -0.51 1 0 0 
down 0.30 1 0 0 
down 0.19 3 0 0 
down -0.30 1 0 0 
down 0.18 3 1 1 
down 0.37 1 0 0 
down -0.33 1 0 0 
