open 64.29 1 6 132 
open 63.37 1 5 156 
open 65.58 1 4 250 
open 66.58 3 17 2973 
open 65.94 1 6 208 
open 65.78 1 6 154 
open 64.47 1 6 249 
open 66.10 1 5 297 
open 65.90 3 17 3062 
open 66.04 1 5 36 
open 65.38 1 4 12 
open 65.76 1 4 10 
open 66.05 1 2 148 
open 65.00 3 18 2960 
open 64.70 1 5 150 
hight 64.75 1 6 132 
hight 65.60 1 5 156 
hight 66.73 1 4 250 
hight 66.60 2 12 2880 
hight 66.67 1 5 93 
hight 66.08 1 6 208 
hight 65.83 1 6 154 
hight 66.16 1 6 249 
hight 66.49 1 5 297 
hight 65.90 2 12 2880 
hight 66.04 1 5 182 
hight 66.20 1 5 36 
hight 65.88 1 4 12 
hight 66.31 1 4 10 
hight 66.37 1 2 148 
hight 65.00 2 12 2880 
hight 65.16 1 6 80 
hight 65.38 1 5 150 
low 63.04 1 6 132 
low 63.23 1 5 156 
low 65.55 1 4 250 
low 66.58 2 12 2880 
low 65.47 1 5 93 
low 64.73 1 6 208 
low 64.31 1 6 154 
low 64.42 1 6 249 
low 65.37 2 9 307 
low 65.90 2 12 2880 
low 65.33 1 5 182 
low 65.00 4 19 3064 
low 64.71 1 4 12 
low 64.24 2 11 230 
close 63.37 1 6 132 
close 65.58 1 5 156 
close 66.60 3 16 3130 
close 65.94 1 5 93 
close 65.78 1 6 208 
close 64.47 1 6 154 
close 66.10 1 6 249 
close 65.90 3 17 3177 
close 66.01 1 5 182 
close 65.34 1 5 36 
close 65.75 1 4 12 
close 66.03 1 4 10 
close 65.00 3 14 3028 
close 64.70 1 6 80 
close 64.33 1 5 150 
body -0.92 1 6 132 
body 2.21 1 5 156 
body 1.02 1 4 250 
body 0.02 2 12 2880 
body -0.64 1 5 93 
body -0.16 1 6 208 
body -1.31 1 6 154 
body 1.63 1 6 249 
body -0.20 1 5 297 
body 0.00 4 24 5760 
body 0.11 1 5 182 
body -0.70 1 5 36 
body 0.37 1 4 12 
body 0.27 1 4 10 
body -1.05 1 2 148 
body -0.30 1 6 80 
body -0.37 1 5 150 
up 0.46 1 6 132 
up 0.02 1 5 156 
up 0.13 2 8 262 
up 0.00 6 36 8640 
up 0.09 1 5 93 
up 0.14 1 6 208 
up 0.05 1 6 154 
up 0.06 1 6 249 
up 0.39 1 5 297 
up 0.03 1 5 182 
up 0.16 2 11 116 
up 0.28 1 4 10 
up 0.32 1 2 148 
up 0.68 1 5 150 
down 0.33 1 6 132 
down 0.14 1 5 156 
down 0.03 1 4 250 
down 0.00 7 38 8788 
down 0.47 1 5 93 
down 1.05 1 6 208 
down 0.16 1 6 154 
down 0.05 1 6 249 
down 0.53 1 5 297 
down 0.57 1 5 182 
down 0.34 1 5 36 
down 0.67 1 4 12 
down 0.39 1 4 10 
down 0.46 1 6 80 
down 0.09 1 5 150 
