open 64.30 302 0 0 
open 64.29 208 0 0 
open 64.27 199 0 0 
open 64.28 289 0 0 
open 64.31 256 0 0 
open 64.25 178 0 0 
open 64.26 385 0 0 
open 64.32 250 0 0 
open 64.33 347 0 0 
open 64.34 294 0 0 
open 64.35 335 0 0 
open 64.36 426 0 0 
open 64.37 368 0 0 
open 64.39 288 0 0 
open 64.40 297 0 0 
open 64.41 283 0 0 
open 64.44 389 0 0 
open 64.43 310 0 0 
open 64.48 241 0 0 
open 64.47 325 0 0 
open 64.46 366 0 0 
open 64.45 279 0 0 
open 64.49 294 0 0 
open 64.42 376 0 0 
open 64.50 230 0 0 
open 64.51 245 0 0 
open 64.52 265 0 0 
open 64.53 183 0 0 
open 64.54 230 0 0 
open 64.55 167 0 0 
open 64.56 224 0 0 
open 64.57 305 0 0 
open 64.58 390 0 0 
open 64.59 513 0 0 
open 64.60 617 0 0 
open 64.62 427 0 0 
open 64.63 396 0 0 
open 64.64 583 0 0 
open 64.65 420 0 0 
open 64.67 473 0 0 
open 64.69 609 0 0 
open 64.70 549 0 0 
open 64.73 530 0 0 
open 64.74 471 0 0 
open 64.75 479 0 0 
open 64.72 429 0 0 
open 64.71 349 0 0 
open 64.68 560 0 0 
open 64.66 471 0 0 
open 64.61 573 0 0 
open 64.38 337 0 0 
open 64.24 167 0 0 
open 64.23 172 0 0 
open 64.22 180 0 0 
open 64.21 202 0 0 
open 64.19 166 0 0 
open 64.20 242 0 0 
open 64.18 289 0 0 
open 64.17 301 0 0 
open 64.16 300 0 0 
open 64.12 252 0 0 
open 64.11 350 0 0 
open 64.08 434 0 0 
open 64.07 351 0 0 
open 64.06 412 0 0 
open 64.05 456 0 0 
open 64.03 619 0 0 
open 64.02 468 0 0 
open 64.00 590 0 0 
open 63.99 578 0 0 
open 63.98 505 0 0 
open 63.95 611 0 0 
open 63.94 574 0 0 
open 63.96 529 0 0 
open 63.97 615 0 0 
open 63.85 12907 0 0 
open 63.84 545 0 0 
open 63.83 580 0 0 
open 63.82 589 0 0 
open 63.87 12524 0 0 
open 63.88 670 0 0 
open 63.90 713 0 0 
open 63.89 733 0 0 
open 63.86 588 0 0 
open 63.81 500 0 0 
open 63.77 413 0 0 
open 63.74 399 0 0 
open 63.78 437 0 0 
open 63.76 406 0 0 
open 63.73 306 0 0 
open 63.75 222 0 0 
open 63.79 298 0 0 
open 63.80 416 0 0 
open 63.59 498 0 0 
open 63.60 380 0 0 
open 63.46 505 0 0 
open 63.47 389 0 0 
open 63.45 584 0 0 
open 63.44 532 0 0 
open 63.43 592 0 0 
open 63.49 433 0 0 
open 63.42 584 0 0 
open 63.40 803 0 0 
open 63.41 689 0 0 
open 63.48 319 0 0 
open 63.39 753 0 0 
open 63.37 551 0 0 
open 63.35 473 0 0 
open 63.26 428 0 0 
open 63.25 436 0 0 
open 63.31 708 0 0 
open 63.29 450 0 0 
open 63.32 657 0 0 
open 63.33 566 0 0 
open 63.27 552 0 0 
open 63.28 543 0 0 
open 63.24 328 0 0 
open 63.22 324 0 0 
open 63.16 197 0 0 
open 63.15 328 0 0 
open 63.14 310 0 0 
open 63.13 304 0 0 
open 63.12 299 0 0 
open 63.04 119 0 0 
open 63.05 148 0 0 
open 63.07 222 0 0 
open 63.08 242 0 0 
open 63.09 215 0 0 
open 63.10 222 0 0 
open 63.11 287 0 0 
open 63.17 236 0 0 
open 63.18 230 0 0 
open 63.19 322 0 0 
open 63.20 341 0 0 
open 63.21 318 0 0 
open 63.23 282 0 0 
open 63.34 551 0 0 
open 63.36 569 0 0 
open 63.38 667 0 0 
open 63.51 317 0 0 
open 63.52 329 0 0 
open 63.50 429 0 0 
open 63.30 564 0 0 
open 63.53 362 0 0 
open 63.54 350 0 0 
open 63.55 373 0 0 
open 63.56 502 0 0 
open 63.57 342 0 0 
open 63.58 513 0 0 
open 63.61 453 0 0 
open 63.63 395 0 0 
open 63.64 388 0 0 
open 63.62 539 0 0 
open 63.65 350 0 0 
open 63.66 387 0 0 
open 63.67 494 0 0 
open 63.72 322 0 0 
open 64.04 379 0 0 
open 64.09 376 0 0 
open 64.10 401 0 0 
open 64.81 571 0 0 
open 64.83 337 0 0 
open 64.77 547 0 0 
open 64.76 403 0 0 
open 64.78 372 0 0 
open 64.79 411 0 0 
open 64.80 524 0 0 
open 64.84 492 0 0 
open 64.82 321 0 0 
open 64.85 442 0 0 
open 64.86 378 0 0 
open 64.90 342 0 0 
open 64.91 374 0 0 
open 64.92 389 0 0 
open 64.89 308 0 0 
open 64.88 315 0 0 
open 64.87 377 0 0 
open 64.93 329 0 0 
open 64.94 440 0 0 
open 64.95 423 0 0 
open 64.96 464 0 0 
open 64.99 421 0 0 
open 65.00 488 0 0 
open 65.01 520 0 0 
open 65.02 483 0 0 
open 65.03 375 0 0 
open 65.05 308 0 0 
open 65.04 354 0 0 
open 65.07 359 0 0 
open 65.06 375 0 0 
open 65.14 401 0 0 
open 65.15 381 0 0 
open 65.13 370 0 0 
open 65.12 373 0 0 
open 65.18 12370 0 0 
open 65.16 477 0 0 
open 65.10 253 0 0 
open 65.11 337 0 0 
open 65.17 386 0 0 
open 65.19 439 0 0 
open 65.21 340 0 0 
open 65.20 412 0 0 
open 65.22 293 0 0 
open 65.23 250 0 0 
open 65.24 165 0 0 
open 65.25 242 0 0 
open 65.27 354 0 0 
open 65.26 184 0 0 
open 65.09 216 0 0 
open 65.08 345 0 0 
open 65.28 235 0 0 
open 65.29 221 0 0 
open 65.30 176 0 0 
open 65.32 328 0 0 
open 65.33 355 0 0 
open 65.34 458 0 0 
open 65.35 401 0 0 
open 65.36 450 0 0 
open 65.37 419 0 0 
open 65.31 271 0 0 
open 65.39 409 0 0 
open 65.38 324 0 0 
open 65.43 286 0 0 
open 65.41 344 0 0 
open 65.42 246 0 0 
open 65.40 251 0 0 
open 65.47 303 0 0 
open 65.48 234 0 0 
open 65.46 313 0 0 
open 65.49 262 0 0 
open 65.53 264 0 0 
open 65.54 389 0 0 
open 65.55 450 0 0 
open 65.52 307 0 0 
open 65.51 308 0 0 
open 65.50 251 0 0 
open 65.56 533 0 0 
open 65.57 511 0 0 
open 65.59 594 0 0 
open 65.58 544 0 0 
open 65.44 359 0 0 
open 65.45 273 0 0 
open 65.60 493 0 0 
open 65.61 526 0 0 
open 65.63 659 0 0 
open 65.64 487 0 0 
open 65.67 469 0 0 
open 65.68 367 0 0 
open 65.69 354 0 0 
open 65.66 493 0 0 
open 65.72 706 0 0 
open 65.73 612 0 0 
open 65.74 692 0 0 
open 65.78 613 0 0 
open 65.77 529 0 0 
open 65.76 593 0 0 
open 65.79 447 0 0 
open 65.83 536 0 0 
open 65.84 480 0 0 
open 65.85 12874 0 0 
open 65.87 537 0 0 
open 65.88 598 0 0 
open 65.89 536 0 0 
open 65.90 649 0 0 
open 65.91 605 0 0 
open 65.94 547 0 0 
open 65.95 456 0 0 
open 65.96 587 0 0 
open 65.97 497 0 0 
open 65.99 517 0 0 
open 66.00 567 0 0 
open 66.01 560 0 0 
open 66.02 537 0 0 
open 66.03 651 0 0 
open 65.98 498 0 0 
open 66.04 474 0 0 
open 66.05 481 0 0 
open 66.06 493 0 0 
open 66.07 304 0 0 
open 66.10 306 0 0 
open 66.11 367 0 0 
open 66.14 256 0 0 
open 66.15 263 0 0 
open 66.16 341 0 0 
open 66.20 327 0 0 
open 66.21 292 0 0 
open 66.28 346 0 0 
open 66.26 222 0 0 
open 66.25 191 0 0 
open 66.29 278 0 0 
open 66.23 308 0 0 
open 66.27 190 0 0 
open 66.24 224 0 0 
open 66.22 308 0 0 
open 66.18 274 0 0 
open 66.17 230 0 0 
open 66.13 334 0 0 
open 66.12 413 0 0 
open 66.09 287 0 0 
open 65.93 590 0 0 
open 66.08 348 0 0 
open 66.19 222 0 0 
open 66.32 208 0 0 
open 66.33 241 0 0 
open 66.34 207 0 0 
open 66.35 205 0 0 
open 66.31 288 0 0 
open 66.30 310 0 0 
open 66.38 150 0 0 
open 66.39 181 0 0 
open 66.37 145 0 0 
open 66.40 118 0 0 
open 66.36 206 0 0 
open 66.45 90 0 0 
open 66.46 90 0 0 
open 66.49 109 0 0 
open 66.48 48 0 0 
open 66.47 107 0 0 
open 66.51 76 0 0 
open 66.52 60 0 0 
open 66.60 82 0 0 
open 66.62 12106 0 0 
open 66.65 19 0 0 
open 66.69 6 0 0 
open 66.64 130 0 0 
open 66.63 22 0 0 
open 66.59 151 0 0 
open 66.58 120 0 0 
open 66.57 79 0 0 
open 66.56 115 0 0 
open 66.55 82 0 0 
open 66.53 220 0 0 
open 66.54 104 0 0 
open 66.50 135 0 0 
open 66.41 135 0 0 
open 66.42 159 0 0 
open 66.43 107 0 0 
open 66.44 58 0 0 
open 66.61 271 0 0 
open 66.67 8 0 0 
open 66.68 8 0 0 
open 66.70 25 0 0 
open 66.71 15 0 0 
open 66.72 14 0 0 
open 66.73 11 0 0 
open 66.66 24 0 0 
open 65.92 641 0 0 
open 65.86 717 0 0 
open 65.82 585 0 0 
open 65.81 723 0 0 
open 65.80 556 0 0 
open 65.75 783 0 0 
open 65.70 499 0 0 
open 65.71 518 0 0 
open 65.62 462 0 0 
open 65.65 448 0 0 
open 64.98 448 0 0 
open 64.97 401 0 0 
open 64.15 219 0 0 
open 64.13 283 0 0 
open 64.14 386 0 0 
open 63.92 645 0 0 
open 63.93 711 0 0 
open 63.91 666 0 0 
open 64.01 485 0 0 
open 63.71 372 0 0 
open 63.69 449 0 0 
open 63.70 578 0 0 
open 63.68 466 0 0 
open 63.02 82 0 0 
open 63.03 91 0 0 
open 62.99 135 0 0 
open 63.00 152 0 0 
open 63.01 109 0 0 
open 62.98 194 0 0 
open 62.96 147 0 0 
open 63.06 168 0 0 
open 62.97 246 0 0 
open 62.95 192 0 0 
open 62.94 208 0 0 
open 62.93 130 0 0 
open 62.92 82 0 0 
open 62.91 79 0 0 
open 62.86 43 0 0 
open 62.87 37 0 0 
open 62.89 88 0 0 
open 62.90 148 0 0 
open 62.88 30 0 0 
open 62.85 30 0 0 
open 62.83 113 0 0 
open 62.82 111 0 0 
open 62.80 49 0 0 
open 62.78 13 0 0 
open 62.79 23 0 0 
open 62.81 69 0 0 
open 62.84 37 0 0 
open 62.77 10 0 0 
hight 64.30 302 0 0 
hight 64.29 208 0 0 
hight 64.27 199 0 0 
hight 64.28 289 0 0 
hight 64.31 256 0 0 
hight 64.25 178 0 0 
hight 64.26 385 0 0 
hight 64.32 250 0 0 
hight 64.33 347 0 0 
hight 64.34 294 0 0 
hight 64.35 335 0 0 
hight 64.36 426 0 0 
hight 64.37 368 0 0 
hight 64.39 288 0 0 
hight 64.40 297 0 0 
hight 64.41 283 0 0 
hight 64.44 389 0 0 
hight 64.43 310 0 0 
hight 64.48 241 0 0 
hight 64.47 325 0 0 
hight 64.46 366 0 0 
hight 64.45 279 0 0 
hight 64.49 294 0 0 
hight 64.42 376 0 0 
hight 64.50 230 0 0 
hight 64.51 245 0 0 
hight 64.52 265 0 0 
hight 64.53 183 0 0 
hight 64.54 230 0 0 
hight 64.55 167 0 0 
hight 64.56 224 0 0 
hight 64.57 305 0 0 
hight 64.58 390 0 0 
hight 64.59 513 0 0 
hight 64.60 617 0 0 
hight 64.62 427 0 0 
hight 64.63 396 0 0 
hight 64.64 583 0 0 
hight 64.65 420 0 0 
hight 64.67 473 0 0 
hight 64.69 609 0 0 
hight 64.70 549 0 0 
hight 64.73 530 0 0 
hight 64.74 471 0 0 
hight 64.75 479 0 0 
hight 64.72 429 0 0 
hight 64.71 349 0 0 
hight 64.68 560 0 0 
hight 64.66 471 0 0 
hight 64.61 573 0 0 
hight 64.38 337 0 0 
hight 64.24 167 0 0 
hight 64.23 172 0 0 
hight 64.22 180 0 0 
hight 64.21 202 0 0 
hight 64.19 166 0 0 
hight 64.20 242 0 0 
hight 64.18 289 0 0 
hight 64.17 301 0 0 
hight 64.16 300 0 0 
hight 64.12 252 0 0 
hight 64.11 350 0 0 
hight 64.08 434 0 0 
hight 64.07 351 0 0 
hight 64.06 412 0 0 
hight 64.05 456 0 0 
hight 64.03 619 0 0 
hight 64.02 468 0 0 
hight 64.00 590 0 0 
hight 63.99 578 0 0 
hight 63.98 505 0 0 
hight 63.95 611 0 0 
hight 63.94 574 0 0 
hight 63.96 529 0 0 
hight 63.97 615 0 0 
hight 63.85 12907 0 0 
hight 63.84 545 0 0 
hight 63.83 580 0 0 
hight 63.82 589 0 0 
hight 63.87 12524 0 0 
hight 63.88 670 0 0 
hight 63.90 713 0 0 
hight 63.89 733 0 0 
hight 63.86 588 0 0 
hight 63.81 500 0 0 
hight 63.77 413 0 0 
hight 63.74 399 0 0 
hight 63.78 437 0 0 
hight 63.76 406 0 0 
hight 63.73 306 0 0 
hight 63.75 222 0 0 
hight 63.79 298 0 0 
hight 63.80 416 0 0 
hight 63.59 498 0 0 
hight 63.60 380 0 0 
hight 63.46 505 0 0 
hight 63.47 389 0 0 
hight 63.45 584 0 0 
hight 63.44 532 0 0 
hight 63.43 592 0 0 
hight 63.49 433 0 0 
hight 63.42 584 0 0 
hight 63.40 803 0 0 
hight 63.41 689 0 0 
hight 63.48 319 0 0 
hight 63.39 753 0 0 
hight 63.37 551 0 0 
hight 63.35 473 0 0 
hight 63.26 428 0 0 
hight 63.25 436 0 0 
hight 63.31 708 0 0 
hight 63.29 450 0 0 
hight 63.32 657 0 0 
hight 63.33 566 0 0 
hight 63.27 552 0 0 
hight 63.28 543 0 0 
hight 63.24 328 0 0 
hight 63.22 324 0 0 
hight 63.16 197 0 0 
hight 63.15 328 0 0 
hight 63.14 310 0 0 
hight 63.13 304 0 0 
hight 63.12 299 0 0 
hight 63.04 119 0 0 
hight 63.05 148 0 0 
hight 63.07 222 0 0 
hight 63.08 242 0 0 
hight 63.09 215 0 0 
hight 63.10 222 0 0 
hight 63.11 287 0 0 
hight 63.17 236 0 0 
hight 63.18 230 0 0 
hight 63.19 322 0 0 
hight 63.20 341 0 0 
hight 63.21 318 0 0 
hight 63.23 282 0 0 
hight 63.34 551 0 0 
hight 63.36 569 0 0 
hight 63.38 667 0 0 
hight 63.51 317 0 0 
hight 63.52 329 0 0 
hight 63.50 429 0 0 
hight 63.30 564 0 0 
hight 63.53 362 0 0 
hight 63.54 350 0 0 
hight 63.55 373 0 0 
hight 63.56 502 0 0 
hight 63.57 342 0 0 
hight 63.58 513 0 0 
hight 63.61 453 0 0 
hight 63.63 395 0 0 
hight 63.64 388 0 0 
hight 63.62 539 0 0 
hight 63.65 350 0 0 
hight 63.66 387 0 0 
hight 63.67 494 0 0 
hight 63.72 322 0 0 
hight 64.04 379 0 0 
hight 64.09 376 0 0 
hight 64.10 401 0 0 
hight 64.81 571 0 0 
hight 64.83 337 0 0 
hight 64.77 547 0 0 
hight 64.76 403 0 0 
hight 64.78 372 0 0 
hight 64.79 411 0 0 
hight 64.80 524 0 0 
hight 64.84 492 0 0 
hight 64.82 321 0 0 
hight 64.85 442 0 0 
hight 64.86 378 0 0 
hight 64.90 342 0 0 
hight 64.91 374 0 0 
hight 64.92 389 0 0 
hight 64.89 308 0 0 
hight 64.88 315 0 0 
hight 64.87 377 0 0 
hight 64.93 329 0 0 
hight 64.94 440 0 0 
hight 64.95 423 0 0 
hight 64.96 464 0 0 
hight 64.99 421 0 0 
hight 65.00 488 0 0 
hight 65.01 520 0 0 
hight 65.02 483 0 0 
hight 65.03 375 0 0 
hight 65.05 308 0 0 
hight 65.04 354 0 0 
hight 65.07 359 0 0 
hight 65.06 375 0 0 
hight 65.14 401 0 0 
hight 65.15 381 0 0 
hight 65.13 370 0 0 
hight 65.12 373 0 0 
hight 65.18 12370 0 0 
hight 65.16 477 0 0 
hight 65.10 253 0 0 
hight 65.11 337 0 0 
hight 65.17 386 0 0 
hight 65.19 439 0 0 
hight 65.21 340 0 0 
hight 65.20 412 0 0 
hight 65.22 293 0 0 
hight 65.23 250 0 0 
hight 65.24 165 0 0 
hight 65.25 242 0 0 
hight 65.27 354 0 0 
hight 65.26 184 0 0 
hight 65.09 216 0 0 
hight 65.08 345 0 0 
hight 65.28 235 0 0 
hight 65.29 221 0 0 
hight 65.30 176 0 0 
hight 65.32 328 0 0 
hight 65.33 355 0 0 
hight 65.34 458 0 0 
hight 65.35 401 0 0 
hight 65.36 450 0 0 
hight 65.37 419 0 0 
hight 65.31 271 0 0 
hight 65.39 409 0 0 
hight 65.38 324 0 0 
hight 65.43 286 0 0 
hight 65.41 344 0 0 
hight 65.42 246 0 0 
hight 65.40 251 0 0 
hight 65.47 303 0 0 
hight 65.48 234 0 0 
hight 65.46 313 0 0 
hight 65.49 262 0 0 
hight 65.53 264 0 0 
hight 65.54 389 0 0 
hight 65.55 450 0 0 
hight 65.52 307 0 0 
hight 65.51 308 0 0 
hight 65.50 251 0 0 
hight 65.56 533 0 0 
hight 65.57 511 0 0 
hight 65.59 594 0 0 
hight 65.58 544 0 0 
hight 65.44 359 0 0 
hight 65.45 273 0 0 
hight 65.60 493 0 0 
hight 65.61 526 0 0 
hight 65.63 659 0 0 
hight 65.64 487 0 0 
hight 65.67 469 0 0 
hight 65.68 367 0 0 
hight 65.69 354 0 0 
hight 65.66 493 0 0 
hight 65.72 706 0 0 
hight 65.73 612 0 0 
hight 65.74 692 0 0 
hight 65.78 613 0 0 
hight 65.77 529 0 0 
hight 65.76 593 0 0 
hight 65.79 447 0 0 
hight 65.83 536 0 0 
hight 65.84 480 0 0 
hight 65.85 12874 0 0 
hight 65.87 537 0 0 
hight 65.88 598 0 0 
hight 65.89 536 0 0 
hight 65.90 649 0 0 
hight 65.91 605 0 0 
hight 65.94 547 0 0 
hight 65.95 456 0 0 
hight 65.96 587 0 0 
hight 65.97 497 0 0 
hight 65.99 517 0 0 
hight 66.00 567 0 0 
hight 66.01 560 0 0 
hight 66.02 537 0 0 
hight 66.03 651 0 0 
hight 65.98 498 0 0 
hight 66.04 474 0 0 
hight 66.05 481 0 0 
hight 66.06 493 0 0 
hight 66.07 304 0 0 
hight 66.10 306 0 0 
hight 66.11 367 0 0 
hight 66.14 256 0 0 
hight 66.15 263 0 0 
hight 66.16 341 0 0 
hight 66.20 327 0 0 
hight 66.21 292 0 0 
hight 66.28 346 0 0 
hight 66.26 222 0 0 
hight 66.25 191 0 0 
hight 66.29 278 0 0 
hight 66.23 308 0 0 
hight 66.27 190 0 0 
hight 66.24 224 0 0 
hight 66.22 308 0 0 
hight 66.18 274 0 0 
hight 66.17 230 0 0 
hight 66.13 334 0 0 
hight 66.12 413 0 0 
hight 66.09 287 0 0 
hight 65.93 590 0 0 
hight 66.08 348 0 0 
hight 66.19 222 0 0 
hight 66.32 208 0 0 
hight 66.33 241 0 0 
hight 66.34 207 0 0 
hight 66.35 205 0 0 
hight 66.31 288 0 0 
hight 66.30 310 0 0 
hight 66.38 150 0 0 
hight 66.39 181 0 0 
hight 66.37 145 0 0 
hight 66.40 118 0 0 
hight 66.36 206 0 0 
hight 66.45 90 0 0 
hight 66.46 90 0 0 
hight 66.49 109 0 0 
hight 66.48 48 0 0 
hight 66.47 107 0 0 
hight 66.51 76 0 0 
hight 66.52 60 0 0 
hight 66.60 82 0 0 
hight 66.62 12106 0 0 
hight 66.65 19 0 0 
hight 66.69 6 0 0 
hight 66.64 130 0 0 
hight 66.63 22 0 0 
hight 66.59 151 0 0 
hight 66.58 120 0 0 
hight 66.57 79 0 0 
hight 66.56 115 0 0 
hight 66.55 82 0 0 
hight 66.53 220 0 0 
hight 66.54 104 0 0 
hight 66.50 135 0 0 
hight 66.41 135 0 0 
hight 66.42 159 0 0 
hight 66.43 107 0 0 
hight 66.44 58 0 0 
hight 66.61 271 0 0 
hight 66.67 8 0 0 
hight 66.68 8 0 0 
hight 66.70 25 0 0 
hight 66.71 15 0 0 
hight 66.72 14 0 0 
hight 66.73 11 0 0 
hight 66.66 24 0 0 
hight 65.92 641 0 0 
hight 65.86 717 0 0 
hight 65.82 585 0 0 
hight 65.81 723 0 0 
hight 65.80 556 0 0 
hight 65.75 783 0 0 
hight 65.70 499 0 0 
hight 65.71 518 0 0 
hight 65.62 462 0 0 
hight 65.65 448 0 0 
hight 64.98 448 0 0 
hight 64.97 401 0 0 
hight 64.15 219 0 0 
hight 64.13 283 0 0 
hight 64.14 386 0 0 
hight 63.92 645 0 0 
hight 63.93 711 0 0 
hight 63.91 666 0 0 
hight 64.01 485 0 0 
hight 63.71 372 0 0 
hight 63.69 449 0 0 
hight 63.70 578 0 0 
hight 63.68 466 0 0 
hight 63.02 82 0 0 
hight 63.03 91 0 0 
hight 62.99 135 0 0 
hight 63.00 152 0 0 
hight 63.01 109 0 0 
hight 62.98 194 0 0 
hight 62.96 147 0 0 
hight 63.06 168 0 0 
hight 62.97 246 0 0 
hight 62.95 192 0 0 
hight 62.94 208 0 0 
hight 62.93 130 0 0 
hight 62.92 82 0 0 
hight 62.91 79 0 0 
hight 62.86 43 0 0 
hight 62.87 37 0 0 
hight 62.89 88 0 0 
hight 62.90 148 0 0 
hight 62.88 30 0 0 
hight 62.85 30 0 0 
hight 62.83 113 0 0 
hight 62.82 111 0 0 
hight 62.80 49 0 0 
hight 62.78 13 0 0 
hight 62.79 23 0 0 
hight 62.81 69 0 0 
hight 62.84 37 0 0 
hight 62.77 10 0 0 
low 64.30 302 0 0 
low 64.29 208 0 0 
low 64.27 199 0 0 
low 64.28 289 0 0 
low 64.31 256 0 0 
low 64.25 178 0 0 
low 64.26 385 0 0 
low 64.32 250 0 0 
low 64.33 347 0 0 
low 64.34 294 0 0 
low 64.35 335 0 0 
low 64.36 426 0 0 
low 64.37 368 0 0 
low 64.39 288 0 0 
low 64.40 297 0 0 
low 64.41 283 0 0 
low 64.44 389 0 0 
low 64.43 310 0 0 
low 64.48 241 0 0 
low 64.47 325 0 0 
low 64.46 366 0 0 
low 64.45 279 0 0 
low 64.49 294 0 0 
low 64.42 376 0 0 
low 64.50 230 0 0 
low 64.51 245 0 0 
low 64.52 265 0 0 
low 64.53 183 0 0 
low 64.54 230 0 0 
low 64.55 167 0 0 
low 64.56 224 0 0 
low 64.57 305 0 0 
low 64.58 390 0 0 
low 64.59 513 0 0 
low 64.60 617 0 0 
low 64.62 427 0 0 
low 64.63 396 0 0 
low 64.64 583 0 0 
low 64.65 420 0 0 
low 64.67 473 0 0 
low 64.69 609 0 0 
low 64.70 549 0 0 
low 64.73 530 0 0 
low 64.74 471 0 0 
low 64.75 479 0 0 
low 64.72 429 0 0 
low 64.71 349 0 0 
low 64.68 560 0 0 
low 64.66 471 0 0 
low 64.61 573 0 0 
low 64.38 337 0 0 
low 64.24 167 0 0 
low 64.23 172 0 0 
low 64.22 180 0 0 
low 64.21 202 0 0 
low 64.19 166 0 0 
low 64.20 242 0 0 
low 64.18 289 0 0 
low 64.17 301 0 0 
low 64.16 300 0 0 
low 64.12 252 0 0 
low 64.11 350 0 0 
low 64.08 434 0 0 
low 64.07 351 0 0 
low 64.06 412 0 0 
low 64.05 456 0 0 
low 64.03 619 0 0 
low 64.02 468 0 0 
low 64.00 590 0 0 
low 63.99 578 0 0 
low 63.98 505 0 0 
low 63.95 611 0 0 
low 63.94 574 0 0 
low 63.96 529 0 0 
low 63.97 615 0 0 
low 63.85 12907 0 0 
low 63.84 545 0 0 
low 63.83 580 0 0 
low 63.82 589 0 0 
low 63.87 12524 0 0 
low 63.88 670 0 0 
low 63.90 713 0 0 
low 63.89 733 0 0 
low 63.86 588 0 0 
low 63.81 500 0 0 
low 63.77 413 0 0 
low 63.74 399 0 0 
low 63.78 437 0 0 
low 63.76 406 0 0 
low 63.73 306 0 0 
low 63.75 222 0 0 
low 63.79 298 0 0 
low 63.80 416 0 0 
low 63.59 498 0 0 
low 63.60 380 0 0 
low 63.46 505 0 0 
low 63.47 389 0 0 
low 63.45 584 0 0 
low 63.44 532 0 0 
low 63.43 592 0 0 
low 63.49 433 0 0 
low 63.42 584 0 0 
low 63.40 803 0 0 
low 63.41 689 0 0 
low 63.48 319 0 0 
low 63.39 753 0 0 
low 63.37 551 0 0 
low 63.35 473 0 0 
low 63.26 428 0 0 
low 63.25 436 0 0 
low 63.31 708 0 0 
low 63.29 450 0 0 
low 63.32 657 0 0 
low 63.33 566 0 0 
low 63.27 552 0 0 
low 63.28 543 0 0 
low 63.24 328 0 0 
low 63.22 324 0 0 
low 63.16 197 0 0 
low 63.15 328 0 0 
low 63.14 310 0 0 
low 63.13 304 0 0 
low 63.12 299 0 0 
low 63.04 119 0 0 
low 63.05 148 0 0 
low 63.07 222 0 0 
low 63.08 242 0 0 
low 63.09 215 0 0 
low 63.10 222 0 0 
low 63.11 287 0 0 
low 63.17 236 0 0 
low 63.18 230 0 0 
low 63.19 322 0 0 
low 63.20 341 0 0 
low 63.21 318 0 0 
low 63.23 282 0 0 
low 63.34 551 0 0 
low 63.36 569 0 0 
low 63.38 667 0 0 
low 63.51 317 0 0 
low 63.52 329 0 0 
low 63.50 429 0 0 
low 63.30 564 0 0 
low 63.53 362 0 0 
low 63.54 350 0 0 
low 63.55 373 0 0 
low 63.56 502 0 0 
low 63.57 342 0 0 
low 63.58 513 0 0 
low 63.61 453 0 0 
low 63.63 395 0 0 
low 63.64 388 0 0 
low 63.62 539 0 0 
low 63.65 350 0 0 
low 63.66 387 0 0 
low 63.67 494 0 0 
low 63.72 322 0 0 
low 64.04 379 0 0 
low 64.09 376 0 0 
low 64.10 401 0 0 
low 64.81 571 0 0 
low 64.83 337 0 0 
low 64.77 547 0 0 
low 64.76 403 0 0 
low 64.78 372 0 0 
low 64.79 411 0 0 
low 64.80 524 0 0 
low 64.84 492 0 0 
low 64.82 321 0 0 
low 64.85 442 0 0 
low 64.86 378 0 0 
low 64.90 342 0 0 
low 64.91 374 0 0 
low 64.92 389 0 0 
low 64.89 308 0 0 
low 64.88 315 0 0 
low 64.87 377 0 0 
low 64.93 329 0 0 
low 64.94 440 0 0 
low 64.95 423 0 0 
low 64.96 464 0 0 
low 64.99 421 0 0 
low 65.00 488 0 0 
low 65.01 520 0 0 
low 65.02 483 0 0 
low 65.03 375 0 0 
low 65.05 308 0 0 
low 65.04 354 0 0 
low 65.07 359 0 0 
low 65.06 375 0 0 
low 65.14 401 0 0 
low 65.15 381 0 0 
low 65.13 370 0 0 
low 65.12 373 0 0 
low 65.18 12370 0 0 
low 65.16 477 0 0 
low 65.10 253 0 0 
low 65.11 337 0 0 
low 65.17 386 0 0 
low 65.19 439 0 0 
low 65.21 340 0 0 
low 65.20 412 0 0 
low 65.22 293 0 0 
low 65.23 250 0 0 
low 65.24 165 0 0 
low 65.25 242 0 0 
low 65.27 354 0 0 
low 65.26 184 0 0 
low 65.09 216 0 0 
low 65.08 345 0 0 
low 65.28 235 0 0 
low 65.29 221 0 0 
low 65.30 176 0 0 
low 65.32 328 0 0 
low 65.33 355 0 0 
low 65.34 458 0 0 
low 65.35 401 0 0 
low 65.36 450 0 0 
low 65.37 419 0 0 
low 65.31 271 0 0 
low 65.39 409 0 0 
low 65.38 324 0 0 
low 65.43 286 0 0 
low 65.41 344 0 0 
low 65.42 246 0 0 
low 65.40 251 0 0 
low 65.47 303 0 0 
low 65.48 234 0 0 
low 65.46 313 0 0 
low 65.49 262 0 0 
low 65.53 264 0 0 
low 65.54 389 0 0 
low 65.55 450 0 0 
low 65.52 307 0 0 
low 65.51 308 0 0 
low 65.50 251 0 0 
low 65.56 533 0 0 
low 65.57 511 0 0 
low 65.59 594 0 0 
low 65.58 544 0 0 
low 65.44 359 0 0 
low 65.45 273 0 0 
low 65.60 493 0 0 
low 65.61 526 0 0 
low 65.63 659 0 0 
low 65.64 487 0 0 
low 65.67 469 0 0 
low 65.68 367 0 0 
low 65.69 354 0 0 
low 65.66 493 0 0 
low 65.72 706 0 0 
low 65.73 612 0 0 
low 65.74 692 0 0 
low 65.78 613 0 0 
low 65.77 529 0 0 
low 65.76 593 0 0 
low 65.79 447 0 0 
low 65.83 536 0 0 
low 65.84 480 0 0 
low 65.85 12874 0 0 
low 65.87 537 0 0 
low 65.88 598 0 0 
low 65.89 536 0 0 
low 65.90 649 0 0 
low 65.91 605 0 0 
low 65.94 547 0 0 
low 65.95 456 0 0 
low 65.96 587 0 0 
low 65.97 497 0 0 
low 65.99 517 0 0 
low 66.00 567 0 0 
low 66.01 560 0 0 
low 66.02 537 0 0 
low 66.03 651 0 0 
low 65.98 498 0 0 
low 66.04 474 0 0 
low 66.05 481 0 0 
low 66.06 493 0 0 
low 66.07 304 0 0 
low 66.10 306 0 0 
low 66.11 367 0 0 
low 66.14 256 0 0 
low 66.15 263 0 0 
low 66.16 341 0 0 
low 66.20 327 0 0 
low 66.21 292 0 0 
low 66.28 346 0 0 
low 66.26 222 0 0 
low 66.25 191 0 0 
low 66.29 278 0 0 
low 66.23 308 0 0 
low 66.27 190 0 0 
low 66.24 224 0 0 
low 66.22 308 0 0 
low 66.18 274 0 0 
low 66.17 230 0 0 
low 66.13 334 0 0 
low 66.12 413 0 0 
low 66.09 287 0 0 
low 65.93 590 0 0 
low 66.08 348 0 0 
low 66.19 222 0 0 
low 66.32 208 0 0 
low 66.33 241 0 0 
low 66.34 207 0 0 
low 66.35 205 0 0 
low 66.31 288 0 0 
low 66.30 310 0 0 
low 66.38 150 0 0 
low 66.39 181 0 0 
low 66.37 145 0 0 
low 66.40 118 0 0 
low 66.36 206 0 0 
low 66.45 90 0 0 
low 66.46 90 0 0 
low 66.49 109 0 0 
low 66.48 48 0 0 
low 66.47 107 0 0 
low 66.51 76 0 0 
low 66.52 60 0 0 
low 66.60 82 0 0 
low 66.62 12106 0 0 
low 66.65 19 0 0 
low 66.69 6 0 0 
low 66.64 130 0 0 
low 66.63 22 0 0 
low 66.59 151 0 0 
low 66.58 120 0 0 
low 66.57 79 0 0 
low 66.56 115 0 0 
low 66.55 82 0 0 
low 66.53 220 0 0 
low 66.54 104 0 0 
low 66.50 135 0 0 
low 66.41 135 0 0 
low 66.42 159 0 0 
low 66.43 107 0 0 
low 66.44 58 0 0 
low 66.61 271 0 0 
low 66.67 8 0 0 
low 66.68 8 0 0 
low 66.70 25 0 0 
low 66.71 15 0 0 
low 66.72 14 0 0 
low 66.73 11 0 0 
low 66.66 24 0 0 
low 65.92 641 0 0 
low 65.86 717 0 0 
low 65.82 585 0 0 
low 65.81 723 0 0 
low 65.80 556 0 0 
low 65.75 783 0 0 
low 65.70 499 0 0 
low 65.71 518 0 0 
low 65.62 462 0 0 
low 65.65 448 0 0 
low 64.98 448 0 0 
low 64.97 401 0 0 
low 64.15 219 0 0 
low 64.13 283 0 0 
low 64.14 386 0 0 
low 63.92 645 0 0 
low 63.93 711 0 0 
low 63.91 666 0 0 
low 64.01 485 0 0 
low 63.71 372 0 0 
low 63.69 449 0 0 
low 63.70 578 0 0 
low 63.68 466 0 0 
low 63.02 82 0 0 
low 63.03 91 0 0 
low 62.99 135 0 0 
low 63.00 152 0 0 
low 63.01 109 0 0 
low 62.98 194 0 0 
low 62.96 147 0 0 
low 63.06 168 0 0 
low 62.97 246 0 0 
low 62.95 192 0 0 
low 62.94 208 0 0 
low 62.93 130 0 0 
low 62.92 82 0 0 
low 62.91 79 0 0 
low 62.86 43 0 0 
low 62.87 37 0 0 
low 62.89 88 0 0 
low 62.90 148 0 0 
low 62.88 30 0 0 
low 62.85 30 0 0 
low 62.83 113 0 0 
low 62.82 111 0 0 
low 62.80 49 0 0 
low 62.78 13 0 0 
low 62.79 23 0 0 
low 62.81 69 0 0 
low 62.84 37 0 0 
low 62.77 10 0 0 
close 64.30 302 0 0 
close 64.29 208 0 0 
close 64.27 199 0 0 
close 64.28 289 0 0 
close 64.31 256 0 0 
close 64.25 178 0 0 
close 64.26 385 0 0 
close 64.32 250 0 0 
close 64.33 347 0 0 
close 64.34 294 0 0 
close 64.35 335 0 0 
close 64.36 426 0 0 
close 64.37 368 0 0 
close 64.39 288 0 0 
close 64.40 297 0 0 
close 64.41 283 0 0 
close 64.44 389 0 0 
close 64.43 310 0 0 
close 64.48 241 0 0 
close 64.47 325 0 0 
close 64.46 366 0 0 
close 64.45 279 0 0 
close 64.49 294 0 0 
close 64.42 376 0 0 
close 64.50 230 0 0 
close 64.51 245 0 0 
close 64.52 265 0 0 
close 64.53 183 0 0 
close 64.54 230 0 0 
close 64.55 167 0 0 
close 64.56 224 0 0 
close 64.57 305 0 0 
close 64.58 390 0 0 
close 64.59 513 0 0 
close 64.60 617 0 0 
close 64.62 427 0 0 
close 64.63 396 0 0 
close 64.64 583 0 0 
close 64.65 420 0 0 
close 64.67 473 0 0 
close 64.69 609 0 0 
close 64.70 549 0 0 
close 64.73 530 0 0 
close 64.74 471 0 0 
close 64.75 479 0 0 
close 64.72 429 0 0 
close 64.71 349 0 0 
close 64.68 560 0 0 
close 64.66 471 0 0 
close 64.61 573 0 0 
close 64.38 337 0 0 
close 64.24 167 0 0 
close 64.23 172 0 0 
close 64.22 180 0 0 
close 64.21 202 0 0 
close 64.19 166 0 0 
close 64.20 242 0 0 
close 64.18 289 0 0 
close 64.17 301 0 0 
close 64.16 300 0 0 
close 64.12 252 0 0 
close 64.11 350 0 0 
close 64.08 434 0 0 
close 64.07 351 0 0 
close 64.06 412 0 0 
close 64.05 456 0 0 
close 64.03 619 0 0 
close 64.02 468 0 0 
close 64.00 590 0 0 
close 63.99 578 0 0 
close 63.98 505 0 0 
close 63.95 611 0 0 
close 63.94 574 0 0 
close 63.96 529 0 0 
close 63.97 615 0 0 
close 63.85 12907 0 0 
close 63.84 545 0 0 
close 63.83 580 0 0 
close 63.82 589 0 0 
close 63.87 12524 0 0 
close 63.88 670 0 0 
close 63.90 713 0 0 
close 63.89 733 0 0 
close 63.86 588 0 0 
close 63.81 500 0 0 
close 63.77 413 0 0 
close 63.74 399 0 0 
close 63.78 437 0 0 
close 63.76 406 0 0 
close 63.73 306 0 0 
close 63.75 222 0 0 
close 63.79 298 0 0 
close 63.80 416 0 0 
close 63.59 498 0 0 
close 63.60 380 0 0 
close 63.46 505 0 0 
close 63.47 389 0 0 
close 63.45 584 0 0 
close 63.44 532 0 0 
close 63.43 592 0 0 
close 63.49 433 0 0 
close 63.42 584 0 0 
close 63.40 803 0 0 
close 63.41 689 0 0 
close 63.48 319 0 0 
close 63.39 753 0 0 
close 63.37 551 0 0 
close 63.35 473 0 0 
close 63.26 428 0 0 
close 63.25 436 0 0 
close 63.31 708 0 0 
close 63.29 450 0 0 
close 63.32 657 0 0 
close 63.33 566 0 0 
close 63.27 552 0 0 
close 63.28 543 0 0 
close 63.24 328 0 0 
close 63.22 324 0 0 
close 63.16 197 0 0 
close 63.15 328 0 0 
close 63.14 310 0 0 
close 63.13 304 0 0 
close 63.12 299 0 0 
close 63.04 119 0 0 
close 63.05 148 0 0 
close 63.07 222 0 0 
close 63.08 242 0 0 
close 63.09 215 0 0 
close 63.10 222 0 0 
close 63.11 287 0 0 
close 63.17 236 0 0 
close 63.18 230 0 0 
close 63.19 322 0 0 
close 63.20 341 0 0 
close 63.21 318 0 0 
close 63.23 282 0 0 
close 63.34 551 0 0 
close 63.36 569 0 0 
close 63.38 667 0 0 
close 63.51 317 0 0 
close 63.52 329 0 0 
close 63.50 429 0 0 
close 63.30 564 0 0 
close 63.53 362 0 0 
close 63.54 350 0 0 
close 63.55 373 0 0 
close 63.56 502 0 0 
close 63.57 342 0 0 
close 63.58 513 0 0 
close 63.61 453 0 0 
close 63.63 395 0 0 
close 63.64 388 0 0 
close 63.62 539 0 0 
close 63.65 350 0 0 
close 63.66 387 0 0 
close 63.67 494 0 0 
close 63.72 322 0 0 
close 64.04 379 0 0 
close 64.09 376 0 0 
close 64.10 401 0 0 
close 64.81 571 0 0 
close 64.83 337 0 0 
close 64.77 547 0 0 
close 64.76 403 0 0 
close 64.78 372 0 0 
close 64.79 411 0 0 
close 64.80 524 0 0 
close 64.84 492 0 0 
close 64.82 321 0 0 
close 64.85 442 0 0 
close 64.86 378 0 0 
close 64.90 342 0 0 
close 64.91 374 0 0 
close 64.92 389 0 0 
close 64.89 308 0 0 
close 64.88 315 0 0 
close 64.87 377 0 0 
close 64.93 329 0 0 
close 64.94 440 0 0 
close 64.95 423 0 0 
close 64.96 464 0 0 
close 64.99 421 0 0 
close 65.00 488 0 0 
close 65.01 520 0 0 
close 65.02 483 0 0 
close 65.03 375 0 0 
close 65.05 308 0 0 
close 65.04 354 0 0 
close 65.07 359 0 0 
close 65.06 375 0 0 
close 65.14 401 0 0 
close 65.15 381 0 0 
close 65.13 370 0 0 
close 65.12 373 0 0 
close 65.18 12370 0 0 
close 65.16 477 0 0 
close 65.10 253 0 0 
close 65.11 337 0 0 
close 65.17 386 0 0 
close 65.19 439 0 0 
close 65.21 340 0 0 
close 65.20 412 0 0 
close 65.22 293 0 0 
close 65.23 250 0 0 
close 65.24 165 0 0 
close 65.25 242 0 0 
close 65.27 354 0 0 
close 65.26 184 0 0 
close 65.09 216 0 0 
close 65.08 345 0 0 
close 65.28 235 0 0 
close 65.29 221 0 0 
close 65.30 176 0 0 
close 65.32 328 0 0 
close 65.33 355 0 0 
close 65.34 458 0 0 
close 65.35 401 0 0 
close 65.36 450 0 0 
close 65.37 419 0 0 
close 65.31 271 0 0 
close 65.39 409 0 0 
close 65.38 324 0 0 
close 65.43 286 0 0 
close 65.41 344 0 0 
close 65.42 246 0 0 
close 65.40 251 0 0 
close 65.47 303 0 0 
close 65.48 234 0 0 
close 65.46 313 0 0 
close 65.49 262 0 0 
close 65.53 264 0 0 
close 65.54 389 0 0 
close 65.55 450 0 0 
close 65.52 307 0 0 
close 65.51 308 0 0 
close 65.50 251 0 0 
close 65.56 533 0 0 
close 65.57 511 0 0 
close 65.59 594 0 0 
close 65.58 544 0 0 
close 65.44 359 0 0 
close 65.45 273 0 0 
close 65.60 493 0 0 
close 65.61 526 0 0 
close 65.63 659 0 0 
close 65.64 487 0 0 
close 65.67 469 0 0 
close 65.68 367 0 0 
close 65.69 354 0 0 
close 65.66 493 0 0 
close 65.72 706 0 0 
close 65.73 612 0 0 
close 65.74 692 0 0 
close 65.78 613 0 0 
close 65.77 529 0 0 
close 65.76 593 0 0 
close 65.79 447 0 0 
close 65.83 536 0 0 
close 65.84 480 0 0 
close 65.85 12874 0 0 
close 65.87 537 0 0 
close 65.88 598 0 0 
close 65.89 536 0 0 
close 65.90 649 0 0 
close 65.91 605 0 0 
close 65.94 547 0 0 
close 65.95 456 0 0 
close 65.96 587 0 0 
close 65.97 497 0 0 
close 65.99 517 0 0 
close 66.00 567 0 0 
close 66.01 560 0 0 
close 66.02 537 0 0 
close 66.03 651 0 0 
close 65.98 498 0 0 
close 66.04 474 0 0 
close 66.05 481 0 0 
close 66.06 493 0 0 
close 66.07 304 0 0 
close 66.10 306 0 0 
close 66.11 367 0 0 
close 66.14 256 0 0 
close 66.15 263 0 0 
close 66.16 341 0 0 
close 66.20 327 0 0 
close 66.21 292 0 0 
close 66.28 346 0 0 
close 66.26 222 0 0 
close 66.25 191 0 0 
close 66.29 278 0 0 
close 66.23 308 0 0 
close 66.27 190 0 0 
close 66.24 224 0 0 
close 66.22 308 0 0 
close 66.18 274 0 0 
close 66.17 230 0 0 
close 66.13 334 0 0 
close 66.12 413 0 0 
close 66.09 287 0 0 
close 65.93 590 0 0 
close 66.08 348 0 0 
close 66.19 222 0 0 
close 66.32 208 0 0 
close 66.33 241 0 0 
close 66.34 207 0 0 
close 66.35 205 0 0 
close 66.31 288 0 0 
close 66.30 310 0 0 
close 66.38 150 0 0 
close 66.39 181 0 0 
close 66.37 145 0 0 
close 66.40 118 0 0 
close 66.36 206 0 0 
close 66.45 90 0 0 
close 66.46 90 0 0 
close 66.49 109 0 0 
close 66.48 48 0 0 
close 66.47 107 0 0 
close 66.51 76 0 0 
close 66.52 60 0 0 
close 66.60 82 0 0 
close 66.62 12106 0 0 
close 66.65 19 0 0 
close 66.69 6 0 0 
close 66.64 130 0 0 
close 66.63 22 0 0 
close 66.59 151 0 0 
close 66.58 120 0 0 
close 66.57 79 0 0 
close 66.56 115 0 0 
close 66.55 82 0 0 
close 66.53 220 0 0 
close 66.54 104 0 0 
close 66.50 135 0 0 
close 66.41 135 0 0 
close 66.42 159 0 0 
close 66.43 107 0 0 
close 66.44 58 0 0 
close 66.61 271 0 0 
close 66.67 8 0 0 
close 66.68 8 0 0 
close 66.70 25 0 0 
close 66.71 15 0 0 
close 66.72 14 0 0 
close 66.73 11 0 0 
close 66.66 24 0 0 
close 65.92 641 0 0 
close 65.86 717 0 0 
close 65.82 585 0 0 
close 65.81 723 0 0 
close 65.80 556 0 0 
close 65.75 783 0 0 
close 65.70 499 0 0 
close 65.71 518 0 0 
close 65.62 462 0 0 
close 65.65 448 0 0 
close 64.98 448 0 0 
close 64.97 401 0 0 
close 64.15 219 0 0 
close 64.13 283 0 0 
close 64.14 386 0 0 
close 63.92 645 0 0 
close 63.93 711 0 0 
close 63.91 666 0 0 
close 64.01 485 0 0 
close 63.71 372 0 0 
close 63.69 449 0 0 
close 63.70 578 0 0 
close 63.68 466 0 0 
close 63.02 82 0 0 
close 63.03 91 0 0 
close 62.99 135 0 0 
close 63.00 152 0 0 
close 63.01 109 0 0 
close 62.98 194 0 0 
close 62.96 147 0 0 
close 63.06 168 0 0 
close 62.97 246 0 0 
close 62.95 192 0 0 
close 62.94 208 0 0 
close 62.93 130 0 0 
close 62.92 82 0 0 
close 62.91 79 0 0 
close 62.86 43 0 0 
close 62.87 37 0 0 
close 62.89 88 0 0 
close 62.90 148 0 0 
close 62.88 30 0 0 
close 62.85 30 0 0 
close 62.83 113 0 0 
close 62.82 111 0 0 
close 62.80 49 0 0 
close 62.78 13 0 0 
close 62.79 23 0 0 
close 62.81 69 0 0 
close 62.84 37 0 0 
close 62.77 10 0 0 
body 0.00 131792 0 0 
body -0.02 1637 0 0 
body 0.01 8665 0 0 
body -0.01 5042 0 0 
body 0.02 1965 0 0 
body 0.03 641 0 0 
body 0.05 103 0 0 
body -0.04 249 0 0 
body 0.04 263 0 0 
body -0.03 568 0 0 
body -0.06 62 0 0 
body 0.06 57 0 0 
body 0.08 10 0 0 
body -0.05 101 0 0 
body -0.08 16 0 0 
body 0.09 8 0 0 
body -0.11 4 0 0 
body 0.07 40 0 0 
body -0.09 14 0 0 
body 0.11 3 0 0 
body -0.07 29 0 0 
body -0.12 1 0 0 
body 0.10 3 0 0 
body -0.16 1 0 0 
body -0.10 7 0 0 
body -0.13 2 0 0 
body 0.12 1 0 0 
up 0.00 131792 0 0 
up -0.02 1637 0 0 
up 0.01 8665 0 0 
up -0.01 5042 0 0 
up 0.02 1965 0 0 
up 0.03 641 0 0 
up 0.05 103 0 0 
up -0.04 249 0 0 
up 0.04 263 0 0 
up -0.03 568 0 0 
up -0.06 62 0 0 
up 0.06 57 0 0 
up 0.08 10 0 0 
up -0.05 101 0 0 
up -0.08 16 0 0 
up 0.09 8 0 0 
up -0.11 4 0 0 
up 0.07 40 0 0 
up -0.09 14 0 0 
up 0.11 3 0 0 
up -0.07 29 0 0 
up -0.12 1 0 0 
up 0.10 3 0 0 
up -0.16 1 0 0 
up -0.10 7 0 0 
up -0.13 2 0 0 
up 0.12 1 0 0 
down 0.00 131792 0 0 
down -0.02 1637 0 0 
down 0.01 8665 0 0 
down -0.01 5042 0 0 
down 0.02 1965 0 0 
down 0.03 641 0 0 
down 0.05 103 0 0 
down -0.04 249 0 0 
down 0.04 263 0 0 
down -0.03 568 0 0 
down -0.06 62 0 0 
down 0.06 57 0 0 
down 0.08 10 0 0 
down -0.05 101 0 0 
down -0.08 16 0 0 
down 0.09 8 0 0 
down -0.11 4 0 0 
down 0.07 40 0 0 
down -0.09 14 0 0 
down 0.11 3 0 0 
down -0.07 29 0 0 
down -0.12 1 0 0 
down 0.10 3 0 0 
down -0.16 1 0 0 
down -0.10 7 0 0 
down -0.13 2 0 0 
down 0.12 1 0 0 
