open 64.29 50 13 13 
open 64.27 44 20 20 
open 64.30 58 14 14 
open 64.31 46 20 20 
open 64.28 79 170 170 
open 64.26 51 38 38 
open 64.25 30 7 7 
open 64.33 58 23 23 
open 64.34 59 26 26 
open 64.35 71 9 9 
open 64.39 66 15 15 
open 64.40 59 24 24 
open 64.43 64 1 1 
open 64.44 60 12 12 
open 64.46 74 9 9 
open 64.48 47 14 14 
open 64.47 63 64 64 
open 64.49 57 15 15 
open 64.45 41 2 2 
open 64.42 81 35 35 
open 64.53 35 0 0 
open 64.54 48 0 0 
open 64.57 80 16 16 
open 64.56 50 18 18 
open 64.55 30 4 4 
open 64.52 43 2 2 
open 64.50 51 5 5 
open 64.51 60 42 42 
open 64.58 80 6 6 
open 64.59 96 26 26 
open 64.62 92 16 16 
open 64.65 113 122 122 
open 64.75 73 58 58 
open 64.70 127 110 110 
open 64.69 94 30 30 
open 64.72 90 39 39 
open 64.64 109 93 93 
open 64.63 88 30 30 
open 64.61 104 15 15 
open 64.60 114 25 25 
open 64.68 105 61 61 
open 64.67 81 87 87 
open 64.41 58 6 6 
open 64.66 107 137 137 
open 64.71 76 47 47 
open 64.73 89 34 34 
open 64.38 69 28 28 
open 64.36 86 19 19 
open 64.32 42 11 11 
open 64.37 75 17 17 
open 64.24 31 9 9 
open 64.22 49 12 12 
open 64.21 43 0 0 
open 64.20 38 7 7 
open 64.17 55 34 34 
open 64.23 30 0 0 
open 64.18 57 15 15 
open 64.16 51 11 11 
open 64.06 97 34 34 
open 64.05 94 81 81 
open 63.95 101 53 53 
open 63.94 131 71 71 
open 63.96 93 48 48 
open 63.98 92 58 58 
open 63.82 2525 12189 12189 
open 63.85 151 140 140 
open 63.84 110 56 56 
open 63.81 74 22 22 
open 63.86 101 22 22 
open 63.74 108 232 232 
open 63.77 102 125 125 
open 63.73 68 62 62 
open 63.80 108 88 88 
open 63.75 58 91 91 
open 63.59 80 73 73 
open 63.60 73 22 22 
open 63.46 88 47 47 
open 63.44 87 30 30 
open 63.47 91 25 25 
open 63.43 113 42 42 
open 63.40 169 152 152 
open 63.49 106 14 14 
open 63.41 161 165 165 
open 63.48 66 3 3 
open 63.42 100 75 75 
open 63.26 86 11 11 
open 63.25 92 34 34 
open 63.32 137 61 61 
open 63.33 119 78 78 
open 63.28 95 25 25 
open 63.27 107 27 27 
open 63.24 72 4 4 
open 63.22 64 17 17 
open 63.16 49 21 21 
open 63.13 53 41 41 
open 63.08 56 47 47 
open 63.04 24 21 21 
open 63.07 32 34 34 
open 63.09 39 24 24 
open 63.12 82 89 89 
open 63.15 48 45 45 
open 63.19 49 27 27 
open 63.20 73 32 32 
open 63.18 39 6 6 
open 63.14 63 16 16 
open 63.11 53 10 10 
open 63.10 47 41 41 
open 63.21 57 30 30 
open 63.17 57 23 23 
open 63.29 97 22 22 
open 63.37 110 35 35 
open 63.36 124 59 59 
open 63.34 97 38 38 
open 63.35 100 21 21 
open 63.52 60 20 20 
open 63.45 133 90 90 
open 63.39 141 98 98 
open 63.38 132 93 93 
open 63.31 138 93 93 
open 63.30 112 17 17 
open 63.23 61 2 2 
open 63.50 76 28 28 
open 63.53 63 8 8 
open 63.57 108 114 114 
open 63.58 74 40 40 
open 63.61 98 72 72 
open 63.62 108 47 47 
open 63.64 83 68 68 
open 63.63 79 27 27 
open 63.66 74 54 54 
open 63.65 68 29 29 
open 63.72 64 108 108 
open 63.83 107 55 55 
open 64.07 71 4 4 
open 64.81 135 177 177 
open 64.83 76 15 15 
open 64.76 81 56 56 
open 64.74 94 69 69 
open 64.77 96 50 50 
open 64.78 103 149 149 
open 64.80 100 32 32 
open 64.84 89 32 32 
open 64.79 100 91 91 
open 64.82 61 13 13 
open 64.85 83 35 35 
open 64.86 67 11 11 
open 64.90 58 4 4 
open 64.92 81 43 43 
open 64.89 67 4 4 
open 64.94 85 10 10 
open 64.87 76 66 66 
open 64.95 90 37 37 
open 65.01 98 15 15 
open 65.02 101 9 9 
open 65.03 80 31 31 
open 65.05 64 0 0 
open 65.00 2487 12014 12014 
open 65.07 77 4 4 
open 65.06 84 19 19 
open 65.14 89 58 58 
open 65.18 70 3 3 
open 65.15 70 16 16 
open 65.12 83 32 32 
open 65.16 91 4 4 
open 65.10 68 2 2 
open 65.13 73 4 4 
open 65.19 89 55 55 
open 65.20 73 5 5 
open 65.21 68 6 6 
open 65.17 85 8 8 
open 65.22 62 1 1 
open 65.24 35 4 4 
open 65.23 53 0 0 
open 65.25 47 4 4 
open 65.27 49 11 11 
open 65.09 28 0 0 
open 65.08 67 8 8 
open 65.26 27 6 6 
open 65.29 45 0 0 
open 65.33 58 14 14 
open 65.34 101 30 30 
open 65.32 69 61 61 
open 65.36 84 34 34 
open 65.35 83 78 78 
open 65.37 79 51 51 
open 65.28 51 35 35 
open 65.31 61 52 52 
open 65.39 75 42 42 
open 65.38 60 20 20 
open 65.43 68 30 30 
open 65.41 70 53 53 
open 65.42 50 20 20 
open 65.40 59 16 16 
open 65.48 51 12 12 
open 65.47 70 9 9 
open 65.46 60 4 4 
open 65.55 92 10 10 
open 65.51 50 4 4 
open 65.52 66 4 4 
open 65.53 64 14 14 
open 65.50 55 3 3 
open 65.56 111 78 78 
open 65.57 97 10 10 
open 65.59 127 143 143 
open 65.54 78 13 13 
open 65.45 38 1 1 
open 65.60 101 102 102 
open 65.58 121 68 68 
open 65.63 136 197 197 
open 65.64 127 128 128 
open 65.67 76 91 91 
open 65.69 80 69 69 
open 65.68 75 38 38 
open 65.76 106 37 37 
open 65.78 140 60 60 
open 65.84 114 22 22 
open 65.89 111 55 55 
open 65.90 2559 12179 12179 
open 65.87 106 18 18 
open 65.91 130 2 2 
open 65.95 79 15 15 
open 66.02 101 14 14 
open 66.03 131 24 24 
open 66.00 120 22 22 
open 66.01 120 16 16 
open 66.04 93 20 20 
open 65.94 116 72 72 
open 66.06 86 42 42 
open 66.05 119 55 55 
open 66.15 57 7 7 
open 66.16 69 18 18 
open 66.29 57 5 5 
open 66.24 55 6 6 
open 66.23 67 6 6 
open 66.25 35 0 0 
open 66.13 69 21 21 
open 66.28 71 16 16 
open 66.12 78 10 10 
open 66.14 54 4 4 
open 66.10 67 3 3 
open 66.11 60 10 10 
open 65.98 94 19 19 
open 65.93 118 6 6 
open 65.96 131 28 28 
open 66.09 58 15 15 
open 66.08 69 2 2 
open 66.07 69 71 71 
open 65.99 94 28 28 
open 66.22 43 1 1 
open 66.17 48 22 22 
open 66.32 46 6 6 
open 66.33 47 2 2 
open 66.35 35 6 6 
open 66.21 62 1 1 
open 66.31 54 9 9 
open 66.40 27 6 6 
open 66.30 58 8 8 
open 66.49 35 6 6 
open 66.36 49 5 5 
open 66.60 1220 6042 6042 
open 66.47 20 12 12 
open 66.62 17 38 38 
open 66.59 24 13 13 
open 66.69 1 0 0 
open 66.53 66 132 132 
open 66.54 21 3 3 
open 66.55 18 18 18 
open 66.50 6 0 0 
open 66.57 41 81 81 
open 66.41 36 2 2 
open 66.38 30 4 4 
open 66.43 18 1 1 
open 66.44 11 1 1 
open 66.52 6 0 0 
open 66.45 19 0 0 
open 66.46 16 3 3 
open 66.42 31 8 8 
open 66.39 30 3 3 
open 66.56 20 7 7 
open 66.58 1227 6048 6048 
open 66.67 5 0 0 
open 66.68 4 0 0 
open 66.70 3 0 0 
open 66.71 5 0 0 
open 66.72 3 0 0 
open 66.73 1 0 0 
open 66.51 15 8 8 
open 66.27 45 4 4 
open 66.26 38 0 0 
open 66.19 41 3 3 
open 66.18 61 7 7 
open 66.34 36 2 2 
open 66.20 54 6 6 
open 66.37 31 24 24 
open 66.48 6 3 3 
open 66.61 43 88 88 
open 66.64 16 24 24 
open 66.66 7 0 0 
open 65.88 112 26 26 
open 65.86 133 18 18 
open 65.92 127 15 15 
open 65.97 90 21 21 
open 65.85 143 74 74 
open 65.83 108 44 44 
open 65.82 130 49 49 
open 65.79 90 41 41 
open 65.81 133 39 39 
open 65.80 103 39 39 
open 65.75 156 103 103 
open 65.77 104 23 23 
open 65.73 115 19 19 
open 65.72 131 151 151 
open 65.70 107 51 51 
open 65.71 100 36 36 
open 65.74 158 125 125 
open 65.61 86 39 39 
open 65.62 89 24 24 
open 65.65 63 77 77 
open 65.66 88 61 61 
open 65.49 50 0 0 
open 65.30 52 4 4 
open 65.11 54 6 6 
open 65.04 62 6 6 
open 64.99 83 13 13 
open 64.98 97 4 4 
open 64.93 63 0 0 
open 64.96 100 10 10 
open 64.88 63 30 30 
open 64.91 69 8 8 
open 64.97 78 3 3 
open 65.44 72 23 23 
open 64.19 63 65 65 
open 64.11 52 63 63 
open 64.09 80 47 47 
open 64.15 54 28 28 
open 64.12 60 29 29 
open 64.08 78 56 56 
open 64.14 60 54 54 
open 64.10 95 47 47 
open 64.03 114 45 45 
open 63.90 170 147 147 
open 63.99 110 47 47 
open 64.00 111 41 41 
open 63.92 147 87 87 
open 63.93 144 57 57 
open 63.91 129 74 74 
open 64.01 96 24 24 
open 64.04 82 15 15 
open 64.02 102 29 29 
open 64.13 52 11 11 
open 63.88 130 54 54 
open 63.87 96 38 38 
open 63.89 140 57 57 
open 63.78 102 61 61 
open 63.76 76 35 35 
open 63.67 2503 12107 12107 
open 63.79 55 21 21 
open 63.68 104 98 98 
open 63.70 89 64 64 
open 63.71 86 70 70 
open 63.69 88 49 49 
open 63.54 59 24 24 
open 63.51 71 17 17 
open 63.56 114 118 118 
open 63.55 64 5 5 
open 63.97 114 116 116 
open 63.02 17 4 4 
open 63.03 24 26 26 
open 62.99 27 5 5 
open 63.00 28 3 3 
open 62.98 45 12 12 
open 62.96 20 1 1 
open 63.01 19 1 1 
open 62.97 63 65 65 
open 63.06 36 20 20 
open 63.05 27 19 19 
open 62.94 29 11 11 
open 62.93 29 8 8 
open 62.92 15 3 3 
open 62.86 13 0 0 
open 62.87 13 1 1 
open 62.89 16 8 8 
open 62.91 10 0 0 
open 62.90 35 7 7 
open 62.95 38 15 15 
open 62.88 4 0 0 
open 62.85 4 0 0 
open 62.80 17 0 0 
open 62.83 21 0 0 
open 62.78 2 0 0 
open 62.82 26 0 0 
open 62.81 10 0 0 
open 62.84 7 0 0 
open 62.79 2 0 0 
open 62.77 2 0 0 
hight 64.29 50 13 13 
hight 64.27 44 20 20 
hight 64.30 58 14 14 
hight 64.31 46 20 20 
hight 64.28 79 170 170 
hight 64.26 51 38 38 
hight 64.25 30 7 7 
hight 64.33 58 23 23 
hight 64.34 59 26 26 
hight 64.35 71 9 9 
hight 64.39 66 15 15 
hight 64.40 59 24 24 
hight 64.43 64 1 1 
hight 64.44 60 12 12 
hight 64.46 74 9 9 
hight 64.48 47 14 14 
hight 64.47 63 64 64 
hight 64.49 57 15 15 
hight 64.45 41 2 2 
hight 64.42 81 35 35 
hight 64.53 35 0 0 
hight 64.54 48 0 0 
hight 64.57 80 16 16 
hight 64.56 50 18 18 
hight 64.55 30 4 4 
hight 64.52 43 2 2 
hight 64.50 51 5 5 
hight 64.51 60 42 42 
hight 64.58 80 6 6 
hight 64.59 96 26 26 
hight 64.62 92 16 16 
hight 64.65 113 122 122 
hight 64.75 73 58 58 
hight 64.70 127 110 110 
hight 64.69 94 30 30 
hight 64.72 90 39 39 
hight 64.64 109 93 93 
hight 64.63 88 30 30 
hight 64.61 104 15 15 
hight 64.60 114 25 25 
hight 64.68 105 61 61 
hight 64.67 81 87 87 
hight 64.41 58 6 6 
hight 64.66 107 137 137 
hight 64.71 76 47 47 
hight 64.73 89 34 34 
hight 64.38 69 28 28 
hight 64.36 86 19 19 
hight 64.32 42 11 11 
hight 64.37 75 17 17 
hight 64.24 31 9 9 
hight 64.22 49 12 12 
hight 64.21 43 0 0 
hight 64.20 38 7 7 
hight 64.17 55 34 34 
hight 64.23 30 0 0 
hight 64.18 57 15 15 
hight 64.16 51 11 11 
hight 64.06 97 34 34 
hight 64.05 94 81 81 
hight 63.95 101 53 53 
hight 63.94 131 71 71 
hight 63.96 93 48 48 
hight 63.98 92 58 58 
hight 63.82 2525 12189 12189 
hight 63.85 151 140 140 
hight 63.84 110 56 56 
hight 63.81 74 22 22 
hight 63.86 101 22 22 
hight 63.74 108 232 232 
hight 63.77 102 125 125 
hight 63.73 68 62 62 
hight 63.80 108 88 88 
hight 63.75 58 91 91 
hight 63.59 80 73 73 
hight 63.60 73 22 22 
hight 63.46 88 47 47 
hight 63.44 87 30 30 
hight 63.47 91 25 25 
hight 63.43 113 42 42 
hight 63.40 169 152 152 
hight 63.49 106 14 14 
hight 63.41 161 165 165 
hight 63.48 66 3 3 
hight 63.42 100 75 75 
hight 63.26 86 11 11 
hight 63.25 92 34 34 
hight 63.32 137 61 61 
hight 63.33 119 78 78 
hight 63.28 95 25 25 
hight 63.27 107 27 27 
hight 63.24 72 4 4 
hight 63.22 64 17 17 
hight 63.16 49 21 21 
hight 63.13 53 41 41 
hight 63.08 56 47 47 
hight 63.04 24 21 21 
hight 63.07 32 34 34 
hight 63.09 39 24 24 
hight 63.12 82 89 89 
hight 63.15 48 45 45 
hight 63.19 49 27 27 
hight 63.20 73 32 32 
hight 63.18 39 6 6 
hight 63.14 63 16 16 
hight 63.11 53 10 10 
hight 63.10 47 41 41 
hight 63.21 57 30 30 
hight 63.17 57 23 23 
hight 63.29 97 22 22 
hight 63.37 110 35 35 
hight 63.36 124 59 59 
hight 63.34 97 38 38 
hight 63.35 100 21 21 
hight 63.52 60 20 20 
hight 63.45 133 90 90 
hight 63.39 141 98 98 
hight 63.38 132 93 93 
hight 63.31 138 93 93 
hight 63.30 112 17 17 
hight 63.23 61 2 2 
hight 63.50 76 28 28 
hight 63.53 63 8 8 
hight 63.57 108 114 114 
hight 63.58 74 40 40 
hight 63.61 98 72 72 
hight 63.62 108 47 47 
hight 63.64 83 68 68 
hight 63.63 79 27 27 
hight 63.66 74 54 54 
hight 63.65 68 29 29 
hight 63.72 64 108 108 
hight 63.83 107 55 55 
hight 64.07 71 4 4 
hight 64.81 135 177 177 
hight 64.83 76 15 15 
hight 64.76 81 56 56 
hight 64.74 94 69 69 
hight 64.77 96 50 50 
hight 64.78 103 149 149 
hight 64.80 100 32 32 
hight 64.84 89 32 32 
hight 64.79 100 91 91 
hight 64.82 61 13 13 
hight 64.85 83 35 35 
hight 64.86 67 11 11 
hight 64.90 58 4 4 
hight 64.92 81 43 43 
hight 64.89 67 4 4 
hight 64.94 85 10 10 
hight 64.87 76 66 66 
hight 64.95 90 37 37 
hight 65.01 98 15 15 
hight 65.02 101 9 9 
hight 65.03 80 31 31 
hight 65.05 64 0 0 
hight 65.00 2487 12014 12014 
hight 65.07 77 4 4 
hight 65.06 84 19 19 
hight 65.14 89 58 58 
hight 65.18 70 3 3 
hight 65.15 70 16 16 
hight 65.12 83 32 32 
hight 65.16 91 4 4 
hight 65.10 68 2 2 
hight 65.13 73 4 4 
hight 65.19 89 55 55 
hight 65.20 73 5 5 
hight 65.21 68 6 6 
hight 65.17 85 8 8 
hight 65.22 62 1 1 
hight 65.24 35 4 4 
hight 65.23 53 0 0 
hight 65.25 47 4 4 
hight 65.27 49 11 11 
hight 65.09 28 0 0 
hight 65.08 67 8 8 
hight 65.26 27 6 6 
hight 65.29 45 0 0 
hight 65.33 58 14 14 
hight 65.34 101 30 30 
hight 65.32 69 61 61 
hight 65.36 84 34 34 
hight 65.35 83 78 78 
hight 65.37 79 51 51 
hight 65.28 51 35 35 
hight 65.31 61 52 52 
hight 65.39 75 42 42 
hight 65.38 60 20 20 
hight 65.43 68 30 30 
hight 65.41 70 53 53 
hight 65.42 50 20 20 
hight 65.40 59 16 16 
hight 65.48 51 12 12 
hight 65.47 70 9 9 
hight 65.46 60 4 4 
hight 65.55 92 10 10 
hight 65.51 50 4 4 
hight 65.52 66 4 4 
hight 65.53 64 14 14 
hight 65.50 55 3 3 
hight 65.56 111 78 78 
hight 65.57 97 10 10 
hight 65.59 127 143 143 
hight 65.54 78 13 13 
hight 65.45 38 1 1 
hight 65.60 101 102 102 
hight 65.58 121 68 68 
hight 65.63 136 197 197 
hight 65.64 127 128 128 
hight 65.67 76 91 91 
hight 65.69 80 69 69 
hight 65.68 75 38 38 
hight 65.76 106 37 37 
hight 65.78 140 60 60 
hight 65.84 114 22 22 
hight 65.89 111 55 55 
hight 65.90 2559 12179 12179 
hight 65.87 106 18 18 
hight 65.91 130 2 2 
hight 65.95 79 15 15 
hight 66.02 101 14 14 
hight 66.03 131 24 24 
hight 66.00 120 22 22 
hight 66.01 120 16 16 
hight 66.04 93 20 20 
hight 65.94 116 72 72 
hight 66.06 86 42 42 
hight 66.05 119 55 55 
hight 66.15 57 7 7 
hight 66.16 69 18 18 
hight 66.29 57 5 5 
hight 66.24 55 6 6 
hight 66.23 67 6 6 
hight 66.25 35 0 0 
hight 66.13 69 21 21 
hight 66.28 71 16 16 
hight 66.12 78 10 10 
hight 66.14 54 4 4 
hight 66.10 67 3 3 
hight 66.11 60 10 10 
hight 65.98 94 19 19 
hight 65.93 118 6 6 
hight 65.96 131 28 28 
hight 66.09 58 15 15 
hight 66.08 69 2 2 
hight 66.07 69 71 71 
hight 65.99 94 28 28 
hight 66.22 43 1 1 
hight 66.17 48 22 22 
hight 66.32 46 6 6 
hight 66.33 47 2 2 
hight 66.35 35 6 6 
hight 66.21 62 1 1 
hight 66.31 54 9 9 
hight 66.40 27 6 6 
hight 66.30 58 8 8 
hight 66.49 35 6 6 
hight 66.36 49 5 5 
hight 66.60 1220 6042 6042 
hight 66.47 20 12 12 
hight 66.62 17 38 38 
hight 66.59 24 13 13 
hight 66.69 1 0 0 
hight 66.53 66 132 132 
hight 66.54 21 3 3 
hight 66.55 18 18 18 
hight 66.50 6 0 0 
hight 66.57 41 81 81 
hight 66.41 36 2 2 
hight 66.38 30 4 4 
hight 66.43 18 1 1 
hight 66.44 11 1 1 
hight 66.52 6 0 0 
hight 66.45 19 0 0 
hight 66.46 16 3 3 
hight 66.42 31 8 8 
hight 66.39 30 3 3 
hight 66.56 20 7 7 
hight 66.58 1227 6048 6048 
hight 66.67 5 0 0 
hight 66.68 4 0 0 
hight 66.70 3 0 0 
hight 66.71 5 0 0 
hight 66.72 3 0 0 
hight 66.73 1 0 0 
hight 66.51 15 8 8 
hight 66.27 45 4 4 
hight 66.26 38 0 0 
hight 66.19 41 3 3 
hight 66.18 61 7 7 
hight 66.34 36 2 2 
hight 66.20 54 6 6 
hight 66.37 31 24 24 
hight 66.48 6 3 3 
hight 66.61 43 88 88 
hight 66.64 16 24 24 
hight 66.66 7 0 0 
hight 65.88 112 26 26 
hight 65.86 133 18 18 
hight 65.92 127 15 15 
hight 65.97 90 21 21 
hight 65.85 143 74 74 
hight 65.83 108 44 44 
hight 65.82 130 49 49 
hight 65.79 90 41 41 
hight 65.81 133 39 39 
hight 65.80 103 39 39 
hight 65.75 156 103 103 
hight 65.77 104 23 23 
hight 65.73 115 19 19 
hight 65.72 131 151 151 
hight 65.70 107 51 51 
hight 65.71 100 36 36 
hight 65.74 158 125 125 
hight 65.61 86 39 39 
hight 65.62 89 24 24 
hight 65.65 63 77 77 
hight 65.66 88 61 61 
hight 65.49 50 0 0 
hight 65.30 52 4 4 
hight 65.11 54 6 6 
hight 65.04 62 6 6 
hight 64.99 83 13 13 
hight 64.98 97 4 4 
hight 64.93 63 0 0 
hight 64.96 100 10 10 
hight 64.88 63 30 30 
hight 64.91 69 8 8 
hight 64.97 78 3 3 
hight 65.44 72 23 23 
hight 64.19 63 65 65 
hight 64.11 52 63 63 
hight 64.09 80 47 47 
hight 64.15 54 28 28 
hight 64.12 60 29 29 
hight 64.08 78 56 56 
hight 64.14 60 54 54 
hight 64.10 95 47 47 
hight 64.03 114 45 45 
hight 63.90 170 147 147 
hight 63.99 110 47 47 
hight 64.00 111 41 41 
hight 63.92 147 87 87 
hight 63.93 144 57 57 
hight 63.91 129 74 74 
hight 64.01 96 24 24 
hight 64.04 82 15 15 
hight 64.02 102 29 29 
hight 64.13 52 11 11 
hight 63.88 130 54 54 
hight 63.87 96 38 38 
hight 63.89 140 57 57 
hight 63.78 102 61 61 
hight 63.76 76 35 35 
hight 63.67 2503 12107 12107 
hight 63.79 55 21 21 
hight 63.68 104 98 98 
hight 63.70 89 64 64 
hight 63.71 86 70 70 
hight 63.69 88 49 49 
hight 63.54 59 24 24 
hight 63.51 71 17 17 
hight 63.56 114 118 118 
hight 63.55 64 5 5 
hight 63.97 114 116 116 
hight 63.02 17 4 4 
hight 63.03 24 26 26 
hight 62.99 27 5 5 
hight 63.00 28 3 3 
hight 62.98 45 12 12 
hight 62.96 20 1 1 
hight 63.01 19 1 1 
hight 62.97 63 65 65 
hight 63.06 36 20 20 
hight 63.05 27 19 19 
hight 62.94 29 11 11 
hight 62.93 29 8 8 
hight 62.92 15 3 3 
hight 62.86 13 0 0 
hight 62.87 13 1 1 
hight 62.89 16 8 8 
hight 62.91 10 0 0 
hight 62.90 35 7 7 
hight 62.95 38 15 15 
hight 62.88 4 0 0 
hight 62.85 4 0 0 
hight 62.80 17 0 0 
hight 62.83 21 0 0 
hight 62.78 2 0 0 
hight 62.82 26 0 0 
hight 62.81 10 0 0 
hight 62.84 7 0 0 
hight 62.79 2 0 0 
hight 62.77 2 0 0 
low 64.29 50 13 13 
low 64.27 44 20 20 
low 64.30 58 14 14 
low 64.31 46 20 20 
low 64.28 79 170 170 
low 64.26 51 38 38 
low 64.25 30 7 7 
low 64.33 58 23 23 
low 64.34 59 26 26 
low 64.35 71 9 9 
low 64.39 66 15 15 
low 64.40 59 24 24 
low 64.43 64 1 1 
low 64.44 60 12 12 
low 64.46 74 9 9 
low 64.48 47 14 14 
low 64.47 63 64 64 
low 64.49 57 15 15 
low 64.45 41 2 2 
low 64.42 81 35 35 
low 64.53 35 0 0 
low 64.54 48 0 0 
low 64.57 80 16 16 
low 64.56 50 18 18 
low 64.55 30 4 4 
low 64.52 43 2 2 
low 64.50 51 5 5 
low 64.51 60 42 42 
low 64.58 80 6 6 
low 64.59 96 26 26 
low 64.62 92 16 16 
low 64.65 113 122 122 
low 64.75 73 58 58 
low 64.70 127 110 110 
low 64.69 94 30 30 
low 64.72 90 39 39 
low 64.64 109 93 93 
low 64.63 88 30 30 
low 64.61 104 15 15 
low 64.60 114 25 25 
low 64.68 105 61 61 
low 64.67 81 87 87 
low 64.41 58 6 6 
low 64.66 107 137 137 
low 64.71 76 47 47 
low 64.73 89 34 34 
low 64.38 69 28 28 
low 64.36 86 19 19 
low 64.32 42 11 11 
low 64.37 75 17 17 
low 64.24 31 9 9 
low 64.22 49 12 12 
low 64.21 43 0 0 
low 64.20 38 7 7 
low 64.17 55 34 34 
low 64.23 30 0 0 
low 64.18 57 15 15 
low 64.16 51 11 11 
low 64.06 97 34 34 
low 64.05 94 81 81 
low 63.95 101 53 53 
low 63.94 131 71 71 
low 63.96 93 48 48 
low 63.98 92 58 58 
low 63.82 2525 12189 12189 
low 63.85 151 140 140 
low 63.84 110 56 56 
low 63.81 74 22 22 
low 63.86 101 22 22 
low 63.74 108 232 232 
low 63.77 102 125 125 
low 63.73 68 62 62 
low 63.80 108 88 88 
low 63.75 58 91 91 
low 63.59 80 73 73 
low 63.60 73 22 22 
low 63.46 88 47 47 
low 63.44 87 30 30 
low 63.47 91 25 25 
low 63.43 113 42 42 
low 63.40 169 152 152 
low 63.49 106 14 14 
low 63.41 161 165 165 
low 63.48 66 3 3 
low 63.42 100 75 75 
low 63.26 86 11 11 
low 63.25 92 34 34 
low 63.32 137 61 61 
low 63.33 119 78 78 
low 63.28 95 25 25 
low 63.27 107 27 27 
low 63.24 72 4 4 
low 63.22 64 17 17 
low 63.16 49 21 21 
low 63.13 53 41 41 
low 63.08 56 47 47 
low 63.04 24 21 21 
low 63.07 32 34 34 
low 63.09 39 24 24 
low 63.12 82 89 89 
low 63.15 48 45 45 
low 63.19 49 27 27 
low 63.20 73 32 32 
low 63.18 39 6 6 
low 63.14 63 16 16 
low 63.11 53 10 10 
low 63.10 47 41 41 
low 63.21 57 30 30 
low 63.17 57 23 23 
low 63.29 97 22 22 
low 63.37 110 35 35 
low 63.36 124 59 59 
low 63.34 97 38 38 
low 63.35 100 21 21 
low 63.52 60 20 20 
low 63.45 133 90 90 
low 63.39 141 98 98 
low 63.38 132 93 93 
low 63.31 138 93 93 
low 63.30 112 17 17 
low 63.23 61 2 2 
low 63.50 76 28 28 
low 63.53 63 8 8 
low 63.57 108 114 114 
low 63.58 74 40 40 
low 63.61 98 72 72 
low 63.62 108 47 47 
low 63.64 83 68 68 
low 63.63 79 27 27 
low 63.66 74 54 54 
low 63.65 68 29 29 
low 63.72 64 108 108 
low 63.83 107 55 55 
low 64.07 71 4 4 
low 64.81 135 177 177 
low 64.83 76 15 15 
low 64.76 81 56 56 
low 64.74 94 69 69 
low 64.77 96 50 50 
low 64.78 103 149 149 
low 64.80 100 32 32 
low 64.84 89 32 32 
low 64.79 100 91 91 
low 64.82 61 13 13 
low 64.85 83 35 35 
low 64.86 67 11 11 
low 64.90 58 4 4 
low 64.92 81 43 43 
low 64.89 67 4 4 
low 64.94 85 10 10 
low 64.87 76 66 66 
low 64.95 90 37 37 
low 65.01 98 15 15 
low 65.02 101 9 9 
low 65.03 80 31 31 
low 65.05 64 0 0 
low 65.00 2487 12014 12014 
low 65.07 77 4 4 
low 65.06 84 19 19 
low 65.14 89 58 58 
low 65.18 70 3 3 
low 65.15 70 16 16 
low 65.12 83 32 32 
low 65.16 91 4 4 
low 65.10 68 2 2 
low 65.13 73 4 4 
low 65.19 89 55 55 
low 65.20 73 5 5 
low 65.21 68 6 6 
low 65.17 85 8 8 
low 65.22 62 1 1 
low 65.24 35 4 4 
low 65.23 53 0 0 
low 65.25 47 4 4 
low 65.27 49 11 11 
low 65.09 28 0 0 
low 65.08 67 8 8 
low 65.26 27 6 6 
low 65.29 45 0 0 
low 65.33 58 14 14 
low 65.34 101 30 30 
low 65.32 69 61 61 
low 65.36 84 34 34 
low 65.35 83 78 78 
low 65.37 79 51 51 
low 65.28 51 35 35 
low 65.31 61 52 52 
low 65.39 75 42 42 
low 65.38 60 20 20 
low 65.43 68 30 30 
low 65.41 70 53 53 
low 65.42 50 20 20 
low 65.40 59 16 16 
low 65.48 51 12 12 
low 65.47 70 9 9 
low 65.46 60 4 4 
low 65.55 92 10 10 
low 65.51 50 4 4 
low 65.52 66 4 4 
low 65.53 64 14 14 
low 65.50 55 3 3 
low 65.56 111 78 78 
low 65.57 97 10 10 
low 65.59 127 143 143 
low 65.54 78 13 13 
low 65.45 38 1 1 
low 65.60 101 102 102 
low 65.58 121 68 68 
low 65.63 136 197 197 
low 65.64 127 128 128 
low 65.67 76 91 91 
low 65.69 80 69 69 
low 65.68 75 38 38 
low 65.76 106 37 37 
low 65.78 140 60 60 
low 65.84 114 22 22 
low 65.89 111 55 55 
low 65.90 2559 12179 12179 
low 65.87 106 18 18 
low 65.91 130 2 2 
low 65.95 79 15 15 
low 66.02 101 14 14 
low 66.03 131 24 24 
low 66.00 120 22 22 
low 66.01 120 16 16 
low 66.04 93 20 20 
low 65.94 116 72 72 
low 66.06 86 42 42 
low 66.05 119 55 55 
low 66.15 57 7 7 
low 66.16 69 18 18 
low 66.29 57 5 5 
low 66.24 55 6 6 
low 66.23 67 6 6 
low 66.25 35 0 0 
low 66.13 69 21 21 
low 66.28 71 16 16 
low 66.12 78 10 10 
low 66.14 54 4 4 
low 66.10 67 3 3 
low 66.11 60 10 10 
low 65.98 94 19 19 
low 65.93 118 6 6 
low 65.96 131 28 28 
low 66.09 58 15 15 
low 66.08 69 2 2 
low 66.07 69 71 71 
low 65.99 94 28 28 
low 66.22 43 1 1 
low 66.17 48 22 22 
low 66.32 46 6 6 
low 66.33 47 2 2 
low 66.35 35 6 6 
low 66.21 62 1 1 
low 66.31 54 9 9 
low 66.40 27 6 6 
low 66.30 58 8 8 
low 66.49 35 6 6 
low 66.36 49 5 5 
low 66.60 1220 6042 6042 
low 66.47 20 12 12 
low 66.62 17 38 38 
low 66.59 24 13 13 
low 66.69 1 0 0 
low 66.53 66 132 132 
low 66.54 21 3 3 
low 66.55 18 18 18 
low 66.50 6 0 0 
low 66.57 41 81 81 
low 66.41 36 2 2 
low 66.38 30 4 4 
low 66.43 18 1 1 
low 66.44 11 1 1 
low 66.52 6 0 0 
low 66.45 19 0 0 
low 66.46 16 3 3 
low 66.42 31 8 8 
low 66.39 30 3 3 
low 66.56 20 7 7 
low 66.58 1227 6048 6048 
low 66.67 5 0 0 
low 66.68 4 0 0 
low 66.70 3 0 0 
low 66.71 5 0 0 
low 66.72 3 0 0 
low 66.73 1 0 0 
low 66.51 15 8 8 
low 66.27 45 4 4 
low 66.26 38 0 0 
low 66.19 41 3 3 
low 66.18 61 7 7 
low 66.34 36 2 2 
low 66.20 54 6 6 
low 66.37 31 24 24 
low 66.48 6 3 3 
low 66.61 43 88 88 
low 66.64 16 24 24 
low 66.66 7 0 0 
low 65.88 112 26 26 
low 65.86 133 18 18 
low 65.92 127 15 15 
low 65.97 90 21 21 
low 65.85 143 74 74 
low 65.83 108 44 44 
low 65.82 130 49 49 
low 65.79 90 41 41 
low 65.81 133 39 39 
low 65.80 103 39 39 
low 65.75 156 103 103 
low 65.77 104 23 23 
low 65.73 115 19 19 
low 65.72 131 151 151 
low 65.70 107 51 51 
low 65.71 100 36 36 
low 65.74 158 125 125 
low 65.61 86 39 39 
low 65.62 89 24 24 
low 65.65 63 77 77 
low 65.66 88 61 61 
low 65.49 50 0 0 
low 65.30 52 4 4 
low 65.11 54 6 6 
low 65.04 62 6 6 
low 64.99 83 13 13 
low 64.98 97 4 4 
low 64.93 63 0 0 
low 64.96 100 10 10 
low 64.88 63 30 30 
low 64.91 69 8 8 
low 64.97 78 3 3 
low 65.44 72 23 23 
low 64.19 63 65 65 
low 64.11 52 63 63 
low 64.09 80 47 47 
low 64.15 54 28 28 
low 64.12 60 29 29 
low 64.08 78 56 56 
low 64.14 60 54 54 
low 64.10 95 47 47 
low 64.03 114 45 45 
low 63.90 170 147 147 
low 63.99 110 47 47 
low 64.00 111 41 41 
low 63.92 147 87 87 
low 63.93 144 57 57 
low 63.91 129 74 74 
low 64.01 96 24 24 
low 64.04 82 15 15 
low 64.02 102 29 29 
low 64.13 52 11 11 
low 63.88 130 54 54 
low 63.87 96 38 38 
low 63.89 140 57 57 
low 63.78 102 61 61 
low 63.76 76 35 35 
low 63.67 2503 12107 12107 
low 63.79 55 21 21 
low 63.68 104 98 98 
low 63.70 89 64 64 
low 63.71 86 70 70 
low 63.69 88 49 49 
low 63.54 59 24 24 
low 63.51 71 17 17 
low 63.56 114 118 118 
low 63.55 64 5 5 
low 63.97 114 116 116 
low 63.02 17 4 4 
low 63.03 24 26 26 
low 62.99 27 5 5 
low 63.00 28 3 3 
low 62.98 45 12 12 
low 62.96 20 1 1 
low 63.01 19 1 1 
low 62.97 63 65 65 
low 63.06 36 20 20 
low 63.05 27 19 19 
low 62.94 29 11 11 
low 62.93 29 8 8 
low 62.92 15 3 3 
low 62.86 13 0 0 
low 62.87 13 1 1 
low 62.89 16 8 8 
low 62.91 10 0 0 
low 62.90 35 7 7 
low 62.95 38 15 15 
low 62.88 4 0 0 
low 62.85 4 0 0 
low 62.80 17 0 0 
low 62.83 21 0 0 
low 62.78 2 0 0 
low 62.82 26 0 0 
low 62.81 10 0 0 
low 62.84 7 0 0 
low 62.79 2 0 0 
low 62.77 2 0 0 
close 64.29 50 13 13 
close 64.27 44 20 20 
close 64.30 58 14 14 
close 64.31 46 20 20 
close 64.28 79 170 170 
close 64.26 51 38 38 
close 64.25 30 7 7 
close 64.33 58 23 23 
close 64.34 59 26 26 
close 64.35 71 9 9 
close 64.39 66 15 15 
close 64.40 59 24 24 
close 64.43 64 1 1 
close 64.44 60 12 12 
close 64.46 74 9 9 
close 64.48 47 14 14 
close 64.47 63 64 64 
close 64.49 57 15 15 
close 64.45 41 2 2 
close 64.42 81 35 35 
close 64.53 35 0 0 
close 64.54 48 0 0 
close 64.57 80 16 16 
close 64.56 50 18 18 
close 64.55 30 4 4 
close 64.52 43 2 2 
close 64.50 51 5 5 
close 64.51 60 42 42 
close 64.58 80 6 6 
close 64.59 96 26 26 
close 64.62 92 16 16 
close 64.65 113 122 122 
close 64.75 73 58 58 
close 64.70 127 110 110 
close 64.69 94 30 30 
close 64.72 90 39 39 
close 64.64 109 93 93 
close 64.63 88 30 30 
close 64.61 104 15 15 
close 64.60 114 25 25 
close 64.68 105 61 61 
close 64.67 81 87 87 
close 64.41 58 6 6 
close 64.66 107 137 137 
close 64.71 76 47 47 
close 64.73 89 34 34 
close 64.38 69 28 28 
close 64.36 86 19 19 
close 64.32 42 11 11 
close 64.37 75 17 17 
close 64.24 31 9 9 
close 64.22 49 12 12 
close 64.21 43 0 0 
close 64.20 38 7 7 
close 64.17 55 34 34 
close 64.23 30 0 0 
close 64.18 57 15 15 
close 64.16 51 11 11 
close 64.06 97 34 34 
close 64.05 94 81 81 
close 63.95 101 53 53 
close 63.94 131 71 71 
close 63.96 93 48 48 
close 63.98 92 58 58 
close 63.82 2525 12189 12189 
close 63.85 151 140 140 
close 63.84 110 56 56 
close 63.81 74 22 22 
close 63.86 101 22 22 
close 63.74 108 232 232 
close 63.77 102 125 125 
close 63.73 68 62 62 
close 63.80 108 88 88 
close 63.75 58 91 91 
close 63.59 80 73 73 
close 63.60 73 22 22 
close 63.46 88 47 47 
close 63.44 87 30 30 
close 63.47 91 25 25 
close 63.43 113 42 42 
close 63.40 169 152 152 
close 63.49 106 14 14 
close 63.41 161 165 165 
close 63.48 66 3 3 
close 63.42 100 75 75 
close 63.26 86 11 11 
close 63.25 92 34 34 
close 63.32 137 61 61 
close 63.33 119 78 78 
close 63.28 95 25 25 
close 63.27 107 27 27 
close 63.24 72 4 4 
close 63.22 64 17 17 
close 63.16 49 21 21 
close 63.13 53 41 41 
close 63.08 56 47 47 
close 63.04 24 21 21 
close 63.07 32 34 34 
close 63.09 39 24 24 
close 63.12 82 89 89 
close 63.15 48 45 45 
close 63.19 49 27 27 
close 63.20 73 32 32 
close 63.18 39 6 6 
close 63.14 63 16 16 
close 63.11 53 10 10 
close 63.10 47 41 41 
close 63.21 57 30 30 
close 63.17 57 23 23 
close 63.29 97 22 22 
close 63.37 110 35 35 
close 63.36 124 59 59 
close 63.34 97 38 38 
close 63.35 100 21 21 
close 63.52 60 20 20 
close 63.45 133 90 90 
close 63.39 141 98 98 
close 63.38 132 93 93 
close 63.31 138 93 93 
close 63.30 112 17 17 
close 63.23 61 2 2 
close 63.50 76 28 28 
close 63.53 63 8 8 
close 63.57 108 114 114 
close 63.58 74 40 40 
close 63.61 98 72 72 
close 63.62 108 47 47 
close 63.64 83 68 68 
close 63.63 79 27 27 
close 63.66 74 54 54 
close 63.65 68 29 29 
close 63.72 64 108 108 
close 63.83 107 55 55 
close 64.07 71 4 4 
close 64.81 135 177 177 
close 64.83 76 15 15 
close 64.76 81 56 56 
close 64.74 94 69 69 
close 64.77 96 50 50 
close 64.78 103 149 149 
close 64.80 100 32 32 
close 64.84 89 32 32 
close 64.79 100 91 91 
close 64.82 61 13 13 
close 64.85 83 35 35 
close 64.86 67 11 11 
close 64.90 58 4 4 
close 64.92 81 43 43 
close 64.89 67 4 4 
close 64.94 85 10 10 
close 64.87 76 66 66 
close 64.95 90 37 37 
close 65.01 98 15 15 
close 65.02 101 9 9 
close 65.03 80 31 31 
close 65.05 64 0 0 
close 65.00 2487 12014 12014 
close 65.07 77 4 4 
close 65.06 84 19 19 
close 65.14 89 58 58 
close 65.18 70 3 3 
close 65.15 70 16 16 
close 65.12 83 32 32 
close 65.16 91 4 4 
close 65.10 68 2 2 
close 65.13 73 4 4 
close 65.19 89 55 55 
close 65.20 73 5 5 
close 65.21 68 6 6 
close 65.17 85 8 8 
close 65.22 62 1 1 
close 65.24 35 4 4 
close 65.23 53 0 0 
close 65.25 47 4 4 
close 65.27 49 11 11 
close 65.09 28 0 0 
close 65.08 67 8 8 
close 65.26 27 6 6 
close 65.29 45 0 0 
close 65.33 58 14 14 
close 65.34 101 30 30 
close 65.32 69 61 61 
close 65.36 84 34 34 
close 65.35 83 78 78 
close 65.37 79 51 51 
close 65.28 51 35 35 
close 65.31 61 52 52 
close 65.39 75 42 42 
close 65.38 60 20 20 
close 65.43 68 30 30 
close 65.41 70 53 53 
close 65.42 50 20 20 
close 65.40 59 16 16 
close 65.48 51 12 12 
close 65.47 70 9 9 
close 65.46 60 4 4 
close 65.55 92 10 10 
close 65.51 50 4 4 
close 65.52 66 4 4 
close 65.53 64 14 14 
close 65.50 55 3 3 
close 65.56 111 78 78 
close 65.57 97 10 10 
close 65.59 127 143 143 
close 65.54 78 13 13 
close 65.45 38 1 1 
close 65.60 101 102 102 
close 65.58 121 68 68 
close 65.63 136 197 197 
close 65.64 127 128 128 
close 65.67 76 91 91 
close 65.69 80 69 69 
close 65.68 75 38 38 
close 65.76 106 37 37 
close 65.78 140 60 60 
close 65.84 114 22 22 
close 65.89 111 55 55 
close 65.90 2559 12179 12179 
close 65.87 106 18 18 
close 65.91 130 2 2 
close 65.95 79 15 15 
close 66.02 101 14 14 
close 66.03 131 24 24 
close 66.00 120 22 22 
close 66.01 120 16 16 
close 66.04 93 20 20 
close 65.94 116 72 72 
close 66.06 86 42 42 
close 66.05 119 55 55 
close 66.15 57 7 7 
close 66.16 69 18 18 
close 66.29 57 5 5 
close 66.24 55 6 6 
close 66.23 67 6 6 
close 66.25 35 0 0 
close 66.13 69 21 21 
close 66.28 71 16 16 
close 66.12 78 10 10 
close 66.14 54 4 4 
close 66.10 67 3 3 
close 66.11 60 10 10 
close 65.98 94 19 19 
close 65.93 118 6 6 
close 65.96 131 28 28 
close 66.09 58 15 15 
close 66.08 69 2 2 
close 66.07 69 71 71 
close 65.99 94 28 28 
close 66.22 43 1 1 
close 66.17 48 22 22 
close 66.32 46 6 6 
close 66.33 47 2 2 
close 66.35 35 6 6 
close 66.21 62 1 1 
close 66.31 54 9 9 
close 66.40 27 6 6 
close 66.30 58 8 8 
close 66.49 35 6 6 
close 66.36 49 5 5 
close 66.60 1220 6042 6042 
close 66.47 20 12 12 
close 66.62 17 38 38 
close 66.59 24 13 13 
close 66.69 1 0 0 
close 66.53 66 132 132 
close 66.54 21 3 3 
close 66.55 18 18 18 
close 66.50 6 0 0 
close 66.57 41 81 81 
close 66.41 36 2 2 
close 66.38 30 4 4 
close 66.43 18 1 1 
close 66.44 11 1 1 
close 66.52 6 0 0 
close 66.45 19 0 0 
close 66.46 16 3 3 
close 66.42 31 8 8 
close 66.39 30 3 3 
close 66.56 20 7 7 
close 66.58 1227 6048 6048 
close 66.67 5 0 0 
close 66.68 4 0 0 
close 66.70 3 0 0 
close 66.71 5 0 0 
close 66.72 3 0 0 
close 66.73 1 0 0 
close 66.51 15 8 8 
close 66.27 45 4 4 
close 66.26 38 0 0 
close 66.19 41 3 3 
close 66.18 61 7 7 
close 66.34 36 2 2 
close 66.20 54 6 6 
close 66.37 31 24 24 
close 66.48 6 3 3 
close 66.61 43 88 88 
close 66.64 16 24 24 
close 66.66 7 0 0 
close 65.88 112 26 26 
close 65.86 133 18 18 
close 65.92 127 15 15 
close 65.97 90 21 21 
close 65.85 143 74 74 
close 65.83 108 44 44 
close 65.82 130 49 49 
close 65.79 90 41 41 
close 65.81 133 39 39 
close 65.80 103 39 39 
close 65.75 156 103 103 
close 65.77 104 23 23 
close 65.73 115 19 19 
close 65.72 131 151 151 
close 65.70 107 51 51 
close 65.71 100 36 36 
close 65.74 158 125 125 
close 65.61 86 39 39 
close 65.62 89 24 24 
close 65.65 63 77 77 
close 65.66 88 61 61 
close 65.49 50 0 0 
close 65.30 52 4 4 
close 65.11 54 6 6 
close 65.04 62 6 6 
close 64.99 83 13 13 
close 64.98 97 4 4 
close 64.93 63 0 0 
close 64.96 100 10 10 
close 64.88 63 30 30 
close 64.91 69 8 8 
close 64.97 78 3 3 
close 65.44 72 23 23 
close 64.19 63 65 65 
close 64.11 52 63 63 
close 64.09 80 47 47 
close 64.15 54 28 28 
close 64.12 60 29 29 
close 64.08 78 56 56 
close 64.14 60 54 54 
close 64.10 95 47 47 
close 64.03 114 45 45 
close 63.90 170 147 147 
close 63.99 110 47 47 
close 64.00 111 41 41 
close 63.92 147 87 87 
close 63.93 144 57 57 
close 63.91 129 74 74 
close 64.01 96 24 24 
close 64.04 82 15 15 
close 64.02 102 29 29 
close 64.13 52 11 11 
close 63.88 130 54 54 
close 63.87 96 38 38 
close 63.89 140 57 57 
close 63.78 102 61 61 
close 63.76 76 35 35 
close 63.67 2503 12107 12107 
close 63.79 55 21 21 
close 63.68 104 98 98 
close 63.70 89 64 64 
close 63.71 86 70 70 
close 63.69 88 49 49 
close 63.54 59 24 24 
close 63.51 71 17 17 
close 63.56 114 118 118 
close 63.55 64 5 5 
close 63.97 114 116 116 
close 63.02 17 4 4 
close 63.03 24 26 26 
close 62.99 27 5 5 
close 63.00 28 3 3 
close 62.98 45 12 12 
close 62.96 20 1 1 
close 63.01 19 1 1 
close 62.97 63 65 65 
close 63.06 36 20 20 
close 63.05 27 19 19 
close 62.94 29 11 11 
close 62.93 29 8 8 
close 62.92 15 3 3 
close 62.86 13 0 0 
close 62.87 13 1 1 
close 62.89 16 8 8 
close 62.91 10 0 0 
close 62.90 35 7 7 
close 62.95 38 15 15 
close 62.88 4 0 0 
close 62.85 4 0 0 
close 62.80 17 0 0 
close 62.83 21 0 0 
close 62.78 2 0 0 
close 62.82 26 0 0 
close 62.81 10 0 0 
close 62.84 7 0 0 
close 62.79 2 0 0 
close 62.77 2 0 0 
body -0.02 654 252 252 
body 0.00 18855 49369 49369 
body 0.01 3723 940 940 
body 0.02 2451 3390 3390 
body -0.03 467 142 142 
body -0.01 778 296 296 
body 0.04 539 120 120 
body 0.03 903 166 166 
body -0.04 304 66 66 
body 0.05 301 51 51 
body 0.07 133 30 30 
body 0.10 38 4 4 
body -0.05 188 43 43 
body -0.06 158 19 19 
body -0.09 53 16 16 
body 0.09 63 19 19 
body 0.06 188 23 23 
body -0.08 74 9 9 
body -0.07 115 33 33 
body -0.10 43 1 1 
body 0.08 80 11 11 
body -0.12 20 2 2 
body 0.12 13 3 3 
body -0.21 1 2 2 
body -0.16 5 1 1 
body 0.21 2 0 0 
body 0.27 1 0 0 
body 0.11 18 3 3 
body -0.14 5 0 0 
body 0.30 1 0 0 
body -0.11 18 3 3 
body 0.13 12 0 0 
body 0.15 5 0 0 
body -0.13 8 5 5 
body -0.19 1 0 0 
body -0.17 4 0 0 
body -0.24 2 1 1 
body 0.16 5 2 2 
body -0.25 1 0 0 
body 0.14 3 0 0 
body -0.15 6 0 0 
body 0.23 1 0 0 
body -0.22 2 0 0 
body 0.20 1 0 0 
body -0.34 1 0 0 
body 0.18 2 0 0 
body -0.31 1 0 0 
body -0.20 1 0 0 
body 0.22 1 0 0 
body -0.26 1 0 0 
body -0.18 4 7 7 
body -0.32 1 0 0 
up -0.02 654 252 252 
up 0.00 18855 49369 49369 
up 0.01 3723 940 940 
up 0.02 2451 3390 3390 
up -0.03 467 142 142 
up -0.01 778 296 296 
up 0.04 539 120 120 
up 0.03 903 166 166 
up -0.04 304 66 66 
up 0.05 301 51 51 
up 0.07 133 30 30 
up 0.10 38 4 4 
up -0.05 188 43 43 
up -0.06 158 19 19 
up -0.09 53 16 16 
up 0.09 63 19 19 
up 0.06 188 23 23 
up -0.08 74 9 9 
up -0.07 115 33 33 
up -0.10 43 1 1 
up 0.08 80 11 11 
up -0.12 20 2 2 
up 0.12 13 3 3 
up -0.21 1 2 2 
up -0.16 5 1 1 
up 0.21 2 0 0 
up 0.27 1 0 0 
up 0.11 18 3 3 
up -0.14 5 0 0 
up 0.30 1 0 0 
up -0.11 18 3 3 
up 0.13 12 0 0 
up 0.15 5 0 0 
up -0.13 8 5 5 
up -0.19 1 0 0 
up -0.17 4 0 0 
up -0.24 2 1 1 
up 0.16 5 2 2 
up -0.25 1 0 0 
up 0.14 3 0 0 
up -0.15 6 0 0 
up 0.23 1 0 0 
up -0.22 2 0 0 
up 0.20 1 0 0 
up -0.34 1 0 0 
up 0.18 2 0 0 
up -0.31 1 0 0 
up -0.20 1 0 0 
up 0.22 1 0 0 
up -0.26 1 0 0 
up -0.18 4 7 7 
up -0.32 1 0 0 
down -0.02 654 252 252 
down 0.00 18855 49369 49369 
down 0.01 3723 940 940 
down 0.02 2451 3390 3390 
down -0.03 467 142 142 
down -0.01 778 296 296 
down 0.04 539 120 120 
down 0.03 903 166 166 
down -0.04 304 66 66 
down 0.05 301 51 51 
down 0.07 133 30 30 
down 0.10 38 4 4 
down -0.05 188 43 43 
down -0.06 158 19 19 
down -0.09 53 16 16 
down 0.09 63 19 19 
down 0.06 188 23 23 
down -0.08 74 9 9 
down -0.07 115 33 33 
down -0.10 43 1 1 
down 0.08 80 11 11 
down -0.12 20 2 2 
down 0.12 13 3 3 
down -0.21 1 2 2 
down -0.16 5 1 1 
down 0.21 2 0 0 
down 0.27 1 0 0 
down 0.11 18 3 3 
down -0.14 5 0 0 
down 0.30 1 0 0 
down -0.11 18 3 3 
down 0.13 12 0 0 
down 0.15 5 0 0 
down -0.13 8 5 5 
down -0.19 1 0 0 
down -0.17 4 0 0 
down -0.24 2 1 1 
down 0.16 5 2 2 
down -0.25 1 0 0 
down 0.14 3 0 0 
down -0.15 6 0 0 
down 0.23 1 0 0 
down -0.22 2 0 0 
down 0.20 1 0 0 
down -0.34 1 0 0 
down 0.18 2 0 0 
down -0.31 1 0 0 
down -0.20 1 0 0 
down 0.22 1 0 0 
down -0.26 1 0 0 
down -0.18 4 7 7 
down -0.32 1 0 0 
