2 4 AUDJPY,20010102,233000,64.29,64.31,64.25,64.26,4
2 9 AUDJPY,20010103,000000,64.25,64.35,64.25,64.34,4
1 2 AUDJPY,20010103,003000,64.34,64.49,64.34,64.49,4
1 1 AUDJPY,20010103,010000,64.49,64.49,64.40,64.42,4
AUDJPY,20010103,013000,64.42,64.57,64.42,64.56,4
1 2 AUDJPY,20010103,020000,64.56,64.56,64.46,64.46,4
1 2 AUDJPY,20010103,023000,64.46,64.52,64.44,64.52,4
AUDJPY,20010103,030000,64.52,64.65,64.49,64.65,4
1 1 AUDJPY,20010103,033000,64.65,64.75,64.65,64.72,4
1 1 AUDJPY,20010103,040000,64.72,64.72,64.58,64.60,4
AUDJPY,20010103,043000,64.60,64.63,64.57,64.59,4
1 1 AUDJPY,20010103,050000,64.60,64.70,64.59,64.68,4
AUDJPY,20010103,053000,64.68,64.69,64.58,64.58,4
1 3 AUDJPY,20010103,060000,64.58,64.63,64.58,64.60,4
AUDJPY,20010103,063000,64.60,64.61,64.58,64.59,4
1 3 AUDJPY,20010103,070000,64.59,64.65,64.58,64.63,4
AUDJPY,20010103,073000,64.63,64.63,64.41,64.42,4
AUDJPY,20010103,080000,64.41,64.53,64.39,64.53,4
AUDJPY,20010103,083000,64.54,64.66,64.54,64.62,4
1 1 AUDJPY,20010103,090000,64.61,64.64,64.55,64.62,4
1 1 AUDJPY,20010103,093000,64.62,64.66,64.57,64.66,4
2 9 AUDJPY,20010103,100000,64.66,64.72,64.64,64.71,4
1 6 AUDJPY,20010103,103000,64.71,64.73,64.55,64.59,4
AUDJPY,20010103,110000,64.58,64.60,64.48,64.53,4
AUDJPY,20010103,113000,64.53,64.61,64.50,64.60,4
AUDJPY,20010103,120000,64.60,64.63,64.57,64.60,4
AUDJPY,20010103,123000,64.60,64.65,64.53,64.62,4
AUDJPY,20010103,130000,64.63,64.63,64.38,64.43,4
AUDJPY,20010103,133000,64.44,64.44,64.26,64.40,4
AUDJPY,20010103,140000,64.40,64.40,64.24,64.32,4
AUDJPY,20010103,143000,64.31,64.34,64.17,64.26,4
2 2 AUDJPY,20010103,150000,64.25,64.34,64.22,64.32,4
1 1 AUDJPY,20010103,153000,64.31,64.44,64.31,64.37,4
1 1 AUDJPY,20010103,160000,64.37,64.39,64.28,64.32,4
AUDJPY,20010103,163000,64.32,64.35,64.27,64.30,4
AUDJPY,20010103,170000,64.30,64.42,64.26,64.41,4
2 4 AUDJPY,20010103,173000,64.41,64.42,64.31,64.33,4
2 2 AUDJPY,20010103,180000,64.33,64.45,64.29,64.29,4
1 4 AUDJPY,20010103,183000,64.29,64.30,64.16,64.23,4
1 1 AUDJPY,20010103,190000,64.24,64.26,63.81,63.81,4
2 13 AUDJPY,20010103,193000,63.81,63.81,63.44,63.44,4
2 6 AUDJPY,20010103,200000,63.43,63.49,63.25,63.33,4
2 15 AUDJPY,20010103,203000,63.33,63.33,63.04,63.08,4
2 15 AUDJPY,20010103,210000,63.07,63.16,63.07,63.15,4
1 1 AUDJPY,20010103,213000,63.15,63.20,63.12,63.12,4
2 6 AUDJPY,20010103,220000,63.11,63.20,63.09,63.19,4
1 7 AUDJPY,20010103,223000,63.19,63.22,63.16,63.20,4
1 8 AUDJPY,20010103,230000,63.20,63.37,63.16,63.37,4
AUDJPY,20010103,233000,63.37,63.47,63.32,63.47,4
2 9 AUDJPY,20010104,000000,63.47,63.52,63.40,63.42,4
2 2 AUDJPY,20010104,003000,63.42,63.49,63.35,63.37,4
AUDJPY,20010104,010000,63.37,63.46,63.37,63.42,4
AUDJPY,20010104,013000,63.41,63.44,63.31,63.39,4
AUDJPY,20010104,020000,63.39,63.41,63.30,63.30,4
1 6 AUDJPY,20010104,023000,63.30,63.30,63.25,63.25,4
1 1 AUDJPY,20010104,030000,63.25,63.31,63.25,63.27,4
1 2 AUDJPY,20010104,033000,63.27,63.29,63.23,63.27,4
AUDJPY,20010104,040000,63.27,63.36,63.27,63.36,4
1 1 AUDJPY,20010104,043000,63.36,63.40,63.36,63.38,4
2 3 AUDJPY,20010104,050000,63.38,63.38,63.35,63.36,4
2 9 AUDJPY,20010104,053000,63.36,63.40,63.34,63.40,4
2 2 AUDJPY,20010104,060000,63.40,63.43,63.36,63.38,4
1 4 AUDJPY,20010104,063000,63.39,63.46,63.38,63.45,4
1 3 AUDJPY,20010104,070000,63.46,63.50,63.40,63.46,4
1 1 AUDJPY,20010104,073000,63.46,63.64,63.46,63.62,4
AUDJPY,20010104,080000,63.62,64.07,63.60,64.05,4
AUDJPY,20010104,083000,64.06,64.40,64.05,64.30,4
AUDJPY,20010104,090000,64.30,64.56,64.30,64.56,4
AUDJPY,20010104,093000,64.55,64.64,64.51,64.51,4
AUDJPY,20010104,100000,64.52,64.52,64.35,64.48,4
AUDJPY,20010104,103000,64.48,64.83,64.44,64.72,4
AUDJPY,20010104,110000,64.72,64.73,64.66,64.70,4
AUDJPY,20010104,113000,64.70,64.76,64.48,64.50,4
AUDJPY,20010104,120000,64.50,64.53,64.42,64.42,4
AUDJPY,20010104,123000,64.41,64.43,64.28,64.37,4
AUDJPY,20010104,130000,64.38,64.66,64.36,64.66,4
AUDJPY,20010104,133000,64.66,64.69,64.50,64.66,4
AUDJPY,20010104,140000,64.66,64.71,64.56,64.71,4
AUDJPY,20010104,143000,64.70,64.84,64.70,64.78,4
AUDJPY,20010104,150000,64.78,64.92,64.73,64.90,4
AUDJPY,20010104,153000,64.89,65.18,64.87,65.14,4
AUDJPY,20010104,160000,65.15,65.24,65.10,65.22,4
AUDJPY,20010104,163000,65.22,65.27,65.08,65.13,4
1 2 AUDJPY,20010104,170000,65.13,65.27,65.12,65.26,4
1 1 AUDJPY,20010104,173000,65.26,65.36,65.25,65.34,4
2 11 AUDJPY,20010104,180000,65.35,65.37,65.26,65.29,4
2 23 AUDJPY,20010104,183000,65.28,65.33,65.27,65.31,4
2 13 AUDJPY,20010104,190000,65.31,65.35,65.25,65.33,4
2 12 AUDJPY,20010104,193000,65.33,65.39,65.32,65.39,4
2 14 AUDJPY,20010104,200000,65.38,65.38,65.34,65.37,4
2 20 AUDJPY,20010104,203000,65.43,65.43,65.37,65.41,4
2 13 AUDJPY,20010104,210000,65.42,65.48,65.37,65.48,4
1 3 AUDJPY,20010104,213000,65.47,65.55,65.46,65.52,4
1 1 AUDJPY,20010104,220000,65.52,65.53,65.50,65.52,4
AUDJPY,20010104,223000,65.52,65.59,65.43,65.43,4
AUDJPY,20010104,230000,65.43,65.60,65.39,65.58,4
AUDJPY,20010104,233000,65.58,65.84,65.55,65.84,4
AUDJPY,20010105,000000,65.84,66.04,65.84,66.04,4
AUDJPY,20010105,003000,66.04,66.29,66.04,66.12,4
AUDJPY,20010105,010000,66.11,66.11,65.93,66.04,4
AUDJPY,20010105,013000,66.05,66.09,66.02,66.02,4
1 2 AUDJPY,20010105,020000,66.01,66.23,65.99,66.23,4
AUDJPY,20010105,023000,66.22,66.49,66.17,66.49,4
AUDJPY,20010105,030000,66.49,66.69,66.47,66.54,4
AUDJPY,20010105,033000,66.54,66.54,66.38,66.53,4
AUDJPY,20010105,040000,66.53,66.53,66.39,66.42,4
AUDJPY,20010105,043000,66.41,66.57,66.40,66.57,4
AUDJPY,20010105,050000,66.57,66.73,66.55,66.71,4
AUDJPY,20010105,053000,66.70,66.70,66.54,66.57,4
AUDJPY,20010105,060000,66.56,66.56,66.33,66.35,4
1 1 AUDJPY,20010105,063000,66.35,66.35,66.18,66.22,4
AUDJPY,20010105,070000,66.22,66.34,66.22,66.27,4
AUDJPY,20010105,073000,66.26,66.39,66.20,66.29,4
AUDJPY,20010105,080000,66.29,66.40,66.28,66.30,4
AUDJPY,20010105,083000,66.29,66.31,66.12,66.12,4
AUDJPY,20010105,090000,66.13,66.32,66.08,66.29,4
AUDJPY,20010105,093000,66.30,66.36,66.26,66.33,4
AUDJPY,20010105,100000,66.33,66.33,66.25,66.28,4
AUDJPY,20010105,103000,66.27,66.44,66.24,66.38,4
AUDJPY,20010105,110000,66.38,66.42,66.32,66.33,4
AUDJPY,20010105,113000,66.33,66.44,66.29,66.34,4
AUDJPY,20010105,120000,66.34,66.39,66.16,66.23,4
AUDJPY,20010105,123000,66.23,66.38,66.23,66.28,4
AUDJPY,20010105,130000,66.28,66.32,66.21,66.31,4
AUDJPY,20010105,133000,66.31,66.48,66.30,66.40,4
AUDJPY,20010105,140000,66.40,66.43,66.09,66.26,4
AUDJPY,20010105,143000,66.25,66.26,66.14,66.16,4
AUDJPY,20010105,150000,66.17,66.34,66.16,66.33,4
1 3 AUDJPY,20010105,153000,66.27,66.37,66.27,66.31,4
AUDJPY,20010105,160000,66.30,66.35,66.23,66.33,4
AUDJPY,20010105,163000,66.32,66.36,66.28,66.33,4
1 2 AUDJPY,20010105,170000,66.33,66.33,66.25,66.30,4
2 7 AUDJPY,20010105,173000,66.37,66.39,66.35,66.38,4
2 7 AUDJPY,20010105,180000,66.36,66.39,66.24,66.24,4
2 8 AUDJPY,20010105,183000,66.23,66.44,66.21,66.42,4
2 16 AUDJPY,20010105,190000,66.40,66.53,66.40,66.53,4
2 16 AUDJPY,20010105,193000,66.53,66.61,66.53,66.57,4
2 19 AUDJPY,20010105,200000,66.57,66.62,66.56,66.62,4
2 24 AUDJPY,20010105,203000,66.62,66.64,66.61,66.61,4
2 25 AUDJPY,20010105,210000,66.61,66.62,66.58,66.60,4
2 30 AUDJPY,20010105,213000,66.58,66.60,66.58,66.60,4
2 30 AUDJPY,20010105,220000,66.58,66.60,66.58,66.60,4
2 30 AUDJPY,20010105,223000,66.58,66.60,66.58,66.60,4
2 30 AUDJPY,20010105,230000,66.58,66.60,66.58,66.60,4
2 30 AUDJPY,20010105,233000,66.58,66.60,66.58,66.60,4
2 30 AUDJPY,20010106,000000,66.58,66.60,66.58,66.60,4
2 30 AUDJPY,20010106,003000,66.58,66.60,66.58,66.60,4
2 30 AUDJPY,20010106,010000,66.58,66.60,66.58,66.60,4
2 30 AUDJPY,20010106,013000,66.58,66.60,66.58,66.60,4
2 30 AUDJPY,20010106,020000,66.58,66.60,66.58,66.60,4
2 30 AUDJPY,20010106,023000,66.58,66.60,66.58,66.60,4
2 30 AUDJPY,20010106,030000,66.58,66.60,66.58,66.60,4
2 30 AUDJPY,20010106,033000,66.58,66.60,66.58,66.60,4
2 30 AUDJPY,20010106,040000,66.58,66.60,66.58,66.60,4
2 30 AUDJPY,20010106,043000,66.58,66.60,66.58,66.60,4
2 30 AUDJPY,20010106,050000,66.58,66.60,66.58,66.60,4
2 30 AUDJPY,20010106,053000,66.58,66.60,66.58,66.60,4
2 30 AUDJPY,20010106,060000,66.58,66.60,66.58,66.60,4
2 30 AUDJPY,20010106,063000,66.58,66.60,66.58,66.60,4
2 30 AUDJPY,20010106,070000,66.58,66.60,66.58,66.60,4
2 30 AUDJPY,20010106,073000,66.58,66.60,66.58,66.60,4
2 30 AUDJPY,20010106,080000,66.58,66.60,66.58,66.60,4
2 30 AUDJPY,20010106,083000,66.58,66.60,66.58,66.60,4
2 30 AUDJPY,20010106,090000,66.58,66.60,66.58,66.60,4
2 30 AUDJPY,20010106,093000,66.58,66.60,66.58,66.60,4
2 30 AUDJPY,20010106,100000,66.58,66.60,66.58,66.60,4
2 30 AUDJPY,20010106,103000,66.58,66.60,66.58,66.60,4
2 30 AUDJPY,20010106,110000,66.58,66.60,66.58,66.60,4
2 30 AUDJPY,20010106,113000,66.58,66.60,66.58,66.60,4
2 30 AUDJPY,20010106,120000,66.58,66.60,66.58,66.60,4
2 30 AUDJPY,20010106,123000,66.58,66.60,66.58,66.60,4
2 30 AUDJPY,20010106,130000,66.58,66.60,66.58,66.60,4
2 30 AUDJPY,20010106,133000,66.58,66.60,66.58,66.60,4
2 30 AUDJPY,20010106,140000,66.58,66.60,66.58,66.60,4
2 30 AUDJPY,20010106,143000,66.58,66.60,66.58,66.60,4
2 30 AUDJPY,20010106,150000,66.58,66.60,66.58,66.60,4
2 30 AUDJPY,20010106,153000,66.58,66.60,66.58,66.60,4
2 30 AUDJPY,20010106,160000,66.58,66.60,66.58,66.60,4
2 30 AUDJPY,20010106,163000,66.58,66.60,66.58,66.60,4
2 30 AUDJPY,20010106,170000,66.58,66.60,66.58,66.60,4
2 30 AUDJPY,20010106,173000,66.58,66.60,66.58,66.60,4
2 30 AUDJPY,20010106,180000,66.58,66.60,66.58,66.60,4
2 30 AUDJPY,20010106,183000,66.58,66.60,66.58,66.60,4
2 30 AUDJPY,20010106,190000,66.58,66.60,66.58,66.60,4
2 30 AUDJPY,20010106,193000,66.58,66.60,66.58,66.60,4
2 30 AUDJPY,20010106,200000,66.58,66.60,66.58,66.60,4
2 30 AUDJPY,20010106,203000,66.58,66.60,66.58,66.60,4
2 30 AUDJPY,20010106,210000,66.58,66.60,66.58,66.60,4
2 30 AUDJPY,20010106,213000,66.58,66.60,66.58,66.60,4
2 30 AUDJPY,20010106,220000,66.58,66.60,66.58,66.60,4
2 30 AUDJPY,20010106,223000,66.58,66.60,66.58,66.60,4
2 30 AUDJPY,20010106,230000,66.58,66.60,66.58,66.60,4
2 30 AUDJPY,20010106,233000,66.58,66.60,66.58,66.60,4
2 30 AUDJPY,20010107,000000,66.58,66.60,66.58,66.60,4
2 30 AUDJPY,20010107,003000,66.58,66.60,66.58,66.60,4
2 30 AUDJPY,20010107,010000,66.58,66.60,66.58,66.60,4
2 30 AUDJPY,20010107,013000,66.58,66.60,66.58,66.60,4
2 30 AUDJPY,20010107,020000,66.58,66.60,66.58,66.60,4
2 30 AUDJPY,20010107,023000,66.58,66.60,66.58,66.60,4
2 30 AUDJPY,20010107,030000,66.58,66.60,66.58,66.60,4
2 30 AUDJPY,20010107,033000,66.58,66.60,66.58,66.60,4
2 30 AUDJPY,20010107,040000,66.58,66.60,66.58,66.60,4
2 30 AUDJPY,20010107,043000,66.58,66.60,66.58,66.60,4
2 30 AUDJPY,20010107,050000,66.58,66.60,66.58,66.60,4
2 30 AUDJPY,20010107,053000,66.58,66.60,66.58,66.60,4
2 30 AUDJPY,20010107,060000,66.58,66.60,66.58,66.60,4
2 30 AUDJPY,20010107,063000,66.58,66.60,66.58,66.60,4
2 30 AUDJPY,20010107,070000,66.58,66.60,66.58,66.60,4
2 30 AUDJPY,20010107,073000,66.58,66.60,66.58,66.60,4
2 30 AUDJPY,20010107,080000,66.58,66.60,66.58,66.60,4
2 30 AUDJPY,20010107,083000,66.58,66.60,66.58,66.60,4
2 30 AUDJPY,20010107,090000,66.58,66.60,66.58,66.60,4
2 30 AUDJPY,20010107,093000,66.58,66.60,66.58,66.60,4
2 30 AUDJPY,20010107,100000,66.58,66.60,66.58,66.60,4
2 30 AUDJPY,20010107,103000,66.58,66.60,66.58,66.60,4
2 30 AUDJPY,20010107,110000,66.58,66.60,66.58,66.60,4
2 30 AUDJPY,20010107,113000,66.58,66.60,66.58,66.60,4
2 30 AUDJPY,20010107,120000,66.58,66.60,66.58,66.60,4
2 30 AUDJPY,20010107,123000,66.58,66.60,66.58,66.60,4
2 30 AUDJPY,20010107,130000,66.58,66.60,66.58,66.60,4
2 30 AUDJPY,20010107,133000,66.58,66.60,66.58,66.60,4
2 30 AUDJPY,20010107,140000,66.58,66.60,66.58,66.60,4
2 30 AUDJPY,20010107,143000,66.58,66.60,66.58,66.60,4
2 30 AUDJPY,20010107,150000,66.58,66.60,66.58,66.60,4
2 30 AUDJPY,20010107,153000,66.58,66.60,66.58,66.60,4
2 30 AUDJPY,20010107,160000,66.58,66.60,66.58,66.60,4
2 30 AUDJPY,20010107,163000,66.58,66.60,66.58,66.60,4
2 30 AUDJPY,20010107,170000,66.58,66.60,66.58,66.60,4
2 30 AUDJPY,20010107,173000,66.58,66.60,66.58,66.60,4
2 30 AUDJPY,20010107,180000,66.58,66.60,66.58,66.60,4
2 30 AUDJPY,20010107,183000,66.58,66.60,66.58,66.60,4
2 30 AUDJPY,20010107,190000,66.58,66.60,66.58,66.60,4
2 30 AUDJPY,20010107,193000,66.58,66.60,66.58,66.60,4
2 30 AUDJPY,20010107,200000,66.58,66.60,66.58,66.60,4
2 30 AUDJPY,20010107,203000,66.58,66.60,66.58,66.60,4
2 30 AUDJPY,20010107,210000,66.58,66.60,66.58,66.60,4
2 30 AUDJPY,20010107,213000,66.58,66.60,66.58,66.60,4
2 30 AUDJPY,20010107,220000,66.58,66.60,66.58,66.60,4
2 30 AUDJPY,20010107,223000,66.58,66.60,66.58,66.60,4
2 30 AUDJPY,20010107,230000,66.58,66.60,66.58,66.60,4
2 17 AUDJPY,20010107,233000,66.58,66.61,66.53,66.53,4
2 8 AUDJPY,20010108,000000,66.53,66.56,66.51,66.53,4
1 4 AUDJPY,20010108,003000,66.55,66.61,66.53,66.59,4
AUDJPY,20010108,010000,66.58,66.61,66.55,66.58,4
1 1 AUDJPY,20010108,013000,66.58,66.67,66.58,66.66,4
AUDJPY,20010108,020000,66.66,66.66,66.51,66.51,4
1 1 AUDJPY,20010108,023000,66.51,66.53,66.48,66.50,4
1 1 AUDJPY,20010108,030000,66.50,66.50,66.45,66.45,4
AUDJPY,20010108,033000,66.45,66.47,66.37,66.40,4
AUDJPY,20010108,040000,66.41,66.43,66.40,66.42,4
1 1 AUDJPY,20010108,043000,66.41,66.41,66.20,66.24,4
AUDJPY,20010108,050000,66.23,66.25,66.20,66.20,4
AUDJPY,20010108,053000,66.20,66.23,66.18,66.21,4
AUDJPY,20010108,060000,66.21,66.28,66.21,66.28,4
AUDJPY,20010108,063000,66.28,66.29,66.20,66.20,4
2 11 AUDJPY,20010108,070000,66.20,66.20,66.16,66.19,4
1 3 AUDJPY,20010108,073000,66.18,66.25,66.17,66.23,4
AUDJPY,20010108,080000,66.23,66.27,66.15,66.26,4
AUDJPY,20010108,083000,66.26,66.26,66.08,66.11,4
AUDJPY,20010108,090000,66.10,66.16,66.08,66.11,4
AUDJPY,20010108,093000,66.11,66.14,65.86,65.89,4
AUDJPY,20010108,100000,65.89,65.95,65.87,65.92,4
AUDJPY,20010108,103000,65.92,66.05,65.87,66.03,4
AUDJPY,20010108,110000,66.03,66.10,65.96,66.02,4
AUDJPY,20010108,113000,66.03,66.05,65.84,65.84,4
AUDJPY,20010108,120000,65.84,66.00,65.83,65.95,4
AUDJPY,20010108,123000,65.95,65.99,65.86,65.87,4
AUDJPY,20010108,130000,65.88,65.94,65.85,65.93,4
AUDJPY,20010108,133000,65.93,66.04,65.79,65.81,4
AUDJPY,20010108,140000,65.80,65.84,65.75,65.83,4
AUDJPY,20010108,143000,65.83,65.95,65.79,65.89,4
AUDJPY,20010108,150000,65.89,65.93,65.84,65.86,4
AUDJPY,20010108,153000,65.87,65.92,65.78,65.87,4
AUDJPY,20010108,160000,65.87,65.87,65.75,65.75,4
2 2 AUDJPY,20010108,163000,65.75,65.78,65.61,65.61,4
1 1 AUDJPY,20010108,170000,65.61,65.65,65.56,65.60,4
1 2 AUDJPY,20010108,173000,65.59,65.66,65.57,65.66,4
1 5 AUDJPY,20010108,180000,65.65,65.65,65.47,65.56,4
1 1 AUDJPY,20010108,183000,65.55,65.65,65.54,65.63,4
2 8 AUDJPY,20010108,190000,65.64,65.64,65.56,65.56,4
2 9 AUDJPY,20010108,193000,65.56,65.64,65.51,65.64,4
2 6 AUDJPY,20010108,200000,65.64,65.79,65.64,65.79,4
2 2 AUDJPY,20010108,203000,65.78,65.91,65.78,65.90,4
2 6 AUDJPY,20010108,210000,65.90,66.00,65.90,66.00,4
AUDJPY,20010108,213000,66.01,66.08,65.96,65.96,4
1 1 AUDJPY,20010108,220000,65.96,65.96,65.80,65.81,4
1 1 AUDJPY,20010108,223000,65.80,65.85,65.75,65.85,4
1 2 AUDJPY,20010108,230000,65.85,65.96,65.85,65.94,4
2 4 AUDJPY,20010108,233000,65.94,66.08,65.88,66.05,4
AUDJPY,20010109,000000,66.05,66.05,65.96,65.99,4
1 2 AUDJPY,20010109,003000,65.98,65.98,65.74,65.74,4
AUDJPY,20010109,010000,65.74,65.80,65.54,65.54,4
AUDJPY,20010109,013000,65.53,65.59,65.45,65.56,4
AUDJPY,20010109,020000,65.56,65.64,65.56,65.62,4
AUDJPY,20010109,023000,65.62,65.66,65.61,65.66,4
AUDJPY,20010109,030000,65.66,65.76,65.66,65.75,4
1 2 AUDJPY,20010109,033000,65.75,65.75,65.59,65.60,4
1 1 AUDJPY,20010109,040000,65.59,65.62,65.56,65.57,4
AUDJPY,20010109,043000,65.57,65.57,65.27,65.31,4
AUDJPY,20010109,050000,65.31,65.41,65.31,65.39,4
AUDJPY,20010109,053000,65.39,65.39,65.30,65.30,4
AUDJPY,20010109,060000,65.30,65.39,65.30,65.34,4
1 1 AUDJPY,20010109,063000,65.34,65.35,65.30,65.35,4
2 15 AUDJPY,20010109,070000,65.35,65.42,65.33,65.41,4
1 4 AUDJPY,20010109,073000,65.40,65.42,65.33,65.34,4
1 1 AUDJPY,20010109,080000,65.34,65.43,65.32,65.41,4
AUDJPY,20010109,083000,65.41,65.43,65.29,65.29,4
AUDJPY,20010109,090000,65.28,65.29,65.15,65.22,4
AUDJPY,20010109,093000,65.22,65.32,65.11,65.13,4
AUDJPY,20010109,100000,65.12,65.21,65.12,65.12,4
AUDJPY,20010109,103000,65.11,65.17,65.07,65.16,4
1 1 AUDJPY,20010109,110000,65.15,65.21,65.02,65.20,4
AUDJPY,20010109,113000,65.20,65.21,65.10,65.11,4
AUDJPY,20010109,120000,65.12,65.12,65.00,65.03,4
AUDJPY,20010109,123000,65.02,65.14,64.99,65.05,4
AUDJPY,20010109,130000,65.05,65.13,64.93,64.95,4
AUDJPY,20010109,133000,64.96,64.96,64.82,64.86,4
AUDJPY,20010109,140000,64.86,64.88,64.73,64.88,4
AUDJPY,20010109,143000,64.87,65.23,64.86,65.17,4
1 1 AUDJPY,20010109,150000,65.17,65.24,65.14,65.23,4
AUDJPY,20010109,153000,65.22,65.46,65.22,65.45,4
2 3 AUDJPY,20010109,160000,65.46,65.57,65.44,65.53,4
1 2 AUDJPY,20010109,163000,65.53,65.74,65.47,65.74,4
1 1 AUDJPY,20010109,170000,65.75,65.75,65.61,65.67,4
2 5 AUDJPY,20010109,173000,65.66,65.72,65.65,65.70,4
2 14 AUDJPY,20010109,180000,65.70,65.74,65.69,65.71,4
2 17 AUDJPY,20010109,183000,65.71,65.80,65.70,65.76,4
2 23 AUDJPY,20010109,190000,65.75,65.76,65.65,65.66,4
2 27 AUDJPY,20010109,193000,65.67,65.69,65.67,65.69,4
2 20 AUDJPY,20010109,200000,65.72,65.74,65.71,65.72,4
2 27 AUDJPY,20010109,203000,65.72,65.79,65.72,65.79,4
2 26 AUDJPY,20010109,210000,65.79,65.83,65.75,65.83,4
1 4 AUDJPY,20010109,213000,65.83,65.86,65.81,65.86,4
1 6 AUDJPY,20010109,220000,65.86,65.86,65.77,65.81,4
1 1 AUDJPY,20010109,223000,65.81,65.85,65.77,65.82,4
AUDJPY,20010109,230000,65.83,65.87,65.78,65.78,4
AUDJPY,20010109,233000,65.78,65.83,65.74,65.74,4
AUDJPY,20010110,000000,65.74,65.81,65.72,65.74,4
AUDJPY,20010110,003000,65.74,65.76,65.62,65.71,4
AUDJPY,20010110,010000,65.71,65.74,65.61,65.62,4
AUDJPY,20010110,013000,65.62,65.66,65.50,65.58,4
1 1 AUDJPY,20010110,020000,65.57,65.60,65.54,65.55,4
AUDJPY,20010110,023000,65.55,65.58,65.52,65.56,4
AUDJPY,20010110,030000,65.56,65.56,65.42,65.49,4
AUDJPY,20010110,033000,65.48,65.48,65.31,65.31,4
AUDJPY,20010110,040000,65.30,65.30,65.07,65.11,4
AUDJPY,20010110,043000,65.10,65.10,64.69,64.89,4
AUDJPY,20010110,050000,64.89,64.89,64.68,64.68,4
AUDJPY,20010110,053000,64.68,64.73,64.54,64.59,4
AUDJPY,20010110,060000,64.59,64.59,64.43,64.58,4
AUDJPY,20010110,063000,64.58,64.71,64.51,64.69,4
2 6 AUDJPY,20010110,070000,64.69,64.85,64.69,64.81,4
2 4 AUDJPY,20010110,073000,64.81,65.02,64.81,64.99,4
1 3 AUDJPY,20010110,080000,64.98,65.03,64.88,64.99,4
AUDJPY,20010110,083000,65.00,65.12,64.88,64.92,4
AUDJPY,20010110,090000,64.91,64.91,64.82,64.86,4
AUDJPY,20010110,093000,64.87,64.92,64.79,64.84,4
1 2 AUDJPY,20010110,100000,64.84,64.91,64.80,64.89,4
AUDJPY,20010110,103000,64.88,64.95,64.85,64.90,4
AUDJPY,20010110,110000,64.91,65.04,64.90,65.02,4
AUDJPY,20010110,113000,65.02,65.10,65.00,65.07,4
AUDJPY,20010110,120000,65.07,65.30,65.06,65.29,4
AUDJPY,20010110,123000,65.29,65.30,65.11,65.12,4
AUDJPY,20010110,130000,65.12,65.12,64.92,64.93,4
1 1 AUDJPY,20010110,133000,64.92,64.97,64.81,64.81,4
AUDJPY,20010110,140000,64.82,64.94,64.81,64.93,4
AUDJPY,20010110,143000,64.93,65.07,64.89,65.03,4
2 7 AUDJPY,20010110,150000,65.04,65.04,64.96,65.01,4
2 2 AUDJPY,20010110,153000,65.01,65.08,64.94,64.96,4
AUDJPY,20010110,160000,64.96,64.98,64.92,64.95,4
AUDJPY,20010110,163000,64.95,64.95,64.82,64.85,4
AUDJPY,20010110,170000,64.85,64.86,64.73,64.76,4
1 10 AUDJPY,20010110,173000,64.76,64.80,64.69,64.78,4
1 3 AUDJPY,20010110,180000,64.81,64.83,64.74,64.78,4
2 15 AUDJPY,20010110,183000,64.78,64.91,64.78,64.91,4
2 10 AUDJPY,20010110,190000,64.91,64.94,64.88,64.92,4
2 12 AUDJPY,20010110,193000,64.92,64.96,64.85,64.85,4
2 10 AUDJPY,20010110,200000,64.84,64.84,64.72,64.79,4
1 8 AUDJPY,20010110,203000,64.79,64.87,64.79,64.81,4
2 23 AUDJPY,20010110,210000,64.81,64.81,64.79,64.80,4
2 17 AUDJPY,20010110,213000,64.80,64.80,64.73,64.74,4
1 1 AUDJPY,20010110,220000,64.74,64.74,64.61,64.63,4
2 7 AUDJPY,20010110,223000,64.62,64.68,64.40,64.42,4
2 12 AUDJPY,20010110,230000,64.42,64.48,64.31,64.47,4
2 16 AUDJPY,20010110,233000,64.47,64.56,64.47,64.55,4
2 23 AUDJPY,20010111,000000,64.54,64.66,64.52,64.57,4
2 13 AUDJPY,20010111,003000,64.56,64.64,64.56,64.57,4
AUDJPY,20010111,010000,64.57,64.60,64.42,64.51,4
AUDJPY,20010111,013000,64.51,64.70,64.47,64.66,4
AUDJPY,20010111,020000,64.67,64.86,64.67,64.84,4
AUDJPY,20010111,023000,64.85,64.88,64.74,64.74,4
1 4 AUDJPY,20010111,030000,64.74,64.79,64.70,64.70,4
2 12 AUDJPY,20010111,033000,64.70,64.75,64.70,64.73,4
2 3 AUDJPY,20010111,040000,64.73,64.83,64.73,64.83,4
AUDJPY,20010111,043000,64.83,64.83,64.73,64.77,4
AUDJPY,20010111,050000,64.77,64.84,64.71,64.82,4
2 3 AUDJPY,20010111,053000,64.82,64.83,64.77,64.79,4
AUDJPY,20010111,060000,64.78,64.82,64.77,64.81,4
1 1 AUDJPY,20010111,063000,64.82,64.86,64.73,64.78,4
2 28 AUDJPY,20010111,070000,64.78,64.79,64.77,64.79,4
1 8 AUDJPY,20010111,073000,64.78,64.79,64.62,64.70,4
AUDJPY,20010111,080000,64.70,64.73,64.67,64.68,4
2 4 AUDJPY,20010111,083000,64.68,64.77,64.65,64.76,4
2 3 AUDJPY,20010111,090000,64.72,64.83,64.72,64.83,4
AUDJPY,20010111,093000,64.83,64.97,64.81,64.97,4
1 1 AUDJPY,20010111,100000,65.00,65.05,64.92,65.03,4
AUDJPY,20010111,103000,65.03,65.20,64.98,65.15,4
AUDJPY,20010111,110000,65.15,65.22,64.79,64.93,4
AUDJPY,20010111,113000,64.94,65.30,64.94,65.24,4
AUDJPY,20010111,120000,65.23,65.30,65.15,65.25,4
1 2 AUDJPY,20010111,123000,65.25,65.47,65.24,65.43,4
1 1 AUDJPY,20010111,130000,65.42,65.60,65.38,65.55,4
AUDJPY,20010111,133000,65.55,65.59,65.48,65.55,4
AUDJPY,20010111,140000,65.55,65.55,65.43,65.46,4
AUDJPY,20010111,143000,65.45,65.49,65.38,65.39,4
AUDJPY,20010111,150000,65.38,65.55,65.36,65.53,4
1 1 AUDJPY,20010111,153000,65.54,65.74,65.54,65.66,4
2 7 AUDJPY,20010111,160000,65.64,65.70,65.61,65.63,4
1 5 AUDJPY,20010111,163000,65.62,65.62,65.50,65.62,4
2 9 AUDJPY,20010111,170000,65.62,65.73,65.61,65.73,4
2 9 AUDJPY,20010111,173000,65.75,65.95,65.74,65.90,4
1 3 AUDJPY,20010111,180000,65.94,66.16,65.94,66.05,4
2 11 AUDJPY,20010111,183000,66.04,66.13,66.00,66.12,4
2 16 AUDJPY,20010111,190000,66.13,66.13,66.04,66.05,4
2 5 AUDJPY,20010111,193000,66.06,66.11,66.05,66.07,4
2 18 AUDJPY,20010111,200000,66.06,66.07,66.05,66.06,4
2 15 AUDJPY,20010111,203000,66.03,66.06,65.97,65.97,4
2 22 AUDJPY,20010111,210000,65.97,65.97,65.94,65.97,4
AUDJPY,20010111,213000,65.96,66.05,65.96,66.02,4
2 4 AUDJPY,20010111,220000,66.02,66.04,65.97,66.01,4
1 1 AUDJPY,20010111,223000,66.02,66.04,66.00,66.00,4
1 1 AUDJPY,20010111,230000,66.00,66.11,65.98,66.10,4
AUDJPY,20010111,233000,66.10,66.21,66.05,66.06,4
AUDJPY,20010112,000000,66.06,66.11,66.00,66.05,4
AUDJPY,20010112,003000,66.05,66.10,66.00,66.02,4
AUDJPY,20010112,010000,66.02,66.08,65.98,66.04,4
AUDJPY,20010112,013000,66.04,66.08,65.84,65.84,4
AUDJPY,20010112,020000,65.85,66.00,65.85,65.97,4
AUDJPY,20010112,023000,65.97,66.05,65.85,66.00,4
1 1 AUDJPY,20010112,030000,66.00,66.04,65.94,65.99,4
AUDJPY,20010112,033000,65.99,66.02,65.92,65.99,4
AUDJPY,20010112,040000,65.99,66.10,65.99,66.06,4
AUDJPY,20010112,043000,66.06,66.15,66.01,66.08,4
AUDJPY,20010112,050000,66.08,66.38,66.06,66.38,4
AUDJPY,20010112,053000,66.38,66.42,66.34,66.41,4
AUDJPY,20010112,060000,66.40,66.43,66.14,66.15,4
AUDJPY,20010112,063000,66.16,66.26,66.16,66.20,4
AUDJPY,20010112,070000,66.20,66.34,66.20,66.26,4
1 2 AUDJPY,20010112,073000,66.26,66.48,66.26,66.46,4
AUDJPY,20010112,080000,66.45,66.49,66.34,66.36,4
AUDJPY,20010112,083000,66.36,66.37,66.16,66.18,4
AUDJPY,20010112,090000,66.18,66.24,65.92,66.11,4
1 4 AUDJPY,20010112,093000,66.11,66.14,65.96,66.03,4
1 4 AUDJPY,20010112,100000,66.03,66.07,65.92,65.92,4
1 1 AUDJPY,20010112,103000,65.91,66.03,65.73,65.77,4
1 1 AUDJPY,20010112,110000,65.74,65.89,65.74,65.89,4
1 2 AUDJPY,20010112,113000,65.89,65.92,65.82,65.88,4
1 1 AUDJPY,20010112,120000,65.88,66.05,65.83,66.05,4
1 1 AUDJPY,20010112,123000,66.04,66.12,66.00,66.10,4
2 6 AUDJPY,20010112,130000,66.11,66.15,66.07,66.07,4
AUDJPY,20010112,133000,66.08,66.15,65.93,66.05,4
AUDJPY,20010112,140000,66.05,66.05,65.73,65.83,4
AUDJPY,20010112,143000,65.82,65.82,65.37,65.43,4
2 9 AUDJPY,20010112,150000,65.44,65.60,65.44,65.59,4
2 5 AUDJPY,20010112,153000,65.56,65.75,65.56,65.75,4
2 11 AUDJPY,20010112,160000,65.75,65.77,65.64,65.64,4
2 4 AUDJPY,20010112,163000,65.64,65.71,65.49,65.52,4
2 7 AUDJPY,20010112,170000,65.52,65.60,65.41,65.42,4
2 16 AUDJPY,20010112,173000,65.41,65.67,65.41,65.64,4
2 9 AUDJPY,20010112,180000,65.64,65.83,65.64,65.76,4
2 9 AUDJPY,20010112,183000,65.77,65.88,65.75,65.81,4
2 11 AUDJPY,20010112,190000,65.81,65.86,65.78,65.81,4
1 6 AUDJPY,20010112,193000,65.82,65.90,65.82,65.85,4
2 15 AUDJPY,20010112,200000,65.85,65.89,65.84,65.89,4
2 22 AUDJPY,20010112,203000,65.89,65.90,65.85,65.90,4
2 30 AUDJPY,20010112,210000,65.90,65.90,65.90,65.90,4
2 30 AUDJPY,20010112,213000,65.90,65.90,65.90,65.90,4
2 30 AUDJPY,20010112,220000,65.90,65.90,65.90,65.90,4
2 30 AUDJPY,20010112,223000,65.90,65.90,65.90,65.90,4
2 30 AUDJPY,20010112,230000,65.90,65.90,65.90,65.90,4
2 30 AUDJPY,20010112,233000,65.90,65.90,65.90,65.90,4
2 30 AUDJPY,20010113,000000,65.90,65.90,65.90,65.90,4
2 30 AUDJPY,20010113,003000,65.90,65.90,65.90,65.90,4
2 30 AUDJPY,20010113,010000,65.90,65.90,65.90,65.90,4
2 30 AUDJPY,20010113,013000,65.90,65.90,65.90,65.90,4
2 30 AUDJPY,20010113,020000,65.90,65.90,65.90,65.90,4
2 30 AUDJPY,20010113,023000,65.90,65.90,65.90,65.90,4
2 30 AUDJPY,20010113,030000,65.90,65.90,65.90,65.90,4
2 30 AUDJPY,20010113,033000,65.90,65.90,65.90,65.90,4
2 30 AUDJPY,20010113,040000,65.90,65.90,65.90,65.90,4
2 30 AUDJPY,20010113,043000,65.90,65.90,65.90,65.90,4
2 30 AUDJPY,20010113,050000,65.90,65.90,65.90,65.90,4
2 30 AUDJPY,20010113,053000,65.90,65.90,65.90,65.90,4
2 30 AUDJPY,20010113,060000,65.90,65.90,65.90,65.90,4
2 30 AUDJPY,20010113,063000,65.90,65.90,65.90,65.90,4
2 30 AUDJPY,20010113,070000,65.90,65.90,65.90,65.90,4
2 30 AUDJPY,20010113,073000,65.90,65.90,65.90,65.90,4
2 30 AUDJPY,20010113,080000,65.90,65.90,65.90,65.90,4
2 30 AUDJPY,20010113,083000,65.90,65.90,65.90,65.90,4
2 30 AUDJPY,20010113,090000,65.90,65.90,65.90,65.90,4
2 30 AUDJPY,20010113,093000,65.90,65.90,65.90,65.90,4
2 30 AUDJPY,20010113,100000,65.90,65.90,65.90,65.90,4
2 30 AUDJPY,20010113,103000,65.90,65.90,65.90,65.90,4
2 30 AUDJPY,20010113,110000,65.90,65.90,65.90,65.90,4
2 30 AUDJPY,20010113,113000,65.90,65.90,65.90,65.90,4
2 30 AUDJPY,20010113,120000,65.90,65.90,65.90,65.90,4
2 30 AUDJPY,20010113,123000,65.90,65.90,65.90,65.90,4
2 30 AUDJPY,20010113,130000,65.90,65.90,65.90,65.90,4
2 30 AUDJPY,20010113,133000,65.90,65.90,65.90,65.90,4
2 30 AUDJPY,20010113,140000,65.90,65.90,65.90,65.90,4
2 30 AUDJPY,20010113,143000,65.90,65.90,65.90,65.90,4
2 30 AUDJPY,20010113,150000,65.90,65.90,65.90,65.90,4
2 30 AUDJPY,20010113,153000,65.90,65.90,65.90,65.90,4
2 30 AUDJPY,20010113,160000,65.90,65.90,65.90,65.90,4
2 30 AUDJPY,20010113,163000,65.90,65.90,65.90,65.90,4
2 30 AUDJPY,20010113,170000,65.90,65.90,65.90,65.90,4
2 30 AUDJPY,20010113,173000,65.90,65.90,65.90,65.90,4
2 30 AUDJPY,20010113,180000,65.90,65.90,65.90,65.90,4
2 30 AUDJPY,20010113,183000,65.90,65.90,65.90,65.90,4
2 30 AUDJPY,20010113,190000,65.90,65.90,65.90,65.90,4
2 30 AUDJPY,20010113,193000,65.90,65.90,65.90,65.90,4
2 30 AUDJPY,20010113,200000,65.90,65.90,65.90,65.90,4
2 30 AUDJPY,20010113,203000,65.90,65.90,65.90,65.90,4
2 30 AUDJPY,20010113,210000,65.90,65.90,65.90,65.90,4
2 30 AUDJPY,20010113,213000,65.90,65.90,65.90,65.90,4
2 30 AUDJPY,20010113,220000,65.90,65.90,65.90,65.90,4
2 30 AUDJPY,20010113,223000,65.90,65.90,65.90,65.90,4
2 30 AUDJPY,20010113,230000,65.90,65.90,65.90,65.90,4
2 30 AUDJPY,20010113,233000,65.90,65.90,65.90,65.90,4
2 30 AUDJPY,20010114,000000,65.90,65.90,65.90,65.90,4
2 30 AUDJPY,20010114,003000,65.90,65.90,65.90,65.90,4
2 30 AUDJPY,20010114,010000,65.90,65.90,65.90,65.90,4
2 30 AUDJPY,20010114,013000,65.90,65.90,65.90,65.90,4
2 30 AUDJPY,20010114,020000,65.90,65.90,65.90,65.90,4
2 30 AUDJPY,20010114,023000,65.90,65.90,65.90,65.90,4
2 30 AUDJPY,20010114,030000,65.90,65.90,65.90,65.90,4
2 30 AUDJPY,20010114,033000,65.90,65.90,65.90,65.90,4
2 30 AUDJPY,20010114,040000,65.90,65.90,65.90,65.90,4
2 30 AUDJPY,20010114,043000,65.90,65.90,65.90,65.90,4
2 30 AUDJPY,20010114,050000,65.90,65.90,65.90,65.90,4
2 30 AUDJPY,20010114,053000,65.90,65.90,65.90,65.90,4
2 30 AUDJPY,20010114,060000,65.90,65.90,65.90,65.90,4
2 30 AUDJPY,20010114,063000,65.90,65.90,65.90,65.90,4
2 30 AUDJPY,20010114,070000,65.90,65.90,65.90,65.90,4
2 30 AUDJPY,20010114,073000,65.90,65.90,65.90,65.90,4
2 30 AUDJPY,20010114,080000,65.90,65.90,65.90,65.90,4
2 30 AUDJPY,20010114,083000,65.90,65.90,65.90,65.90,4
2 30 AUDJPY,20010114,090000,65.90,65.90,65.90,65.90,4
2 30 AUDJPY,20010114,093000,65.90,65.90,65.90,65.90,4
2 30 AUDJPY,20010114,100000,65.90,65.90,65.90,65.90,4
2 30 AUDJPY,20010114,103000,65.90,65.90,65.90,65.90,4
2 30 AUDJPY,20010114,110000,65.90,65.90,65.90,65.90,4
2 30 AUDJPY,20010114,113000,65.90,65.90,65.90,65.90,4
2 30 AUDJPY,20010114,120000,65.90,65.90,65.90,65.90,4
2 30 AUDJPY,20010114,123000,65.90,65.90,65.90,65.90,4
2 30 AUDJPY,20010114,130000,65.90,65.90,65.90,65.90,4
2 30 AUDJPY,20010114,133000,65.90,65.90,65.90,65.90,4
2 30 AUDJPY,20010114,140000,65.90,65.90,65.90,65.90,4
2 30 AUDJPY,20010114,143000,65.90,65.90,65.90,65.90,4
2 30 AUDJPY,20010114,150000,65.90,65.90,65.90,65.90,4
2 30 AUDJPY,20010114,153000,65.90,65.90,65.90,65.90,4
2 30 AUDJPY,20010114,160000,65.90,65.90,65.90,65.90,4
2 30 AUDJPY,20010114,163000,65.90,65.90,65.90,65.90,4
2 30 AUDJPY,20010114,170000,65.90,65.90,65.90,65.90,4
2 30 AUDJPY,20010114,173000,65.90,65.90,65.90,65.90,4
2 30 AUDJPY,20010114,180000,65.90,65.90,65.90,65.90,4
2 30 AUDJPY,20010114,183000,65.90,65.90,65.90,65.90,4
2 30 AUDJPY,20010114,190000,65.90,65.90,65.90,65.90,4
2 30 AUDJPY,20010114,193000,65.90,65.90,65.90,65.90,4
2 30 AUDJPY,20010114,200000,65.90,65.90,65.90,65.90,4
2 30 AUDJPY,20010114,203000,65.90,65.90,65.90,65.90,4
2 30 AUDJPY,20010114,210000,65.90,65.90,65.90,65.90,4
2 30 AUDJPY,20010114,213000,65.90,65.90,65.90,65.90,4
2 30 AUDJPY,20010114,220000,65.90,65.90,65.90,65.90,4
2 30 AUDJPY,20010114,223000,65.90,65.90,65.90,65.90,4
2 30 AUDJPY,20010114,230000,65.90,65.90,65.90,65.90,4
1 1 AUDJPY,20010114,233000,65.90,65.96,65.86,65.86,4
1 3 AUDJPY,20010115,000000,65.88,66.03,65.84,66.02,4
AUDJPY,20010115,003000,66.01,66.04,65.96,66.01,4
AUDJPY,20010115,010000,66.00,66.00,65.73,65.73,4
AUDJPY,20010115,013000,65.73,65.73,65.47,65.58,4
AUDJPY,20010115,020000,65.57,65.57,65.44,65.48,4
AUDJPY,20010115,023000,65.48,65.64,65.33,65.64,4
AUDJPY,20010115,030000,65.65,65.91,65.65,65.73,4
AUDJPY,20010115,033000,65.73,65.80,65.71,65.80,4
AUDJPY,20010115,040000,65.80,65.91,65.79,65.88,4
AUDJPY,20010115,043000,65.88,65.94,65.83,65.88,4
AUDJPY,20010115,050000,65.88,65.89,65.76,65.79,4
AUDJPY,20010115,053000,65.78,65.84,65.71,65.83,4
AUDJPY,20010115,060000,65.83,65.87,65.82,65.82,4
AUDJPY,20010115,063000,65.82,65.92,65.81,65.92,4
AUDJPY,20010115,070000,65.93,65.96,65.75,65.76,4
AUDJPY,20010115,073000,65.75,65.76,65.52,65.63,4
2 2 AUDJPY,20010115,080000,65.62,65.68,65.58,65.62,4
AUDJPY,20010115,083000,65.62,65.86,65.62,65.79,4
2 7 AUDJPY,20010115,090000,65.79,65.90,65.77,65.85,4
2 2 AUDJPY,20010115,093000,65.85,65.86,65.71,65.76,4
1 2 AUDJPY,20010115,100000,65.76,65.77,65.70,65.70,4
AUDJPY,20010115,103000,65.69,65.76,65.64,65.69,4
1 1 AUDJPY,20010115,110000,65.69,65.85,65.66,65.84,4
2 3 AUDJPY,20010115,113000,65.83,65.93,65.79,65.81,4
2 3 AUDJPY,20010115,120000,65.81,65.83,65.66,65.73,4
2 2 AUDJPY,20010115,123000,65.73,65.75,65.69,65.73,4
2 3 AUDJPY,20010115,130000,65.73,65.76,65.60,65.63,4
AUDJPY,20010115,133000,65.63,65.67,65.55,65.60,4
AUDJPY,20010115,140000,65.60,65.63,65.55,65.58,4
1 1 AUDJPY,20010115,143000,65.58,65.62,65.53,65.60,4
AUDJPY,20010115,150000,65.60,65.60,65.44,65.47,4
1 1 AUDJPY,20010115,153000,65.47,65.69,65.45,65.67,4
2 3 AUDJPY,20010115,160000,65.67,65.78,65.66,65.78,4
1 2 AUDJPY,20010115,163000,65.77,65.85,65.70,65.81,4
1 1 AUDJPY,20010115,170000,65.81,65.84,65.77,65.78,4
AUDJPY,20010115,173000,65.78,65.78,65.65,65.65,4
2 4 AUDJPY,20010115,180000,65.66,65.66,65.61,65.62,4
2 24 AUDJPY,20010115,183000,65.62,65.63,65.59,65.59,4
2 20 AUDJPY,20010115,190000,65.59,65.61,65.57,65.60,4
2 23 AUDJPY,20010115,193000,65.64,65.68,65.62,65.63,4
2 27 AUDJPY,20010115,200000,65.63,65.65,65.63,65.63,4
2 29 AUDJPY,20010115,203000,65.63,65.63,65.56,65.56,4
2 13 AUDJPY,20010115,210000,65.58,65.67,65.54,65.66,4
2 5 AUDJPY,20010115,213000,65.62,65.73,65.60,65.73,4
AUDJPY,20010115,220000,65.72,65.78,65.63,65.73,4
AUDJPY,20010115,223000,65.73,65.88,65.72,65.88,4
AUDJPY,20010115,230000,65.88,66.04,65.88,66.01,4
1 1 AUDJPY,20010115,233000,66.04,66.20,66.04,66.11,4
AUDJPY,20010116,000000,66.11,66.13,66.09,66.11,4
AUDJPY,20010116,003000,66.08,66.13,66.01,66.07,4
AUDJPY,20010116,010000,66.07,66.07,65.85,65.97,4
AUDJPY,20010116,013000,65.94,65.94,65.70,65.75,4
AUDJPY,20010116,020000,65.75,65.89,65.69,65.89,4
AUDJPY,20010116,023000,65.91,65.98,65.81,65.87,4
AUDJPY,20010116,030000,65.85,66.04,65.83,66.01,4
AUDJPY,20010116,033000,66.04,66.15,66.03,66.10,4
AUDJPY,20010116,040000,66.10,66.11,66.03,66.04,4
AUDJPY,20010116,043000,66.04,66.04,65.83,65.88,4
AUDJPY,20010116,050000,65.88,65.88,65.76,65.81,4
AUDJPY,20010116,053000,65.81,65.87,65.80,65.82,4
AUDJPY,20010116,060000,65.84,65.91,65.84,65.84,4
AUDJPY,20010116,063000,65.85,65.85,65.52,65.52,4
AUDJPY,20010116,070000,65.59,65.68,65.55,65.63,4
1 1 AUDJPY,20010116,073000,65.63,65.69,65.52,65.60,4
AUDJPY,20010116,080000,65.60,65.88,65.60,65.76,4
AUDJPY,20010116,083000,65.78,65.84,65.68,65.82,4
AUDJPY,20010116,090000,65.82,65.87,65.78,65.78,4
AUDJPY,20010116,093000,65.77,65.84,65.71,65.72,4
AUDJPY,20010116,100000,65.70,65.78,65.69,65.69,4
AUDJPY,20010116,103000,65.70,65.73,65.47,65.47,4
AUDJPY,20010116,110000,65.49,65.63,65.49,65.57,4
AUDJPY,20010116,113000,65.57,65.64,65.51,65.51,4
AUDJPY,20010116,120000,65.53,65.68,65.51,65.68,4
1 9 AUDJPY,20010116,123000,65.66,65.72,65.60,65.71,4
AUDJPY,20010116,130000,65.73,65.85,65.70,65.83,4
AUDJPY,20010116,133000,65.81,65.81,65.56,65.56,4
AUDJPY,20010116,140000,65.58,65.58,65.33,65.41,4
AUDJPY,20010116,143000,65.40,65.43,65.32,65.33,4
AUDJPY,20010116,150000,65.33,65.36,65.19,65.19,4
AUDJPY,20010116,153000,65.19,65.44,65.19,65.43,4
AUDJPY,20010116,160000,65.48,65.55,65.46,65.47,4
AUDJPY,20010116,163000,65.44,65.45,65.31,65.31,4
AUDJPY,20010116,170000,65.30,65.30,65.03,65.05,4
AUDJPY,20010116,173000,65.07,65.14,65.00,65.11,4
1 1 AUDJPY,20010116,180000,65.11,65.23,65.09,65.23,4
2 2 AUDJPY,20010116,183000,65.24,65.24,65.15,65.15,4
2 9 AUDJPY,20010116,190000,65.15,65.20,65.14,65.18,4
1 6 AUDJPY,20010116,193000,65.20,65.20,65.14,65.15,4
2 5 AUDJPY,20010116,200000,65.14,65.21,65.13,65.21,4
AUDJPY,20010116,203000,65.22,65.28,65.18,65.27,4
1 2 AUDJPY,20010116,210000,65.28,65.30,65.23,65.23,4
AUDJPY,20010116,213000,65.23,65.34,65.23,65.34,4
AUDJPY,20010116,220000,65.36,65.36,65.31,65.31,4
AUDJPY,20010116,223000,65.31,65.37,65.31,65.37,4
AUDJPY,20010116,230000,65.37,65.46,65.34,65.34,4
AUDJPY,20010116,233000,65.38,65.44,65.34,65.36,4
AUDJPY,20010117,000000,65.37,65.37,65.29,65.34,4
AUDJPY,20010117,003000,65.35,65.36,65.14,65.23,4
AUDJPY,20010117,010000,65.23,65.28,65.16,65.22,4
AUDJPY,20010117,013000,65.27,65.27,64.98,64.98,4
AUDJPY,20010117,020000,64.99,65.01,64.83,64.84,4
AUDJPY,20010117,023000,64.86,64.94,64.84,64.94,4
AUDJPY,20010117,030000,64.93,64.99,64.93,64.96,4
AUDJPY,20010117,033000,64.94,64.96,64.84,64.89,4
AUDJPY,20010117,040000,64.89,64.95,64.84,64.94,4
AUDJPY,20010117,043000,64.94,64.99,64.90,64.90,4
2 8 AUDJPY,20010117,050000,64.90,65.03,64.88,64.98,4
AUDJPY,20010117,053000,64.97,64.98,64.87,64.98,4
AUDJPY,20010117,060000,64.99,65.15,64.99,65.11,4
AUDJPY,20010117,063000,65.11,65.13,65.06,65.13,4
AUDJPY,20010117,070000,65.13,65.22,65.06,65.08,4
AUDJPY,20010117,073000,65.10,65.10,64.98,65.01,4
AUDJPY,20010117,080000,65.01,65.18,65.01,65.06,4
AUDJPY,20010117,083000,65.06,65.22,65.06,65.16,4
1 1 AUDJPY,20010117,090000,65.14,65.21,65.08,65.21,4
AUDJPY,20010117,093000,65.20,65.21,65.03,65.03,4
AUDJPY,20010117,100000,65.03,65.03,64.92,65.01,4
AUDJPY,20010117,103000,65.02,65.10,64.96,65.04,4
AUDJPY,20010117,110000,65.02,65.12,65.00,65.10,4
AUDJPY,20010117,113000,65.13,65.31,65.09,65.28,4
AUDJPY,20010117,120000,65.27,65.50,65.27,65.43,4
AUDJPY,20010117,123000,65.44,65.58,65.42,65.49,4
AUDJPY,20010117,130000,65.49,65.50,65.44,65.46,4
AUDJPY,20010117,133000,65.46,65.53,65.45,65.52,4
AUDJPY,20010117,140000,65.54,65.55,65.43,65.44,4
AUDJPY,20010117,143000,65.46,65.49,65.36,65.46,4
AUDJPY,20010117,150000,65.47,65.52,65.23,65.25,4
AUDJPY,20010117,153000,65.25,65.34,65.16,65.22,4
AUDJPY,20010117,160000,65.20,65.22,64.72,64.79,4
AUDJPY,20010117,163000,64.81,64.90,64.71,64.76,4
AUDJPY,20010117,170000,64.79,65.26,64.79,65.26,4
AUDJPY,20010117,173000,65.23,65.51,65.23,65.35,4
AUDJPY,20010117,180000,65.36,65.41,65.35,65.38,4
1 1 AUDJPY,20010117,183000,65.39,65.48,65.37,65.38,4
AUDJPY,20010117,190000,65.39,65.45,65.33,65.45,4
AUDJPY,20010117,193000,65.44,65.52,65.40,65.50,4
AUDJPY,20010117,200000,65.50,65.75,65.50,65.73,4
1 1 AUDJPY,20010117,203000,65.73,65.79,65.73,65.77,4
AUDJPY,20010117,210000,65.77,65.79,65.71,65.71,4
AUDJPY,20010117,213000,65.71,65.83,65.70,65.81,4
AUDJPY,20010117,220000,65.81,65.88,65.72,65.72,4
AUDJPY,20010117,223000,65.72,65.75,65.67,65.75,4
1 1 AUDJPY,20010117,230000,65.76,65.79,65.73,65.75,4
1 1 AUDJPY,20010117,233000,65.76,65.83,65.76,65.83,4
AUDJPY,20010118,000000,65.84,65.96,65.84,65.93,4
AUDJPY,20010118,003000,65.92,66.24,65.90,66.24,4
AUDJPY,20010118,010000,66.21,66.31,66.14,66.20,4
AUDJPY,20010118,013000,66.19,66.19,66.00,66.01,4
AUDJPY,20010118,020000,66.01,66.04,65.96,65.96,4
AUDJPY,20010118,023000,65.96,66.00,65.92,65.98,4
AUDJPY,20010118,030000,65.97,65.97,65.80,65.81,4
AUDJPY,20010118,033000,65.81,65.86,65.70,65.85,4
AUDJPY,20010118,040000,65.83,65.88,65.75,65.76,4
AUDJPY,20010118,043000,65.76,65.94,65.76,65.93,4
AUDJPY,20010118,050000,65.93,66.09,65.93,66.09,4
AUDJPY,20010118,053000,66.12,66.20,66.12,66.15,4
AUDJPY,20010118,060000,66.13,66.22,66.11,66.18,4
AUDJPY,20010118,063000,66.18,66.24,66.16,66.19,4
AUDJPY,20010118,070000,66.16,66.21,66.11,66.19,4
1 2 AUDJPY,20010118,073000,66.20,66.20,66.10,66.18,4
AUDJPY,20010118,080000,66.19,66.23,66.11,66.23,4
AUDJPY,20010118,083000,66.22,66.26,66.14,66.14,4
AUDJPY,20010118,090000,66.13,66.21,66.09,66.19,4
AUDJPY,20010118,093000,66.19,66.19,65.95,65.97,4
AUDJPY,20010118,100000,65.89,66.02,65.89,65.95,4
AUDJPY,20010118,103000,65.93,66.12,65.93,66.09,4
AUDJPY,20010118,110000,66.10,66.11,66.07,66.09,4
AUDJPY,20010118,113000,66.08,66.08,66.00,66.03,4
AUDJPY,20010118,120000,66.01,66.04,65.97,65.98,4
AUDJPY,20010118,123000,65.97,65.99,65.78,65.86,4
AUDJPY,20010118,130000,65.85,65.88,65.80,65.82,4
AUDJPY,20010118,133000,65.78,65.85,65.69,65.82,4
AUDJPY,20010118,140000,65.82,65.82,65.59,65.66,4
AUDJPY,20010118,143000,65.66,65.67,65.55,65.56,4
AUDJPY,20010118,150000,65.56,65.60,65.40,65.40,4
AUDJPY,20010118,153000,65.43,65.59,65.37,65.43,4
AUDJPY,20010118,160000,65.44,65.73,65.44,65.59,4
AUDJPY,20010118,163000,65.60,65.67,65.50,65.50,4
AUDJPY,20010118,170000,65.46,65.61,65.43,65.46,4
AUDJPY,20010118,173000,65.47,65.66,65.47,65.65,4
AUDJPY,20010118,180000,65.65,65.73,65.56,65.73,4
1 3 AUDJPY,20010118,183000,65.73,65.73,65.64,65.66,4
1 2 AUDJPY,20010118,190000,65.65,65.67,65.56,65.62,4
AUDJPY,20010118,193000,65.62,65.77,65.62,65.72,4
AUDJPY,20010118,200000,65.73,65.98,65.73,65.98,4
AUDJPY,20010118,203000,65.99,65.99,65.90,65.96,4
AUDJPY,20010118,210000,65.96,65.99,65.91,65.91,4
AUDJPY,20010118,213000,65.91,65.94,65.86,65.89,4
AUDJPY,20010118,220000,65.90,65.98,65.89,65.92,4
AUDJPY,20010118,223000,65.92,65.97,65.92,65.97,4
1 2 AUDJPY,20010118,230000,65.97,66.03,65.93,66.03,4
AUDJPY,20010118,233000,66.05,66.11,66.00,66.01,4
AUDJPY,20010119,000000,66.01,66.04,65.97,65.97,4
AUDJPY,20010119,003000,65.96,66.08,65.90,66.08,4
AUDJPY,20010119,010000,66.11,66.18,66.10,66.12,4
AUDJPY,20010119,013000,66.12,66.12,65.61,65.73,4
AUDJPY,20010119,020000,65.73,65.82,65.73,65.82,4
AUDJPY,20010119,023000,65.84,65.84,65.77,65.80,4
AUDJPY,20010119,030000,65.80,65.90,65.78,65.90,4
AUDJPY,20010119,033000,65.90,65.98,65.89,65.98,4
AUDJPY,20010119,040000,65.98,66.16,65.98,66.03,4
AUDJPY,20010119,043000,66.03,66.21,66.03,66.15,4
AUDJPY,20010119,050000,66.14,66.21,66.12,66.12,4
AUDJPY,20010119,053000,66.12,66.12,65.99,66.01,4
AUDJPY,20010119,060000,66.01,66.01,65.89,65.94,4
AUDJPY,20010119,063000,65.95,65.99,65.90,65.99,4
AUDJPY,20010119,070000,65.99,65.99,65.90,65.93,4
AUDJPY,20010119,073000,65.93,65.95,65.89,65.90,4
AUDJPY,20010119,080000,65.92,66.22,65.91,66.22,4
AUDJPY,20010119,083000,66.23,66.37,66.07,66.10,4
AUDJPY,20010119,090000,66.08,66.14,65.79,65.94,4
AUDJPY,20010119,093000,65.91,66.10,65.91,65.97,4
AUDJPY,20010119,100000,65.96,66.04,65.92,65.99,4
AUDJPY,20010119,103000,65.98,65.98,65.89,65.90,4
AUDJPY,20010119,110000,65.89,65.94,65.86,65.89,4
AUDJPY,20010119,113000,65.88,65.98,65.86,65.92,4
AUDJPY,20010119,120000,65.93,65.94,65.85,65.91,4
AUDJPY,20010119,123000,65.91,65.93,65.86,65.89,4
AUDJPY,20010119,130000,65.90,65.93,65.81,65.84,4
AUDJPY,20010119,133000,65.84,65.86,65.71,65.76,4
AUDJPY,20010119,140000,65.74,65.78,65.60,65.60,4
AUDJPY,20010119,143000,65.59,65.63,65.55,65.61,4
AUDJPY,20010119,150000,65.60,65.61,65.33,65.40,4
AUDJPY,20010119,153000,65.39,65.62,65.36,65.55,4
AUDJPY,20010119,160000,65.56,65.61,65.17,65.27,4
AUDJPY,20010119,163000,65.34,65.42,65.25,65.39,4
1 1 AUDJPY,20010119,170000,65.39,65.40,65.28,65.28,4
1 2 AUDJPY,20010119,173000,65.28,65.32,65.18,65.18,4
AUDJPY,20010119,180000,65.19,65.42,65.18,65.40,4
AUDJPY,20010119,183000,65.39,65.42,65.29,65.34,4
AUDJPY,20010119,190000,65.35,65.35,65.21,65.23,4
1 1 AUDJPY,20010119,193000,65.23,65.23,65.13,65.13,4
2 7 AUDJPY,20010119,200000,65.13,65.14,65.11,65.12,4
2 11 AUDJPY,20010119,203000,65.12,65.19,65.07,65.19,4
1 6 AUDJPY,20010119,210000,65.19,65.21,65.00,65.00,4
2 30 AUDJPY,20010119,213000,65.00,65.00,65.00,65.00,4
2 30 AUDJPY,20010119,220000,65.00,65.00,65.00,65.00,4
2 30 AUDJPY,20010119,223000,65.00,65.00,65.00,65.00,4
2 30 AUDJPY,20010119,230000,65.00,65.00,65.00,65.00,4
2 30 AUDJPY,20010119,233000,65.00,65.00,65.00,65.00,4
2 30 AUDJPY,20010120,000000,65.00,65.00,65.00,65.00,4
2 30 AUDJPY,20010120,003000,65.00,65.00,65.00,65.00,4
2 30 AUDJPY,20010120,010000,65.00,65.00,65.00,65.00,4
2 30 AUDJPY,20010120,013000,65.00,65.00,65.00,65.00,4
2 30 AUDJPY,20010120,020000,65.00,65.00,65.00,65.00,4
2 30 AUDJPY,20010120,023000,65.00,65.00,65.00,65.00,4
2 30 AUDJPY,20010120,030000,65.00,65.00,65.00,65.00,4
2 30 AUDJPY,20010120,033000,65.00,65.00,65.00,65.00,4
2 30 AUDJPY,20010120,040000,65.00,65.00,65.00,65.00,4
2 30 AUDJPY,20010120,043000,65.00,65.00,65.00,65.00,4
2 30 AUDJPY,20010120,050000,65.00,65.00,65.00,65.00,4
2 30 AUDJPY,20010120,053000,65.00,65.00,65.00,65.00,4
2 30 AUDJPY,20010120,060000,65.00,65.00,65.00,65.00,4
2 30 AUDJPY,20010120,063000,65.00,65.00,65.00,65.00,4
2 30 AUDJPY,20010120,070000,65.00,65.00,65.00,65.00,4
2 30 AUDJPY,20010120,073000,65.00,65.00,65.00,65.00,4
2 30 AUDJPY,20010120,080000,65.00,65.00,65.00,65.00,4
2 30 AUDJPY,20010120,083000,65.00,65.00,65.00,65.00,4
2 30 AUDJPY,20010120,090000,65.00,65.00,65.00,65.00,4
2 30 AUDJPY,20010120,093000,65.00,65.00,65.00,65.00,4
2 30 AUDJPY,20010120,100000,65.00,65.00,65.00,65.00,4
2 30 AUDJPY,20010120,103000,65.00,65.00,65.00,65.00,4
2 30 AUDJPY,20010120,110000,65.00,65.00,65.00,65.00,4
2 30 AUDJPY,20010120,113000,65.00,65.00,65.00,65.00,4
2 30 AUDJPY,20010120,120000,65.00,65.00,65.00,65.00,4
2 30 AUDJPY,20010120,123000,65.00,65.00,65.00,65.00,4
2 30 AUDJPY,20010120,130000,65.00,65.00,65.00,65.00,4
2 30 AUDJPY,20010120,133000,65.00,65.00,65.00,65.00,4
2 30 AUDJPY,20010120,140000,65.00,65.00,65.00,65.00,4
2 30 AUDJPY,20010120,143000,65.00,65.00,65.00,65.00,4
2 30 AUDJPY,20010120,150000,65.00,65.00,65.00,65.00,4
2 30 AUDJPY,20010120,153000,65.00,65.00,65.00,65.00,4
2 30 AUDJPY,20010120,160000,65.00,65.00,65.00,65.00,4
2 30 AUDJPY,20010120,163000,65.00,65.00,65.00,65.00,4
2 30 AUDJPY,20010120,170000,65.00,65.00,65.00,65.00,4
2 30 AUDJPY,20010120,173000,65.00,65.00,65.00,65.00,4
2 30 AUDJPY,20010120,180000,65.00,65.00,65.00,65.00,4
2 30 AUDJPY,20010120,183000,65.00,65.00,65.00,65.00,4
2 30 AUDJPY,20010120,190000,65.00,65.00,65.00,65.00,4
2 30 AUDJPY,20010120,193000,65.00,65.00,65.00,65.00,4
2 30 AUDJPY,20010120,200000,65.00,65.00,65.00,65.00,4
2 30 AUDJPY,20010120,203000,65.00,65.00,65.00,65.00,4
2 30 AUDJPY,20010120,210000,65.00,65.00,65.00,65.00,4
2 30 AUDJPY,20010120,213000,65.00,65.00,65.00,65.00,4
2 30 AUDJPY,20010120,220000,65.00,65.00,65.00,65.00,4
2 30 AUDJPY,20010120,223000,65.00,65.00,65.00,65.00,4
2 30 AUDJPY,20010120,230000,65.00,65.00,65.00,65.00,4
2 30 AUDJPY,20010120,233000,65.00,65.00,65.00,65.00,4
2 30 AUDJPY,20010121,000000,65.00,65.00,65.00,65.00,4
2 30 AUDJPY,20010121,003000,65.00,65.00,65.00,65.00,4
2 30 AUDJPY,20010121,010000,65.00,65.00,65.00,65.00,4
2 30 AUDJPY,20010121,013000,65.00,65.00,65.00,65.00,4
2 30 AUDJPY,20010121,020000,65.00,65.00,65.00,65.00,4
2 30 AUDJPY,20010121,023000,65.00,65.00,65.00,65.00,4
2 30 AUDJPY,20010121,030000,65.00,65.00,65.00,65.00,4
2 30 AUDJPY,20010121,033000,65.00,65.00,65.00,65.00,4
2 30 AUDJPY,20010121,040000,65.00,65.00,65.00,65.00,4
2 30 AUDJPY,20010121,043000,65.00,65.00,65.00,65.00,4
2 30 AUDJPY,20010121,050000,65.00,65.00,65.00,65.00,4
2 30 AUDJPY,20010121,053000,65.00,65.00,65.00,65.00,4
2 30 AUDJPY,20010121,060000,65.00,65.00,65.00,65.00,4
2 30 AUDJPY,20010121,063000,65.00,65.00,65.00,65.00,4
2 30 AUDJPY,20010121,070000,65.00,65.00,65.00,65.00,4
2 30 AUDJPY,20010121,073000,65.00,65.00,65.00,65.00,4
2 30 AUDJPY,20010121,080000,65.00,65.00,65.00,65.00,4
2 30 AUDJPY,20010121,083000,65.00,65.00,65.00,65.00,4
2 30 AUDJPY,20010121,090000,65.00,65.00,65.00,65.00,4
2 30 AUDJPY,20010121,093000,65.00,65.00,65.00,65.00,4
2 30 AUDJPY,20010121,100000,65.00,65.00,65.00,65.00,4
2 30 AUDJPY,20010121,103000,65.00,65.00,65.00,65.00,4
2 30 AUDJPY,20010121,110000,65.00,65.00,65.00,65.00,4
2 30 AUDJPY,20010121,113000,65.00,65.00,65.00,65.00,4
2 30 AUDJPY,20010121,120000,65.00,65.00,65.00,65.00,4
2 30 AUDJPY,20010121,123000,65.00,65.00,65.00,65.00,4
2 30 AUDJPY,20010121,130000,65.00,65.00,65.00,65.00,4
2 30 AUDJPY,20010121,133000,65.00,65.00,65.00,65.00,4
2 30 AUDJPY,20010121,140000,65.00,65.00,65.00,65.00,4
2 30 AUDJPY,20010121,143000,65.00,65.00,65.00,65.00,4
2 30 AUDJPY,20010121,150000,65.00,65.00,65.00,65.00,4
2 30 AUDJPY,20010121,153000,65.00,65.00,65.00,65.00,4
2 30 AUDJPY,20010121,160000,65.00,65.00,65.00,65.00,4
2 30 AUDJPY,20010121,163000,65.00,65.00,65.00,65.00,4
2 30 AUDJPY,20010121,170000,65.00,65.00,65.00,65.00,4
2 30 AUDJPY,20010121,173000,65.00,65.00,65.00,65.00,4
2 30 AUDJPY,20010121,180000,65.00,65.00,65.00,65.00,4
2 30 AUDJPY,20010121,183000,65.00,65.00,65.00,65.00,4
2 30 AUDJPY,20010121,190000,65.00,65.00,65.00,65.00,4
2 30 AUDJPY,20010121,193000,65.00,65.00,65.00,65.00,4
2 30 AUDJPY,20010121,200000,65.00,65.00,65.00,65.00,4
2 30 AUDJPY,20010121,203000,65.00,65.00,65.00,65.00,4
2 30 AUDJPY,20010121,210000,65.00,65.00,65.00,65.00,4
2 30 AUDJPY,20010121,213000,65.00,65.00,65.00,65.00,4
2 30 AUDJPY,20010121,220000,65.00,65.00,65.00,65.00,4
2 30 AUDJPY,20010121,223000,65.00,65.00,65.00,65.00,4
2 30 AUDJPY,20010121,230000,65.00,65.00,65.00,65.00,4
1 3 AUDJPY,20010121,233000,65.00,65.01,64.71,64.77,4
AUDJPY,20010122,000000,64.77,64.77,64.60,64.66,4
AUDJPY,20010122,003000,64.66,64.67,64.36,64.43,4
AUDJPY,20010122,010000,64.43,64.60,64.40,64.59,4
AUDJPY,20010122,013000,64.59,64.73,64.56,64.73,4
AUDJPY,20010122,020000,64.73,64.81,64.73,64.81,4
1 2 AUDJPY,20010122,023000,64.82,64.91,64.82,64.90,4
AUDJPY,20010122,030000,64.91,65.07,64.91,65.02,4
AUDJPY,20010122,033000,65.02,65.07,64.98,65.00,4
2 5 AUDJPY,20010122,040000,65.00,65.03,64.96,65.02,4
AUDJPY,20010122,043000,65.02,65.02,64.96,64.96,4
AUDJPY,20010122,050000,64.96,65.04,64.91,65.04,4
1 1 AUDJPY,20010122,053000,65.04,65.08,64.96,64.97,4
AUDJPY,20010122,060000,64.97,64.99,64.87,64.91,4
AUDJPY,20010122,063000,64.92,65.01,64.92,64.98,4
AUDJPY,20010122,070000,64.98,65.12,64.98,65.06,4
2 5 AUDJPY,20010122,073000,65.06,65.12,65.02,65.02,4
AUDJPY,20010122,080000,65.02,65.16,65.01,65.08,4
AUDJPY,20010122,083000,65.08,65.08,64.85,64.85,4
AUDJPY,20010122,090000,64.84,64.84,64.70,64.75,4
AUDJPY,20010122,093000,64.75,64.76,64.46,64.58,4
AUDJPY,20010122,100000,64.58,64.65,64.44,64.45,4
AUDJPY,20010122,103000,64.46,64.54,64.43,64.48,4
AUDJPY,20010122,110000,64.47,64.58,64.26,64.26,4
1 3 AUDJPY,20010122,113000,64.27,64.44,64.24,64.39,4
AUDJPY,20010122,120000,64.38,64.41,64.32,64.37,4
1 1 AUDJPY,20010122,123000,64.37,64.41,64.35,64.39,4
AUDJPY,20010122,130000,64.39,64.46,64.36,64.36,4
1 2 AUDJPY,20010122,133000,64.36,64.42,64.30,64.34,4
AUDJPY,20010122,140000,64.35,64.44,64.34,64.44,4
AUDJPY,20010122,143000,64.44,64.50,64.41,64.41,4
AUDJPY,20010122,150000,64.41,64.48,64.39,64.46,4
AUDJPY,20010122,153000,64.46,64.75,64.39,64.72,4
AUDJPY,20010122,160000,64.72,64.74,64.67,64.68,4
AUDJPY,20010122,163000,64.68,64.74,64.64,64.68,4
1 2 AUDJPY,20010122,170000,64.67,64.68,64.58,64.66,4
1 2 AUDJPY,20010122,173000,64.67,64.71,64.57,64.62,4
1 2 AUDJPY,20010122,180000,64.61,64.70,64.59,64.69,4
AUDJPY,20010122,183000,64.69,64.70,64.65,64.68,4
1 2 AUDJPY,20010122,190000,64.68,64.91,64.67,64.84,4
1 1 AUDJPY,20010122,193000,64.83,64.88,64.79,64.79,4
2 4 AUDJPY,20010122,200000,64.79,64.81,64.74,64.74,4
1 10 AUDJPY,20010122,203000,64.74,64.75,64.68,64.68,4
2 10 AUDJPY,20010122,210000,64.68,64.70,64.64,64.66,4
2 12 AUDJPY,20010122,213000,64.66,64.74,64.66,64.72,4
2 12 AUDJPY,20010122,220000,64.72,64.72,64.67,64.71,4
AUDJPY,20010122,223000,64.71,64.77,64.68,64.69,4
1 1 AUDJPY,20010122,230000,64.68,64.70,64.63,64.70,4
AUDJPY,20010122,233000,64.70,64.84,64.68,64.80,4
1 2 AUDJPY,20010123,000000,64.80,64.85,64.77,64.78,4
AUDJPY,20010123,003000,64.78,64.88,64.76,64.86,4
1 1 AUDJPY,20010123,010000,64.86,64.92,64.81,64.81,4
AUDJPY,20010123,013000,64.81,64.98,64.80,64.98,4
AUDJPY,20010123,020000,64.98,65.10,64.95,65.02,4
AUDJPY,20010123,023000,65.02,65.16,65.01,65.16,4
AUDJPY,20010123,030000,65.16,65.18,65.12,65.15,4
AUDJPY,20010123,033000,65.16,65.18,65.12,65.14,4
AUDJPY,20010123,040000,65.14,65.14,64.96,64.96,4
AUDJPY,20010123,043000,64.98,65.36,64.98,65.32,4
AUDJPY,20010123,050000,65.33,65.38,65.08,65.11,4
AUDJPY,20010123,053000,65.12,65.29,65.12,65.29,4
AUDJPY,20010123,060000,65.29,65.29,65.13,65.15,4
AUDJPY,20010123,063000,65.15,65.16,64.93,64.93,4
AUDJPY,20010123,070000,64.93,65.04,64.86,64.87,4
AUDJPY,20010123,073000,64.87,65.02,64.86,64.97,4
1 1 AUDJPY,20010123,080000,64.97,65.09,64.91,65.07,4
1 2 AUDJPY,20010123,083000,65.06,65.10,64.97,65.05,4
AUDJPY,20010123,090000,65.05,65.05,64.95,65.00,4
AUDJPY,20010123,093000,64.99,65.02,64.88,64.90,4
1 1 AUDJPY,20010123,100000,64.91,65.01,64.86,64.99,4
AUDJPY,20010123,103000,64.98,65.03,64.96,65.01,4
AUDJPY,20010123,110000,65.00,65.11,64.99,65.08,4
AUDJPY,20010123,113000,65.08,65.23,65.08,65.23,4
AUDJPY,20010123,120000,65.22,65.26,65.14,65.23,4
AUDJPY,20010123,123000,65.21,65.23,65.07,65.12,4
AUDJPY,20010123,130000,65.15,65.15,65.00,65.06,4
AUDJPY,20010123,133000,65.06,65.06,64.80,64.80,4
2 14 AUDJPY,20010123,140000,64.83,64.87,64.78,64.83,4
AUDJPY,20010123,143000,64.82,64.83,64.73,64.80,4
2 13 AUDJPY,20010123,150000,64.81,64.85,64.78,64.84,4
2 6 AUDJPY,20010123,153000,64.83,64.87,64.78,64.81,4
2 7 AUDJPY,20010123,160000,64.81,64.85,64.72,64.77,4
2 9 AUDJPY,20010123,163000,64.77,64.77,64.65,64.65,4
2 11 AUDJPY,20010123,170000,64.65,64.68,64.63,64.64,4
2 9 AUDJPY,20010123,173000,64.64,64.65,64.59,64.64,4
2 20 AUDJPY,20010123,180000,64.65,64.67,64.64,64.65,4
2 12 AUDJPY,20010123,183000,64.65,64.68,64.63,64.68,4
2 9 AUDJPY,20010123,190000,64.68,64.77,64.67,64.77,4
2 8 AUDJPY,20010123,193000,64.77,64.77,64.68,64.69,4
2 5 AUDJPY,20010123,200000,64.69,64.69,64.64,64.66,4
1 11 AUDJPY,20010123,203000,64.66,64.67,64.64,64.67,4
2 7 AUDJPY,20010123,210000,64.67,64.68,64.64,64.64,4
1 1 AUDJPY,20010123,213000,64.64,64.66,64.62,64.64,4
AUDJPY,20010123,220000,64.63,64.64,64.36,64.39,4
AUDJPY,20010123,223000,64.38,64.39,64.29,64.29,4
1 1 AUDJPY,20010123,230000,64.28,64.33,64.24,64.33,4
1 1 AUDJPY,20010123,233000,64.32,64.39,64.32,64.37,4
AUDJPY,20010124,000000,64.36,64.42,64.32,64.42,4
AUDJPY,20010124,003000,64.43,64.48,64.33,64.33,4
AUDJPY,20010124,010000,64.32,64.37,64.28,64.33,4
AUDJPY,20010124,013000,64.32,64.46,64.32,64.44,4
AUDJPY,20010124,020000,64.44,64.50,64.42,64.46,4
AUDJPY,20010124,023000,64.47,64.78,64.46,64.75,4
1 1 AUDJPY,20010124,030000,64.76,64.84,64.73,64.77,4
2 7 AUDJPY,20010124,033000,64.77,64.79,64.70,64.70,4
2 4 AUDJPY,20010124,040000,64.70,64.74,64.69,64.70,4
1 1 AUDJPY,20010124,043000,64.70,64.76,64.67,64.72,4
AUDJPY,20010124,050000,64.72,64.73,64.64,64.64,4
AUDJPY,20010124,053000,64.64,64.64,64.55,64.56,4
AUDJPY,20010124,060000,64.56,64.60,64.51,64.55,4
AUDJPY,20010124,063000,64.55,64.55,64.47,64.49,4
1 3 AUDJPY,20010124,070000,64.49,64.60,64.47,64.60,4
AUDJPY,20010124,073000,64.61,64.65,64.55,64.65,4
AUDJPY,20010124,080000,64.65,64.68,64.58,64.60,4
AUDJPY,20010124,083000,64.59,64.69,64.59,64.66,4
1 1 AUDJPY,20010124,090000,64.66,64.67,64.46,64.46,4
AUDJPY,20010124,093000,64.46,64.49,64.41,64.46,4
AUDJPY,20010124,100000,64.45,64.48,64.41,64.47,4
AUDJPY,20010124,103000,64.47,64.92,64.47,64.75,4
AUDJPY,20010124,110000,64.74,64.94,64.72,64.91,4
AUDJPY,20010124,113000,64.94,64.96,64.87,64.93,4
AUDJPY,20010124,120000,64.92,64.99,64.83,64.84,4
AUDJPY,20010124,123000,64.84,65.01,64.82,64.99,4
AUDJPY,20010124,130000,65.00,65.01,64.94,64.99,4
AUDJPY,20010124,133000,64.99,65.03,64.61,64.62,4
AUDJPY,20010124,140000,64.63,64.63,64.20,64.20,4
AUDJPY,20010124,143000,64.25,64.29,64.06,64.11,4
AUDJPY,20010124,150000,64.17,64.46,64.14,64.37,4
1 3 AUDJPY,20010124,153000,64.37,64.44,64.32,64.40,4
2 9 AUDJPY,20010124,160000,64.42,64.44,64.26,64.26,4
2 9 AUDJPY,20010124,163000,64.26,64.33,64.24,64.25,4
2 5 AUDJPY,20010124,170000,64.26,64.40,64.24,64.38,4
2 4 AUDJPY,20010124,173000,64.39,64.43,64.31,64.34,4
2 14 AUDJPY,20010124,180000,64.34,64.51,64.33,64.48,4
2 17 AUDJPY,20010124,183000,64.49,64.49,64.26,64.28,4
2 30 AUDJPY,20010124,190000,64.28,64.28,64.28,64.28,4
2 23 AUDJPY,20010124,193000,64.28,64.28,64.11,64.11,4
2 24 AUDJPY,20010124,200000,64.11,64.17,64.11,64.11,4
2 24 AUDJPY,20010124,203000,64.17,64.17,63.90,63.90,4
2 26 AUDJPY,20010124,210000,63.90,64.00,63.90,63.92,4
1 2 AUDJPY,20010124,213000,63.92,63.96,63.92,63.93,4
1 1 AUDJPY,20010124,220000,63.93,63.96,63.90,63.92,4
AUDJPY,20010124,223000,63.92,64.04,63.90,64.01,4
AUDJPY,20010124,230000,64.01,64.17,64.01,64.13,4
AUDJPY,20010124,233000,64.13,64.14,64.05,64.07,4
2 7 AUDJPY,20010125,000000,64.07,64.20,64.07,64.20,4
1 4 AUDJPY,20010125,003000,64.19,64.19,64.08,64.08,4
1 1 AUDJPY,20010125,010000,64.08,64.11,64.02,64.06,4
AUDJPY,20010125,013000,64.06,64.06,63.85,63.89,4
1 5 AUDJPY,20010125,020000,63.89,63.91,63.87,63.91,4
2 7 AUDJPY,20010125,023000,63.91,64.01,63.89,64.01,4
AUDJPY,20010125,030000,64.01,64.08,64.01,64.05,4
2 2 AUDJPY,20010125,033000,64.06,64.11,64.06,64.06,4
AUDJPY,20010125,040000,64.07,64.08,64.01,64.04,4
1 1 AUDJPY,20010125,043000,64.04,64.11,64.01,64.11,4
1 7 AUDJPY,20010125,050000,64.10,64.25,64.07,64.15,4
1 1 AUDJPY,20010125,053000,64.15,64.17,64.02,64.03,4
2 5 AUDJPY,20010125,060000,64.04,64.06,63.85,63.89,4
AUDJPY,20010125,063000,63.89,64.00,63.81,63.99,4
1 1 AUDJPY,20010125,070000,64.00,64.24,64.00,64.24,4
AUDJPY,20010125,073000,64.23,64.30,64.14,64.16,4
AUDJPY,20010125,080000,64.15,64.16,63.94,64.07,4
AUDJPY,20010125,083000,64.06,64.20,64.06,64.18,4
AUDJPY,20010125,090000,64.17,64.19,64.01,64.04,4
AUDJPY,20010125,093000,64.04,64.18,64.01,64.10,4
AUDJPY,20010125,100000,64.10,64.10,63.94,64.03,4
AUDJPY,20010125,103000,64.02,64.03,63.87,63.90,4
AUDJPY,20010125,110000,63.90,63.91,63.67,63.78,4
AUDJPY,20010125,113000,63.79,63.79,63.62,63.69,4
AUDJPY,20010125,120000,63.68,63.71,63.59,63.68,4
AUDJPY,20010125,123000,63.68,63.68,63.51,63.62,4
AUDJPY,20010125,130000,63.62,63.69,63.58,63.64,4
AUDJPY,20010125,133000,63.64,63.69,63.58,63.61,4
AUDJPY,20010125,140000,63.62,63.63,63.24,63.30,4
AUDJPY,20010125,143000,63.29,63.46,63.18,63.42,4
2 6 AUDJPY,20010125,150000,63.42,63.56,63.37,63.45,4
2 9 AUDJPY,20010125,153000,63.45,63.57,63.45,63.49,4
AUDJPY,20010125,160000,63.49,63.49,63.28,63.49,4
1 1 AUDJPY,20010125,163000,63.49,63.66,63.43,63.61,4
2 3 AUDJPY,20010125,170000,63.62,63.71,63.60,63.71,4
1 6 AUDJPY,20010125,173000,63.71,63.77,63.64,63.73,4
2 8 AUDJPY,20010125,180000,63.72,63.72,63.54,63.55,4
2 17 AUDJPY,20010125,183000,63.54,63.61,63.54,63.61,4
2 27 AUDJPY,20010125,190000,63.61,63.61,63.56,63.56,4
2 15 AUDJPY,20010125,193000,63.56,63.58,63.52,63.56,4
2 10 AUDJPY,20010125,200000,63.58,63.62,63.50,63.50,4
2 11 AUDJPY,20010125,203000,63.50,63.69,63.50,63.67,4
2 11 AUDJPY,20010125,210000,63.66,63.70,63.64,63.70,4
AUDJPY,20010125,213000,63.70,63.85,63.70,63.85,4
2 2 AUDJPY,20010125,220000,63.85,63.87,63.73,63.74,4
2 3 AUDJPY,20010125,223000,63.74,63.80,63.73,63.80,4
2 13 AUDJPY,20010125,230000,63.80,63.83,63.77,63.80,4
2 13 AUDJPY,20010125,233000,63.80,63.83,63.76,63.76,4
2 6 AUDJPY,20010126,000000,63.76,63.78,63.69,63.69,4
2 23 AUDJPY,20010126,003000,63.69,63.78,63.69,63.78,4
2 4 AUDJPY,20010126,010000,63.78,63.80,63.74,63.74,4
1 2 AUDJPY,20010126,013000,63.74,63.78,63.72,63.78,4
1 2 AUDJPY,20010126,020000,63.78,63.84,63.76,63.82,4
2 19 AUDJPY,20010126,023000,63.82,63.86,63.74,63.74,4
2 30 AUDJPY,20010126,030000,63.74,63.74,63.74,63.74,4
2 20 AUDJPY,20010126,033000,63.74,63.74,63.68,63.68,4
2 8 AUDJPY,20010126,040000,63.68,63.71,63.67,63.71,4
2 5 AUDJPY,20010126,043000,63.71,63.72,63.69,63.69,4
2 10 AUDJPY,20010126,050000,63.69,63.69,63.60,63.64,4
AUDJPY,20010126,053000,63.64,63.69,63.60,63.65,4
2 9 AUDJPY,20010126,060000,63.65,63.70,63.63,63.69,4
2 14 AUDJPY,20010126,063000,63.69,63.73,63.67,63.72,4
2 16 AUDJPY,20010126,070000,63.72,63.73,63.66,63.68,4
1 1 AUDJPY,20010126,073000,63.68,63.76,63.62,63.69,4
1 2 AUDJPY,20010126,080000,63.69,63.70,63.64,63.67,4
AUDJPY,20010126,083000,63.66,63.69,63.56,63.58,4
AUDJPY,20010126,090000,63.59,63.73,63.58,63.63,4
AUDJPY,20010126,093000,63.62,63.63,63.36,63.38,4
AUDJPY,20010126,100000,63.39,63.39,63.16,63.17,4
AUDJPY,20010126,103000,63.17,63.34,63.17,63.22,4
AUDJPY,20010126,110000,63.22,63.34,63.14,63.18,4
AUDJPY,20010126,113000,63.19,63.32,63.19,63.32,4
AUDJPY,20010126,120000,63.33,63.45,63.29,63.44,4
AUDJPY,20010126,123000,63.45,63.55,63.40,63.40,4
AUDJPY,20010126,130000,63.39,63.45,63.09,63.12,4
AUDJPY,20010126,133000,63.13,63.28,63.10,63.15,4
AUDJPY,20010126,140000,63.14,63.41,63.14,63.41,4
AUDJPY,20010126,143000,63.42,63.60,63.42,63.60,4
AUDJPY,20010126,150000,63.61,63.70,63.55,63.55,4
AUDJPY,20010126,153000,63.55,63.58,63.47,63.57,4
1 2 AUDJPY,20010126,160000,63.56,63.63,63.52,63.52,4
1 7 AUDJPY,20010126,163000,63.52,63.58,63.51,63.57,4
2 18 AUDJPY,20010126,170000,63.57,63.63,63.57,63.62,4
2 22 AUDJPY,20010126,173000,63.62,63.73,63.61,63.64,4
2 19 AUDJPY,20010126,180000,63.63,63.71,63.63,63.71,4
2 15 AUDJPY,20010126,183000,63.70,63.78,63.67,63.78,4
2 19 AUDJPY,20010126,190000,63.77,63.79,63.77,63.77,4
2 21 AUDJPY,20010126,193000,63.77,63.88,63.77,63.88,4
2 23 AUDJPY,20010126,200000,63.88,63.88,63.83,63.85,4
2 29 AUDJPY,20010126,203000,63.85,63.85,63.82,63.82,4
2 19 AUDJPY,20010126,210000,63.82,63.85,63.81,63.82,4
2 30 AUDJPY,20010126,213000,63.82,63.82,63.82,63.82,4
2 30 AUDJPY,20010126,220000,63.82,63.82,63.82,63.82,4
2 30 AUDJPY,20010126,223000,63.82,63.82,63.82,63.82,4
2 30 AUDJPY,20010126,230000,63.82,63.82,63.82,63.82,4
2 30 AUDJPY,20010126,233000,63.82,63.82,63.82,63.82,4
2 30 AUDJPY,20010127,000000,63.82,63.82,63.82,63.82,4
2 30 AUDJPY,20010127,003000,63.82,63.82,63.82,63.82,4
2 30 AUDJPY,20010127,010000,63.82,63.82,63.82,63.82,4
2 30 AUDJPY,20010127,013000,63.82,63.82,63.82,63.82,4
2 30 AUDJPY,20010127,020000,63.82,63.82,63.82,63.82,4
2 30 AUDJPY,20010127,023000,63.82,63.82,63.82,63.82,4
2 30 AUDJPY,20010127,030000,63.82,63.82,63.82,63.82,4
2 30 AUDJPY,20010127,033000,63.82,63.82,63.82,63.82,4
2 30 AUDJPY,20010127,040000,63.82,63.82,63.82,63.82,4
2 30 AUDJPY,20010127,043000,63.82,63.82,63.82,63.82,4
2 30 AUDJPY,20010127,050000,63.82,63.82,63.82,63.82,4
2 30 AUDJPY,20010127,053000,63.82,63.82,63.82,63.82,4
2 30 AUDJPY,20010127,060000,63.82,63.82,63.82,63.82,4
2 30 AUDJPY,20010127,063000,63.82,63.82,63.82,63.82,4
2 30 AUDJPY,20010127,070000,63.82,63.82,63.82,63.82,4
2 30 AUDJPY,20010127,073000,63.82,63.82,63.82,63.82,4
2 30 AUDJPY,20010127,080000,63.82,63.82,63.82,63.82,4
2 30 AUDJPY,20010127,083000,63.82,63.82,63.82,63.82,4
2 30 AUDJPY,20010127,090000,63.82,63.82,63.82,63.82,4
2 30 AUDJPY,20010127,093000,63.82,63.82,63.82,63.82,4
2 30 AUDJPY,20010127,100000,63.82,63.82,63.82,63.82,4
2 30 AUDJPY,20010127,103000,63.82,63.82,63.82,63.82,4
2 30 AUDJPY,20010127,110000,63.82,63.82,63.82,63.82,4
2 30 AUDJPY,20010127,113000,63.82,63.82,63.82,63.82,4
2 30 AUDJPY,20010127,120000,63.82,63.82,63.82,63.82,4
2 30 AUDJPY,20010127,123000,63.82,63.82,63.82,63.82,4
2 30 AUDJPY,20010127,130000,63.82,63.82,63.82,63.82,4
2 30 AUDJPY,20010127,133000,63.82,63.82,63.82,63.82,4
2 30 AUDJPY,20010127,140000,63.82,63.82,63.82,63.82,4
2 30 AUDJPY,20010127,143000,63.82,63.82,63.82,63.82,4
2 30 AUDJPY,20010127,150000,63.82,63.82,63.82,63.82,4
2 30 AUDJPY,20010127,153000,63.82,63.82,63.82,63.82,4
2 30 AUDJPY,20010127,160000,63.82,63.82,63.82,63.82,4
2 30 AUDJPY,20010127,163000,63.82,63.82,63.82,63.82,4
2 30 AUDJPY,20010127,170000,63.82,63.82,63.82,63.82,4
2 30 AUDJPY,20010127,173000,63.82,63.82,63.82,63.82,4
2 30 AUDJPY,20010127,180000,63.82,63.82,63.82,63.82,4
2 30 AUDJPY,20010127,183000,63.82,63.82,63.82,63.82,4
2 30 AUDJPY,20010127,190000,63.82,63.82,63.82,63.82,4
2 30 AUDJPY,20010127,193000,63.82,63.82,63.82,63.82,4
2 30 AUDJPY,20010127,200000,63.82,63.82,63.82,63.82,4
2 30 AUDJPY,20010127,203000,63.82,63.82,63.82,63.82,4
2 30 AUDJPY,20010127,210000,63.82,63.82,63.82,63.82,4
2 30 AUDJPY,20010127,213000,63.82,63.82,63.82,63.82,4
2 30 AUDJPY,20010127,220000,63.82,63.82,63.82,63.82,4
2 30 AUDJPY,20010127,223000,63.82,63.82,63.82,63.82,4
2 30 AUDJPY,20010127,230000,63.82,63.82,63.82,63.82,4
2 30 AUDJPY,20010127,233000,63.82,63.82,63.82,63.82,4
2 30 AUDJPY,20010128,000000,63.82,63.82,63.82,63.82,4
2 30 AUDJPY,20010128,003000,63.82,63.82,63.82,63.82,4
2 30 AUDJPY,20010128,010000,63.82,63.82,63.82,63.82,4
2 30 AUDJPY,20010128,013000,63.82,63.82,63.82,63.82,4
2 30 AUDJPY,20010128,020000,63.82,63.82,63.82,63.82,4
2 30 AUDJPY,20010128,023000,63.82,63.82,63.82,63.82,4
2 30 AUDJPY,20010128,030000,63.82,63.82,63.82,63.82,4
2 30 AUDJPY,20010128,033000,63.82,63.82,63.82,63.82,4
2 30 AUDJPY,20010128,040000,63.82,63.82,63.82,63.82,4
2 30 AUDJPY,20010128,043000,63.82,63.82,63.82,63.82,4
2 30 AUDJPY,20010128,050000,63.82,63.82,63.82,63.82,4
2 30 AUDJPY,20010128,053000,63.82,63.82,63.82,63.82,4
2 30 AUDJPY,20010128,060000,63.82,63.82,63.82,63.82,4
2 30 AUDJPY,20010128,063000,63.82,63.82,63.82,63.82,4
2 30 AUDJPY,20010128,070000,63.82,63.82,63.82,63.82,4
2 30 AUDJPY,20010128,073000,63.82,63.82,63.82,63.82,4
2 30 AUDJPY,20010128,080000,63.82,63.82,63.82,63.82,4
2 30 AUDJPY,20010128,083000,63.82,63.82,63.82,63.82,4
2 30 AUDJPY,20010128,090000,63.82,63.82,63.82,63.82,4
2 30 AUDJPY,20010128,093000,63.82,63.82,63.82,63.82,4
2 30 AUDJPY,20010128,100000,63.82,63.82,63.82,63.82,4
2 30 AUDJPY,20010128,103000,63.82,63.82,63.82,63.82,4
2 30 AUDJPY,20010128,110000,63.82,63.82,63.82,63.82,4
2 30 AUDJPY,20010128,113000,63.82,63.82,63.82,63.82,4
2 30 AUDJPY,20010128,120000,63.82,63.82,63.82,63.82,4
2 30 AUDJPY,20010128,123000,63.82,63.82,63.82,63.82,4
2 30 AUDJPY,20010128,130000,63.82,63.82,63.82,63.82,4
2 30 AUDJPY,20010128,133000,63.82,63.82,63.82,63.82,4
2 30 AUDJPY,20010128,140000,63.82,63.82,63.82,63.82,4
2 30 AUDJPY,20010128,143000,63.82,63.82,63.82,63.82,4
2 30 AUDJPY,20010128,150000,63.82,63.82,63.82,63.82,4
2 30 AUDJPY,20010128,153000,63.82,63.82,63.82,63.82,4
2 30 AUDJPY,20010128,160000,63.82,63.82,63.82,63.82,4
2 30 AUDJPY,20010128,163000,63.82,63.82,63.82,63.82,4
2 30 AUDJPY,20010128,170000,63.82,63.82,63.82,63.82,4
2 30 AUDJPY,20010128,173000,63.82,63.82,63.82,63.82,4
2 30 AUDJPY,20010128,180000,63.82,63.82,63.82,63.82,4
2 30 AUDJPY,20010128,183000,63.82,63.82,63.82,63.82,4
2 30 AUDJPY,20010128,190000,63.82,63.82,63.82,63.82,4
2 30 AUDJPY,20010128,193000,63.82,63.82,63.82,63.82,4
2 30 AUDJPY,20010128,200000,63.82,63.82,63.82,63.82,4
2 30 AUDJPY,20010128,203000,63.82,63.82,63.82,63.82,4
2 30 AUDJPY,20010128,210000,63.82,63.82,63.82,63.82,4
2 30 AUDJPY,20010128,213000,63.82,63.82,63.82,63.82,4
2 30 AUDJPY,20010128,220000,63.82,63.82,63.82,63.82,4
2 30 AUDJPY,20010128,223000,63.82,63.82,63.82,63.82,4
2 30 AUDJPY,20010128,230000,63.82,63.82,63.82,63.82,4
2 17 AUDJPY,20010128,233000,63.82,63.91,63.81,63.91,4
2 8 AUDJPY,20010129,000000,63.89,64.00,63.89,63.98,4
1 1 AUDJPY,20010129,003000,63.99,64.01,63.94,63.94,4
AUDJPY,20010129,010000,63.93,63.95,63.91,63.92,4
2 2 AUDJPY,20010129,013000,63.92,63.92,63.88,63.91,4
AUDJPY,20010129,020000,63.91,63.94,63.83,63.94,4
AUDJPY,20010129,023000,63.95,64.02,63.95,63.99,4
AUDJPY,20010129,030000,63.99,64.00,63.89,63.96,4
AUDJPY,20010129,033000,63.96,64.00,63.89,63.90,4
AUDJPY,20010129,040000,63.90,63.90,63.80,63.85,4
2 6 AUDJPY,20010129,043000,63.85,63.87,63.77,63.80,4
2 2 AUDJPY,20010129,050000,63.80,63.81,63.75,63.76,4
AUDJPY,20010129,053000,63.76,63.77,63.60,63.62,4
AUDJPY,20010129,060000,63.62,63.65,63.59,63.59,4
AUDJPY,20010129,063000,63.59,63.59,63.46,63.55,4
1 1 AUDJPY,20010129,070000,63.55,63.58,63.55,63.57,4
1 1 AUDJPY,20010129,073000,63.57,63.66,63.52,63.55,4
AUDJPY,20010129,080000,63.56,63.57,63.35,63.49,4
AUDJPY,20010129,083000,63.49,63.61,63.46,63.57,4
AUDJPY,20010129,090000,63.57,63.59,63.35,63.44,4
AUDJPY,20010129,093000,63.44,63.44,63.20,63.28,4
AUDJPY,20010129,100000,63.28,63.31,63.07,63.12,4
AUDJPY,20010129,103000,63.11,63.23,63.11,63.14,4
AUDJPY,20010129,110000,63.14,63.23,63.14,63.20,4
1 1 AUDJPY,20010129,113000,63.20,63.24,63.16,63.19,4
AUDJPY,20010129,120000,63.20,63.32,63.18,63.30,4
AUDJPY,20010129,123000,63.31,63.31,63.23,63.23,4
AUDJPY,20010129,130000,63.24,63.27,63.23,63.26,4
AUDJPY,20010129,133000,63.26,63.35,63.25,63.33,4
AUDJPY,20010129,140000,63.34,63.44,63.30,63.40,4
AUDJPY,20010129,143000,63.40,63.45,63.33,63.40,4
AUDJPY,20010129,150000,63.40,63.52,63.39,63.43,4
2 13 AUDJPY,20010129,153000,63.42,63.45,63.37,63.40,4
1 2 AUDJPY,20010129,160000,63.42,63.56,63.40,63.54,4
1 2 AUDJPY,20010129,163000,63.53,63.54,63.43,63.45,4
1 1 AUDJPY,20010129,170000,63.45,63.51,63.33,63.35,4
2 4 AUDJPY,20010129,173000,63.35,63.45,63.35,63.38,4
2 9 AUDJPY,20010129,180000,63.37,63.41,63.36,63.40,4
2 3 AUDJPY,20010129,183000,63.40,63.40,63.30,63.31,4
2 13 AUDJPY,20010129,190000,63.31,63.35,63.31,63.31,4
2 11 AUDJPY,20010129,193000,63.31,63.35,63.31,63.32,4
2 9 AUDJPY,20010129,200000,63.32,63.47,63.29,63.47,4
2 5 AUDJPY,20010129,203000,63.47,63.47,63.40,63.46,4
2 13 AUDJPY,20010129,210000,63.46,63.46,63.38,63.38,4
AUDJPY,20010129,213000,63.37,63.45,63.36,63.45,4
2 3 AUDJPY,20010129,220000,63.45,63.45,63.35,63.37,4
AUDJPY,20010129,223000,63.37,63.46,63.36,63.41,4
2 8 AUDJPY,20010129,230000,63.41,63.46,63.40,63.42,4
2 5 AUDJPY,20010129,233000,63.41,63.45,63.38,63.38,4
1 4 AUDJPY,20010130,000000,63.37,63.46,63.35,63.46,4
AUDJPY,20010130,003000,63.46,63.46,63.24,63.26,4
AUDJPY,20010130,010000,63.26,63.26,63.10,63.19,4
AUDJPY,20010130,013000,63.20,63.30,63.16,63.23,4
AUDJPY,20010130,020000,63.23,63.34,63.22,63.25,4
AUDJPY,20010130,023000,63.26,63.33,63.23,63.23,4
AUDJPY,20010130,030000,63.23,63.34,63.23,63.34,4
1 1 AUDJPY,20010130,033000,63.34,63.41,63.31,63.31,4
1 2 AUDJPY,20010130,040000,63.31,63.33,63.30,63.30,4
AUDJPY,20010130,043000,63.29,63.29,63.17,63.22,4
AUDJPY,20010130,050000,63.21,63.23,63.13,63.17,4
AUDJPY,20010130,053000,63.17,63.28,63.16,63.26,4
AUDJPY,20010130,060000,63.26,63.34,63.25,63.34,4
AUDJPY,20010130,063000,63.34,63.35,63.23,63.31,4
1 2 AUDJPY,20010130,070000,63.31,63.35,63.29,63.35,4
AUDJPY,20010130,073000,63.35,63.43,63.26,63.38,4
AUDJPY,20010130,080000,63.38,63.49,63.35,63.40,4
AUDJPY,20010130,083000,63.40,63.44,63.34,63.34,4
AUDJPY,20010130,090000,63.33,63.34,63.26,63.30,4
AUDJPY,20010130,093000,63.30,63.42,63.17,63.19,4
AUDJPY,20010130,100000,63.19,63.19,62.96,63.02,4
AUDJPY,20010130,103000,63.01,63.15,62.99,63.10,4
AUDJPY,20010130,110000,63.10,63.46,63.10,63.46,4
AUDJPY,20010130,113000,63.47,63.58,63.42,63.50,4
AUDJPY,20010130,120000,63.51,63.59,63.50,63.56,4
AUDJPY,20010130,123000,63.55,63.63,63.53,63.59,4
AUDJPY,20010130,130000,63.58,63.62,63.51,63.56,4
AUDJPY,20010130,133000,63.56,63.63,63.53,63.56,4
AUDJPY,20010130,140000,63.57,63.67,63.51,63.67,4
AUDJPY,20010130,143000,63.66,63.86,63.62,63.80,4
1 3 AUDJPY,20010130,150000,63.80,63.80,63.67,63.76,4
1 1 AUDJPY,20010130,153000,63.76,63.88,63.70,63.81,4
AUDJPY,20010130,160000,63.81,63.86,63.71,63.71,4
1 2 AUDJPY,20010130,163000,63.71,63.79,63.58,63.68,4
1 6 AUDJPY,20010130,170000,63.68,63.71,63.33,63.37,4
1 3 AUDJPY,20010130,173000,63.36,63.52,63.31,63.45,4
2 4 AUDJPY,20010130,180000,63.45,63.45,63.34,63.41,4
2 15 AUDJPY,20010130,183000,63.39,63.41,63.37,63.41,4
2 14 AUDJPY,20010130,190000,63.41,63.44,63.38,63.43,4
2 13 AUDJPY,20010130,193000,63.43,63.47,63.41,63.41,4
2 14 AUDJPY,20010130,200000,63.41,63.44,63.35,63.39,4
2 9 AUDJPY,20010130,203000,63.39,63.40,63.36,63.39,4
2 8 AUDJPY,20010130,210000,63.38,63.50,63.38,63.49,4
1 1 AUDJPY,20010130,213000,63.49,63.60,63.41,63.56,4
1 3 AUDJPY,20010130,220000,63.56,63.56,63.42,63.48,4
1 1 AUDJPY,20010130,223000,63.49,63.49,63.40,63.40,4
2 7 AUDJPY,20010130,230000,63.39,63.41,63.34,63.35,4
1 1 AUDJPY,20010130,233000,63.35,63.37,63.31,63.36,4
AUDJPY,20010131,000000,63.36,63.37,63.24,63.24,4
2 2 AUDJPY,20010131,003000,63.24,63.42,63.24,63.42,4
AUDJPY,20010131,010000,63.41,63.42,63.26,63.26,4
AUDJPY,20010131,013000,63.27,63.39,63.24,63.35,4
AUDJPY,20010131,020000,63.34,63.58,63.32,63.57,4
AUDJPY,20010131,023000,63.57,63.57,63.47,63.48,4
AUDJPY,20010131,030000,63.48,63.69,63.48,63.62,4
AUDJPY,20010131,033000,63.62,63.79,63.62,63.70,4
2 2 AUDJPY,20010131,040000,63.70,63.73,63.66,63.68,4
1 2 AUDJPY,20010131,043000,63.68,63.71,63.66,63.66,4
AUDJPY,20010131,050000,63.66,63.69,63.61,63.68,4
AUDJPY,20010131,053000,63.68,63.68,63.49,63.49,4
AUDJPY,20010131,060000,63.49,63.51,63.40,63.50,4
1 3 AUDJPY,20010131,063000,63.50,63.51,63.46,63.50,4
1 2 AUDJPY,20010131,070000,63.50,63.52,63.46,63.51,4
AUDJPY,20010131,073000,63.51,63.66,63.51,63.58,4
AUDJPY,20010131,080000,63.58,63.67,63.57,63.63,4
AUDJPY,20010131,083000,63.63,63.66,63.55,63.59,4
AUDJPY,20010131,090000,63.59,63.60,63.48,63.49,4
1 1 AUDJPY,20010131,093000,63.49,63.49,63.45,63.48,4
AUDJPY,20010131,100000,63.49,63.59,63.49,63.58,4
AUDJPY,20010131,103000,63.58,63.65,63.56,63.63,4
AUDJPY,20010131,110000,63.63,63.63,63.55,63.55,4
AUDJPY,20010131,113000,63.55,63.56,63.45,63.47,4
AUDJPY,20010131,120000,63.48,63.58,63.44,63.46,4
AUDJPY,20010131,123000,63.46,63.47,63.25,63.25,4
AUDJPY,20010131,130000,63.25,63.34,63.23,63.30,4
AUDJPY,20010131,133000,63.30,63.33,63.24,63.31,4
AUDJPY,20010131,140000,63.30,63.44,63.29,63.39,4
AUDJPY,20010131,143000,63.40,63.53,63.39,63.49,4
AUDJPY,20010131,150000,63.50,63.54,63.39,63.46,4
2 2 AUDJPY,20010131,153000,63.47,63.56,63.44,63.46,4
AUDJPY,20010131,160000,63.46,63.83,63.46,63.80,4
AUDJPY,20010131,163000,63.79,63.79,63.69,63.74,4
2 3 AUDJPY,20010131,170000,63.75,63.81,63.73,63.77,4
1 1 AUDJPY,20010131,173000,63.77,63.90,63.77,63.88,4
2 5 AUDJPY,20010131,180000,63.88,64.02,63.86,63.93,4
2 8 AUDJPY,20010131,183000,63.92,63.99,63.91,63.97,4
1 4 AUDJPY,20010131,190000,63.97,63.97,63.87,63.88,4
2 5 AUDJPY,20010131,193000,63.85,64.00,63.85,63.92,4
AUDJPY,20010131,200000,63.92,64.10,63.87,64.04,4
AUDJPY,20010131,203000,64.04,64.06,63.93,64.01,4
2 8 AUDJPY,20010131,210000,64.01,64.11,64.01,64.09,4
1 1 AUDJPY,20010131,213000,64.09,64.18,64.05,64.17,4
AUDJPY,20010131,220000,64.17,64.22,64.15,64.15,4
AUDJPY,20010131,223000,64.15,64.18,64.12,64.14,4
1 2 AUDJPY,20010131,230000,64.14,64.14,64.05,64.08,4
1 3 AUDJPY,20010131,233000,64.08,64.22,64.07,64.19,4
1 1 AUDJPY,20010201,000000,64.19,64.35,64.12,64.35,4
AUDJPY,20010201,003000,64.35,64.35,64.05,64.07,4
AUDJPY,20010201,010000,64.07,64.07,63.94,63.97,4
1 1 AUDJPY,20010201,013000,63.97,64.10,63.95,64.10,4
AUDJPY,20010201,020000,64.10,64.13,64.07,64.10,4
AUDJPY,20010201,023000,64.10,64.31,64.10,64.29,4
AUDJPY,20010201,030000,64.29,64.32,64.12,64.14,4
AUDJPY,20010201,033000,64.14,64.23,64.14,64.22,4
AUDJPY,20010201,040000,64.22,64.37,64.22,64.37,4
AUDJPY,20010201,043000,64.36,64.40,64.28,64.30,4
AUDJPY,20010201,050000,64.30,64.31,64.24,64.27,4
AUDJPY,20010201,053000,64.27,64.31,64.20,64.21,4
AUDJPY,20010201,060000,64.21,64.28,64.21,64.24,4
AUDJPY,20010201,063000,64.23,64.23,64.10,64.14,4
AUDJPY,20010201,070000,64.14,64.17,64.06,64.10,4
AUDJPY,20010201,073000,64.09,64.10,64.00,64.08,4
AUDJPY,20010201,080000,64.07,64.07,63.96,63.99,4
AUDJPY,20010201,083000,64.00,64.06,63.94,64.06,4
AUDJPY,20010201,090000,64.05,64.11,64.05,64.08,4
AUDJPY,20010201,093000,64.09,64.24,64.08,64.19,4
AUDJPY,20010201,100000,64.19,64.21,64.12,64.19,4
AUDJPY,20010201,103000,64.18,64.40,64.15,64.36,4
AUDJPY,20010201,110000,64.35,64.36,64.13,64.22,4
AUDJPY,20010201,113000,64.22,64.26,63.99,64.06,4
AUDJPY,20010201,120000,64.07,64.09,63.82,64.02,4
AUDJPY,20010201,123000,64.02,64.16,63.95,64.09,4
AUDJPY,20010201,130000,64.10,64.12,64.03,64.04,4
AUDJPY,20010201,133000,64.04,64.10,64.01,64.08,4
AUDJPY,20010201,140000,64.09,64.23,64.00,64.01,4
AUDJPY,20010201,143000,64.02,64.03,63.92,63.99,4
1 1 AUDJPY,20010201,150000,63.99,64.06,63.98,64.06,4
1 2 AUDJPY,20010201,153000,64.06,64.13,63.91,64.13,4
1 2 AUDJPY,20010201,160000,64.13,64.13,63.92,63.92,4
AUDJPY,20010201,163000,63.91,64.12,63.88,63.97,4
AUDJPY,20010201,170000,63.97,64.06,63.90,63.90,4
AUDJPY,20010201,173000,63.89,63.93,63.85,63.91,4
2 15 AUDJPY,20010201,180000,63.91,63.98,63.91,63.98,4
2 13 AUDJPY,20010201,183000,63.98,64.09,63.96,64.09,4
2 21 AUDJPY,20010201,190000,64.09,64.09,64.01,64.05,4
2 15 AUDJPY,20010201,193000,64.05,64.15,64.05,64.13,4
2 4 AUDJPY,20010201,200000,64.14,64.22,64.14,64.16,4
2 11 AUDJPY,20010201,203000,64.17,64.17,64.00,64.00,4
2 14 AUDJPY,20010201,210000,64.00,64.01,63.96,63.96,4
2 2 AUDJPY,20010201,213000,63.96,64.00,63.94,63.96,4
2 3 AUDJPY,20010201,220000,63.96,63.96,63.84,63.91,4
1 1 AUDJPY,20010201,223000,63.92,64.05,63.92,63.97,4
1 1 AUDJPY,20010201,230000,63.97,63.97,63.83,63.89,4
1 2 AUDJPY,20010201,233000,63.89,63.90,63.82,63.87,4
AUDJPY,20010202,000000,63.86,63.88,63.77,63.78,4
AUDJPY,20010202,003000,63.78,63.82,63.74,63.82,4
1 1 AUDJPY,20010202,010000,63.82,64.01,63.82,64.01,4
AUDJPY,20010202,013000,64.02,64.06,63.96,64.03,4
AUDJPY,20010202,020000,64.02,64.06,63.98,64.00,4
AUDJPY,20010202,023000,64.00,64.03,63.99,64.03,4
AUDJPY,20010202,030000,64.03,64.05,64.00,64.03,4
2 7 AUDJPY,20010202,033000,64.03,64.06,64.01,64.02,4
1 1 AUDJPY,20010202,040000,64.02,64.05,64.02,64.04,4
AUDJPY,20010202,043000,64.05,64.11,64.03,64.03,4
AUDJPY,20010202,050000,64.02,64.02,63.83,63.83,4
AUDJPY,20010202,053000,63.83,63.83,63.75,63.80,4
AUDJPY,20010202,060000,63.80,63.88,63.79,63.86,4
AUDJPY,20010202,063000,63.85,63.93,63.82,63.84,4
AUDJPY,20010202,070000,63.84,63.90,63.84,63.90,4
AUDJPY,20010202,073000,63.90,63.95,63.84,63.92,4
AUDJPY,20010202,080000,63.92,63.95,63.80,63.92,4
AUDJPY,20010202,083000,63.92,64.01,63.88,63.88,4
AUDJPY,20010202,090000,63.87,63.90,63.79,63.88,4
AUDJPY,20010202,093000,63.88,64.04,63.87,63.96,4
AUDJPY,20010202,100000,63.96,63.97,63.79,63.89,4
AUDJPY,20010202,103000,63.89,63.94,63.87,63.89,4
AUDJPY,20010202,110000,63.90,63.99,63.90,63.94,4
AUDJPY,20010202,113000,63.94,64.03,63.93,63.94,4
AUDJPY,20010202,120000,63.94,63.97,63.90,63.92,4
AUDJPY,20010202,123000,63.93,63.97,63.86,63.86,4
AUDJPY,20010202,130000,63.85,63.95,63.83,63.93,4
1 2 AUDJPY,20010202,133000,63.93,63.93,63.78,63.79,4
AUDJPY,20010202,140000,63.80,63.89,63.69,63.81,4
AUDJPY,20010202,143000,63.82,63.88,63.75,63.84,4
AUDJPY,20010202,150000,63.83,63.84,63.73,63.73,4
AUDJPY,20010202,153000,63.73,63.74,63.66,63.70,4
1 1 AUDJPY,20010202,160000,63.70,63.86,63.69,63.79,4
2 5 AUDJPY,20010202,163000,63.80,63.89,63.73,63.73,4
2 4 AUDJPY,20010202,170000,63.74,63.84,63.74,63.84,4
2 11 AUDJPY,20010202,173000,63.84,63.92,63.84,63.87,4
2 7 AUDJPY,20010202,180000,63.86,63.94,63.81,63.92,4
2 13 AUDJPY,20010202,183000,63.93,63.94,63.91,63.92,4
1 9 AUDJPY,20010202,190000,63.92,63.98,63.90,63.98,4
2 23 AUDJPY,20010202,193000,63.98,63.98,63.96,63.98,4
2 23 AUDJPY,20010202,200000,63.98,63.98,63.90,63.90,4
2 14 AUDJPY,20010202,203000,63.90,63.90,63.81,63.81,4
2 17 AUDJPY,20010202,210000,63.80,63.87,63.67,63.67,4
2 30 AUDJPY,20010202,213000,63.67,63.67,63.67,63.67,4
2 30 AUDJPY,20010202,220000,63.67,63.67,63.67,63.67,4
2 30 AUDJPY,20010202,223000,63.67,63.67,63.67,63.67,4
2 30 AUDJPY,20010202,230000,63.67,63.67,63.67,63.67,4
2 30 AUDJPY,20010202,233000,63.67,63.67,63.67,63.67,4
2 30 AUDJPY,20010203,000000,63.67,63.67,63.67,63.67,4
2 30 AUDJPY,20010203,003000,63.67,63.67,63.67,63.67,4
2 30 AUDJPY,20010203,010000,63.67,63.67,63.67,63.67,4
2 30 AUDJPY,20010203,013000,63.67,63.67,63.67,63.67,4
2 30 AUDJPY,20010203,020000,63.67,63.67,63.67,63.67,4
2 30 AUDJPY,20010203,023000,63.67,63.67,63.67,63.67,4
2 30 AUDJPY,20010203,030000,63.67,63.67,63.67,63.67,4
2 30 AUDJPY,20010203,033000,63.67,63.67,63.67,63.67,4
2 30 AUDJPY,20010203,040000,63.67,63.67,63.67,63.67,4
2 30 AUDJPY,20010203,043000,63.67,63.67,63.67,63.67,4
2 30 AUDJPY,20010203,050000,63.67,63.67,63.67,63.67,4
2 30 AUDJPY,20010203,053000,63.67,63.67,63.67,63.67,4
2 30 AUDJPY,20010203,060000,63.67,63.67,63.67,63.67,4
2 30 AUDJPY,20010203,063000,63.67,63.67,63.67,63.67,4
2 30 AUDJPY,20010203,070000,63.67,63.67,63.67,63.67,4
2 30 AUDJPY,20010203,073000,63.67,63.67,63.67,63.67,4
2 30 AUDJPY,20010203,080000,63.67,63.67,63.67,63.67,4
2 30 AUDJPY,20010203,083000,63.67,63.67,63.67,63.67,4
2 30 AUDJPY,20010203,090000,63.67,63.67,63.67,63.67,4
2 30 AUDJPY,20010203,093000,63.67,63.67,63.67,63.67,4
2 30 AUDJPY,20010203,100000,63.67,63.67,63.67,63.67,4
2 30 AUDJPY,20010203,103000,63.67,63.67,63.67,63.67,4
2 30 AUDJPY,20010203,110000,63.67,63.67,63.67,63.67,4
2 30 AUDJPY,20010203,113000,63.67,63.67,63.67,63.67,4
2 30 AUDJPY,20010203,120000,63.67,63.67,63.67,63.67,4
2 30 AUDJPY,20010203,123000,63.67,63.67,63.67,63.67,4
2 30 AUDJPY,20010203,130000,63.67,63.67,63.67,63.67,4
2 30 AUDJPY,20010203,133000,63.67,63.67,63.67,63.67,4
2 30 AUDJPY,20010203,140000,63.67,63.67,63.67,63.67,4
2 30 AUDJPY,20010203,143000,63.67,63.67,63.67,63.67,4
2 30 AUDJPY,20010203,150000,63.67,63.67,63.67,63.67,4
2 30 AUDJPY,20010203,153000,63.67,63.67,63.67,63.67,4
2 30 AUDJPY,20010203,160000,63.67,63.67,63.67,63.67,4
2 30 AUDJPY,20010203,163000,63.67,63.67,63.67,63.67,4
2 30 AUDJPY,20010203,170000,63.67,63.67,63.67,63.67,4
2 30 AUDJPY,20010203,173000,63.67,63.67,63.67,63.67,4
2 30 AUDJPY,20010203,180000,63.67,63.67,63.67,63.67,4
2 30 AUDJPY,20010203,183000,63.67,63.67,63.67,63.67,4
2 30 AUDJPY,20010203,190000,63.67,63.67,63.67,63.67,4
2 30 AUDJPY,20010203,193000,63.67,63.67,63.67,63.67,4
2 30 AUDJPY,20010203,200000,63.67,63.67,63.67,63.67,4
2 30 AUDJPY,20010203,203000,63.67,63.67,63.67,63.67,4
2 30 AUDJPY,20010203,210000,63.67,63.67,63.67,63.67,4
2 30 AUDJPY,20010203,213000,63.67,63.67,63.67,63.67,4
2 30 AUDJPY,20010203,220000,63.67,63.67,63.67,63.67,4
2 30 AUDJPY,20010203,223000,63.67,63.67,63.67,63.67,4
2 30 AUDJPY,20010203,230000,63.67,63.67,63.67,63.67,4
2 30 AUDJPY,20010203,233000,63.67,63.67,63.67,63.67,4
2 30 AUDJPY,20010204,000000,63.67,63.67,63.67,63.67,4
2 30 AUDJPY,20010204,003000,63.67,63.67,63.67,63.67,4
2 30 AUDJPY,20010204,010000,63.67,63.67,63.67,63.67,4
2 30 AUDJPY,20010204,013000,63.67,63.67,63.67,63.67,4
2 30 AUDJPY,20010204,020000,63.67,63.67,63.67,63.67,4
2 30 AUDJPY,20010204,023000,63.67,63.67,63.67,63.67,4
2 30 AUDJPY,20010204,030000,63.67,63.67,63.67,63.67,4
2 30 AUDJPY,20010204,033000,63.67,63.67,63.67,63.67,4
2 30 AUDJPY,20010204,040000,63.67,63.67,63.67,63.67,4
2 30 AUDJPY,20010204,043000,63.67,63.67,63.67,63.67,4
2 30 AUDJPY,20010204,050000,63.67,63.67,63.67,63.67,4
2 30 AUDJPY,20010204,053000,63.67,63.67,63.67,63.67,4
2 30 AUDJPY,20010204,060000,63.67,63.67,63.67,63.67,4
2 30 AUDJPY,20010204,063000,63.67,63.67,63.67,63.67,4
2 30 AUDJPY,20010204,070000,63.67,63.67,63.67,63.67,4
2 30 AUDJPY,20010204,073000,63.67,63.67,63.67,63.67,4
2 30 AUDJPY,20010204,080000,63.67,63.67,63.67,63.67,4
2 30 AUDJPY,20010204,083000,63.67,63.67,63.67,63.67,4
2 30 AUDJPY,20010204,090000,63.67,63.67,63.67,63.67,4
2 30 AUDJPY,20010204,093000,63.67,63.67,63.67,63.67,4
2 30 AUDJPY,20010204,100000,63.67,63.67,63.67,63.67,4
2 30 AUDJPY,20010204,103000,63.67,63.67,63.67,63.67,4
2 30 AUDJPY,20010204,110000,63.67,63.67,63.67,63.67,4
2 30 AUDJPY,20010204,113000,63.67,63.67,63.67,63.67,4
2 30 AUDJPY,20010204,120000,63.67,63.67,63.67,63.67,4
2 30 AUDJPY,20010204,123000,63.67,63.67,63.67,63.67,4
2 30 AUDJPY,20010204,130000,63.67,63.67,63.67,63.67,4
2 30 AUDJPY,20010204,133000,63.67,63.67,63.67,63.67,4
2 30 AUDJPY,20010204,140000,63.67,63.67,63.67,63.67,4
2 30 AUDJPY,20010204,143000,63.67,63.67,63.67,63.67,4
2 30 AUDJPY,20010204,150000,63.67,63.67,63.67,63.67,4
2 30 AUDJPY,20010204,153000,63.67,63.67,63.67,63.67,4
2 30 AUDJPY,20010204,160000,63.67,63.67,63.67,63.67,4
2 30 AUDJPY,20010204,163000,63.67,63.67,63.67,63.67,4
2 30 AUDJPY,20010204,170000,63.67,63.67,63.67,63.67,4
2 30 AUDJPY,20010204,173000,63.67,63.67,63.67,63.67,4
2 30 AUDJPY,20010204,180000,63.67,63.67,63.67,63.67,4
2 30 AUDJPY,20010204,183000,63.67,63.67,63.67,63.67,4
2 30 AUDJPY,20010204,190000,63.67,63.67,63.67,63.67,4
2 30 AUDJPY,20010204,193000,63.67,63.67,63.67,63.67,4
2 30 AUDJPY,20010204,200000,63.67,63.67,63.67,63.67,4
2 30 AUDJPY,20010204,203000,63.67,63.67,63.67,63.67,4
2 30 AUDJPY,20010204,210000,63.67,63.67,63.67,63.67,4
2 30 AUDJPY,20010204,213000,63.67,63.67,63.67,63.67,4
2 30 AUDJPY,20010204,220000,63.67,63.67,63.67,63.67,4
2 30 AUDJPY,20010204,223000,63.67,63.67,63.67,63.67,4
2 30 AUDJPY,20010204,230000,63.67,63.67,63.67,63.67,4
2 4 AUDJPY,20010204,233000,63.67,63.67,63.55,63.58,4
1 2 AUDJPY,20010205,000000,63.58,63.71,63.58,63.69,4
AUDJPY,20010205,003000,63.69,63.89,63.69,63.89,4
AUDJPY,20010205,010000,63.89,63.95,63.72,63.73,4
AUDJPY,20010205,013000,63.73,63.78,63.71,63.73,4
1 1 AUDJPY,20010205,020000,63.74,63.78,63.72,63.76,4
AUDJPY,20010205,023000,63.76,63.89,63.76,63.88,4
1 1 AUDJPY,20010205,030000,63.87,63.95,63.85,63.93,4
AUDJPY,20010205,033000,63.92,63.92,63.85,63.91,4
2 2 AUDJPY,20010205,040000,63.91,63.95,63.90,63.91,4
AUDJPY,20010205,043000,63.90,63.91,63.87,63.89,4
AUDJPY,20010205,050000,63.90,64.03,63.90,63.97,4
AUDJPY,20010205,053000,63.98,64.01,63.92,63.96,4
AUDJPY,20010205,060000,63.95,64.00,63.94,64.00,4
AUDJPY,20010205,063000,64.00,64.01,63.89,63.90,4
AUDJPY,20010205,070000,63.90,63.94,63.84,63.89,4
AUDJPY,20010205,073000,63.89,63.93,63.88,63.90,4
AUDJPY,20010205,080000,63.91,64.02,63.91,64.02,4
1 1 AUDJPY,20010205,083000,64.02,64.03,63.93,63.93,4
AUDJPY,20010205,090000,63.92,63.93,63.83,63.89,4
AUDJPY,20010205,093000,63.90,63.94,63.88,63.91,4
AUDJPY,20010205,100000,63.91,63.96,63.85,63.85,4
AUDJPY,20010205,103000,63.84,63.89,63.84,63.86,4
1 2 AUDJPY,20010205,110000,63.86,63.86,63.82,63.85,4
1 2 AUDJPY,20010205,113000,63.84,63.86,63.83,63.84,4
AUDJPY,20010205,120000,63.84,63.84,63.70,63.74,4
AUDJPY,20010205,123000,63.73,63.88,63.71,63.85,4
AUDJPY,20010205,130000,63.85,63.86,63.77,63.77,4
AUDJPY,20010205,133000,63.77,63.78,63.65,63.66,4
AUDJPY,20010205,140000,63.67,63.75,63.64,63.67,4
AUDJPY,20010205,143000,63.67,63.67,63.28,63.29,4
AUDJPY,20010205,150000,63.29,63.33,63.17,63.28,4
1 1 AUDJPY,20010205,153000,63.29,63.29,63.17,63.21,4
1 1 AUDJPY,20010205,160000,63.21,63.29,63.16,63.21,4
AUDJPY,20010205,163000,63.21,63.31,63.17,63.31,4
1 2 AUDJPY,20010205,170000,63.31,63.35,63.30,63.33,4
2 3 AUDJPY,20010205,173000,63.33,63.40,63.32,63.36,4
2 5 AUDJPY,20010205,180000,63.35,63.38,63.35,63.35,4
2 12 AUDJPY,20010205,183000,63.36,63.36,63.27,63.31,4
2 13 AUDJPY,20010205,190000,63.31,63.33,63.27,63.28,4
2 12 AUDJPY,20010205,193000,63.28,63.29,63.24,63.25,4
2 10 AUDJPY,20010205,200000,63.23,63.23,63.12,63.12,4
2 9 AUDJPY,20010205,203000,63.10,63.14,63.09,63.09,4
2 4 AUDJPY,20010205,210000,63.07,63.07,62.97,63.06,4
1 1 AUDJPY,20010205,213000,63.06,63.12,63.06,63.06,4
AUDJPY,20010205,220000,63.06,63.11,63.05,63.08,4
1 1 AUDJPY,20010205,223000,63.08,63.15,63.05,63.12,4
2 3 AUDJPY,20010205,230000,63.12,63.14,63.08,63.12,4
2 9 AUDJPY,20010205,233000,63.12,63.15,63.06,63.08,4
2 6 AUDJPY,20010206,000000,63.08,63.12,63.04,63.08,4
1 2 AUDJPY,20010206,003000,63.08,63.15,63.08,63.11,4
AUDJPY,20010206,010000,63.11,63.23,63.10,63.20,4
1 2 AUDJPY,20010206,013000,63.19,63.23,63.16,63.23,4
AUDJPY,20010206,020000,63.23,63.33,63.22,63.31,4
1 1 AUDJPY,20010206,023000,63.31,63.34,63.30,63.33,4
1 1 AUDJPY,20010206,030000,63.33,63.47,63.32,63.46,4
1 1 AUDJPY,20010206,033000,63.46,63.52,63.41,63.43,4
2 8 AUDJPY,20010206,040000,63.42,63.42,63.39,63.39,4
1 1 AUDJPY,20010206,043000,63.38,63.41,63.35,63.37,4
1 1 AUDJPY,20010206,050000,63.37,63.41,63.37,63.40,4
1 1 AUDJPY,20010206,053000,63.40,63.43,63.39,63.42,4
1 4 AUDJPY,20010206,060000,63.42,63.47,63.41,63.41,4
AUDJPY,20010206,063000,63.42,63.45,63.33,63.34,4
AUDJPY,20010206,070000,63.34,63.34,63.24,63.30,4
AUDJPY,20010206,073000,63.29,63.33,63.23,63.27,4
1 1 AUDJPY,20010206,080000,63.28,63.32,63.19,63.19,4
AUDJPY,20010206,083000,63.18,63.19,62.94,63.00,4
AUDJPY,20010206,090000,63.01,63.02,62.86,62.98,4
AUDJPY,20010206,093000,62.97,63.01,62.92,62.99,4
AUDJPY,20010206,100000,62.99,62.99,62.92,62.92,4
AUDJPY,20010206,103000,62.92,62.96,62.78,62.82,4
AUDJPY,20010206,110000,62.82,62.86,62.78,62.86,4
AUDJPY,20010206,113000,62.86,62.89,62.77,62.81,4
AUDJPY,20010206,120000,62.80,62.86,62.80,62.80,4
AUDJPY,20010206,123000,62.80,62.91,62.80,62.89,4
AUDJPY,20010206,130000,62.89,62.98,62.87,62.95,4
1 3 AUDJPY,20010206,133000,62.94,62.97,62.89,62.95,4
AUDJPY,20010206,140000,62.95,62.99,62.83,62.95,4
AUDJPY,20010206,143000,62.94,63.00,62.93,62.97,4
1 2 AUDJPY,20010206,150000,62.96,63.03,62.90,63.00,4
1 1 AUDJPY,20010206,153000,63.00,63.14,63.00,63.13,4
1 2 AUDJPY,20010206,160000,63.14,63.18,63.10,63.15,4
2 9 AUDJPY,20010206,163000,63.15,63.15,63.03,63.05,4
2 2 AUDJPY,20010206,170000,63.04,63.13,63.03,63.05,4
2 4 AUDJPY,20010206,173000,63.06,63.20,63.05,63.12,4
2 9 AUDJPY,20010206,180000,63.12,63.15,63.05,63.05,4
2 14 AUDJPY,20010206,183000,63.04,63.08,63.03,63.08,4
2 6 AUDJPY,20010206,190000,63.08,63.16,63.08,63.13,4
2 4 AUDJPY,20010206,193000,63.14,63.15,63.04,63.04,4
2 12 AUDJPY,20010206,200000,62.99,63.00,62.93,62.97,4
1 7 AUDJPY,20010206,203000,62.97,62.99,62.90,62.90,4
2 7 AUDJPY,20010206,210000,62.91,62.95,62.89,62.89,4
1 1 AUDJPY,20010206,213000,62.89,62.98,62.87,62.98,4
1 1 AUDJPY,20010206,220000,62.98,63.01,62.94,62.97,4
2 2 AUDJPY,20010206,223000,62.97,63.01,62.93,62.99,4
1 1 AUDJPY,20010206,230000,62.99,63.17,62.97,63.16,4
