2 2 AUDJPY,20010102,231500,64.29,64.31,64.27,64.28,4
1 2 AUDJPY,20010102,233000,64.28,64.29,64.25,64.26,4
2 6 AUDJPY,20010102,234500,64.25,64.27,64.25,64.27,4
3 3 AUDJPY,20010103,000000,64.27,64.35,64.27,64.34,4
1 2 AUDJPY,20010103,001500,64.34,64.44,64.34,64.43,4
AUDJPY,20010103,003000,64.43,64.49,64.43,64.49,4
AUDJPY,20010103,004500,64.49,64.49,64.43,64.43,4
1 1 AUDJPY,20010103,010000,64.43,64.44,64.40,64.42,4
AUDJPY,20010103,011500,64.42,64.53,64.42,64.53,4
AUDJPY,20010103,013000,64.54,64.57,64.49,64.56,4
AUDJPY,20010103,014500,64.56,64.56,64.50,64.50,4
2 2 AUDJPY,20010103,020000,64.50,64.50,64.46,64.46,4
2 2 AUDJPY,20010103,021500,64.46,64.46,64.44,64.46,4
AUDJPY,20010103,023000,64.46,64.52,64.46,64.52,4
AUDJPY,20010103,024500,64.52,64.56,64.49,64.56,4
AUDJPY,20010103,030000,64.56,64.65,64.56,64.65,4
AUDJPY,20010103,031500,64.65,64.75,64.65,64.70,4
1 1 AUDJPY,20010103,033000,64.70,64.75,64.69,64.72,4
1 1 AUDJPY,20010103,034500,64.72,64.72,64.61,64.61,4
AUDJPY,20010103,040000,64.61,64.62,64.58,64.60,4
AUDJPY,20010103,041500,64.60,64.63,64.57,64.62,4
AUDJPY,20010103,043000,64.61,64.61,64.59,64.59,4
AUDJPY,20010103,044500,64.60,64.65,64.59,64.62,4
1 1 AUDJPY,20010103,050000,64.63,64.70,64.63,64.68,4
AUDJPY,20010103,051500,64.68,64.69,64.59,64.59,4
AUDJPY,20010103,053000,64.60,64.61,64.58,64.58,4
AUDJPY,20010103,054500,64.58,64.63,64.58,64.63,4
1 3 AUDJPY,20010103,060000,64.63,64.63,64.60,64.60,4
AUDJPY,20010103,061500,64.60,64.61,64.59,64.59,4
AUDJPY,20010103,063000,64.59,64.61,64.58,64.59,4
AUDJPY,20010103,064500,64.59,64.62,64.58,64.61,4
1 3 AUDJPY,20010103,070000,64.62,64.65,64.62,64.63,4
AUDJPY,20010103,071500,64.63,64.63,64.56,64.57,4
AUDJPY,20010103,073000,64.58,64.58,64.41,64.42,4
AUDJPY,20010103,074500,64.41,64.44,64.39,64.42,4
AUDJPY,20010103,080000,64.42,64.53,64.42,64.53,4
AUDJPY,20010103,081500,64.54,64.66,64.54,64.62,4
AUDJPY,20010103,083000,64.62,64.64,64.58,64.62,4
AUDJPY,20010103,084500,64.61,64.64,64.55,64.62,4
1 1 AUDJPY,20010103,090000,64.61,64.62,64.57,64.62,4
AUDJPY,20010103,091500,64.62,64.63,64.57,64.61,4
1 1 AUDJPY,20010103,093000,64.61,64.66,64.58,64.66,4
2 4 AUDJPY,20010103,094500,64.66,64.71,64.64,64.66,4
2 5 AUDJPY,20010103,100000,64.66,64.72,64.65,64.71,4
2 6 AUDJPY,20010103,101500,64.71,64.73,64.59,64.59,4
AUDJPY,20010103,103000,64.60,64.62,64.55,64.59,4
AUDJPY,20010103,104500,64.58,64.60,64.52,64.54,4
AUDJPY,20010103,110000,64.53,64.54,64.48,64.53,4
AUDJPY,20010103,111500,64.53,64.61,64.50,64.57,4
AUDJPY,20010103,113000,64.57,64.61,64.57,64.60,4
AUDJPY,20010103,114500,64.60,64.62,64.58,64.61,4
AUDJPY,20010103,120000,64.61,64.63,64.57,64.60,4
AUDJPY,20010103,121500,64.60,64.63,64.55,64.63,4
AUDJPY,20010103,123000,64.64,64.65,64.53,64.62,4
AUDJPY,20010103,124500,64.63,64.63,64.57,64.61,4
AUDJPY,20010103,130000,64.62,64.62,64.38,64.43,4
AUDJPY,20010103,131500,64.44,64.44,64.26,64.32,4
AUDJPY,20010103,133000,64.31,64.40,64.30,64.40,4
AUDJPY,20010103,134500,64.40,64.40,64.28,64.29,4
AUDJPY,20010103,140000,64.29,64.35,64.24,64.32,4
AUDJPY,20010103,141500,64.31,64.34,64.29,64.30,4
AUDJPY,20010103,143000,64.30,64.30,64.17,64.26,4
1 1 AUDJPY,20010103,144500,64.25,64.30,64.22,64.25,4
1 1 AUDJPY,20010103,150000,64.26,64.34,64.24,64.32,4
AUDJPY,20010103,151500,64.31,64.42,64.31,64.42,4
1 1 AUDJPY,20010103,153000,64.41,64.44,64.36,64.37,4
1 1 AUDJPY,20010103,154500,64.37,64.39,64.34,64.34,4
AUDJPY,20010103,160000,64.33,64.35,64.28,64.32,4
AUDJPY,20010103,161500,64.32,64.35,64.27,64.31,4
AUDJPY,20010103,163000,64.31,64.35,64.29,64.30,4
AUDJPY,20010103,164500,64.30,64.38,64.26,64.38,4
AUDJPY,20010103,170000,64.38,64.42,64.36,64.41,4
2 2 AUDJPY,20010103,171500,64.41,64.42,64.36,64.36,4
2 2 AUDJPY,20010103,173000,64.38,64.38,64.31,64.33,4
1 1 AUDJPY,20010103,174500,64.33,64.45,64.33,64.36,4
1 1 AUDJPY,20010103,180000,64.36,64.39,64.29,64.29,4
AUDJPY,20010103,181500,64.29,64.30,64.18,64.18,4
2 4 AUDJPY,20010103,183000,64.18,64.29,64.16,64.23,4
AUDJPY,20010103,184500,64.24,64.26,63.94,63.95,4
1 1 AUDJPY,20010103,190000,63.96,63.98,63.81,63.81,4
3 5 AUDJPY,20010103,191500,63.81,63.81,63.73,63.80,4
3 8 AUDJPY,20010103,193000,63.80,63.80,63.44,63.44,4
2 2 AUDJPY,20010103,194500,63.43,63.49,63.40,63.43,4
3 4 AUDJPY,20010103,200000,63.42,63.42,63.25,63.33,4
3 9 AUDJPY,20010103,201500,63.33,63.33,63.24,63.25,4
3 6 AUDJPY,20010103,203000,63.22,63.22,63.04,63.08,4
2 7 AUDJPY,20010103,204500,63.07,63.16,63.07,63.16,4
3 8 AUDJPY,20010103,210000,63.16,63.16,63.15,63.15,4
AUDJPY,20010103,211500,63.15,63.20,63.14,63.14,4
1 1 AUDJPY,20010103,213000,63.14,63.15,63.12,63.12,4
1 1 AUDJPY,20010103,214500,63.11,63.13,63.09,63.13,4
3 5 AUDJPY,20010103,220000,63.12,63.20,63.12,63.19,4
AUDJPY,20010103,221500,63.19,63.21,63.16,63.21,4
3 7 AUDJPY,20010103,223000,63.21,63.22,63.20,63.20,4
2 8 AUDJPY,20010103,224500,63.20,63.20,63.16,63.16,4
AUDJPY,20010103,230000,63.17,63.37,63.17,63.37,4
AUDJPY,20010103,231500,63.37,63.37,63.32,63.36,4
AUDJPY,20010103,233000,63.36,63.47,63.36,63.47,4
2 6 AUDJPY,20010103,234500,63.47,63.49,63.40,63.42,4
2 3 AUDJPY,20010104,000000,63.42,63.52,63.42,63.42,4
1 1 AUDJPY,20010104,001500,63.42,63.49,63.35,63.39,4
1 1 AUDJPY,20010104,003000,63.39,63.45,63.37,63.37,4
AUDJPY,20010104,004500,63.37,63.46,63.37,63.39,4
AUDJPY,20010104,010000,63.39,63.46,63.39,63.42,4
AUDJPY,20010104,011500,63.41,63.41,63.31,63.33,4
AUDJPY,20010104,013000,63.34,63.44,63.34,63.39,4
AUDJPY,20010104,014500,63.39,63.41,63.37,63.41,4
AUDJPY,20010104,020000,63.41,63.41,63.30,63.30,4
AUDJPY,20010104,021500,63.30,63.30,63.25,63.25,4
2 6 AUDJPY,20010104,023000,63.25,63.26,63.25,63.25,4
AUDJPY,20010104,024500,63.25,63.30,63.25,63.28,4
1 1 AUDJPY,20010104,030000,63.28,63.31,63.27,63.27,4
1 2 AUDJPY,20010104,031500,63.27,63.28,63.23,63.25,4
AUDJPY,20010104,033000,63.25,63.29,63.25,63.27,4
AUDJPY,20010104,034500,63.27,63.36,63.27,63.36,4
AUDJPY,20010104,040000,63.36,63.36,63.34,63.36,4
1 1 AUDJPY,20010104,041500,63.36,63.38,63.36,63.37,4
AUDJPY,20010104,043000,63.37,63.40,63.37,63.38,4
1 1 AUDJPY,20010104,044500,63.38,63.38,63.35,63.35,4
1 2 AUDJPY,20010104,050000,63.35,63.36,63.35,63.36,4
1 5 AUDJPY,20010104,051500,63.36,63.40,63.34,63.40,4
1 4 AUDJPY,20010104,053000,63.40,63.40,63.39,63.40,4
1 1 AUDJPY,20010104,054500,63.40,63.43,63.39,63.43,4
1 1 AUDJPY,20010104,060000,63.42,63.43,63.36,63.38,4
2 4 AUDJPY,20010104,061500,63.39,63.40,63.38,63.38,4
AUDJPY,20010104,063000,63.38,63.46,63.38,63.45,4
2 3 AUDJPY,20010104,064500,63.46,63.46,63.41,63.41,4
AUDJPY,20010104,070000,63.40,63.50,63.40,63.46,4
1 1 AUDJPY,20010104,071500,63.46,63.58,63.46,63.57,4
AUDJPY,20010104,073000,63.58,63.64,63.58,63.62,4
AUDJPY,20010104,074500,63.62,63.66,63.60,63.65,4
AUDJPY,20010104,080000,63.66,64.07,63.63,64.05,4
AUDJPY,20010104,081500,64.06,64.40,64.05,64.31,4
AUDJPY,20010104,083000,64.30,64.30,64.25,64.30,4
AUDJPY,20010104,084500,64.30,64.40,64.30,64.40,4
AUDJPY,20010104,090000,64.40,64.56,64.35,64.56,4
AUDJPY,20010104,091500,64.55,64.64,64.55,64.58,4
AUDJPY,20010104,093000,64.56,64.58,64.51,64.51,4
AUDJPY,20010104,094500,64.52,64.52,64.37,64.39,4
AUDJPY,20010104,100000,64.39,64.50,64.35,64.48,4
AUDJPY,20010104,101500,64.48,64.51,64.44,64.51,4
AUDJPY,20010104,103000,64.52,64.83,64.48,64.72,4
AUDJPY,20010104,104500,64.72,64.73,64.66,64.67,4
AUDJPY,20010104,110000,64.67,64.70,64.66,64.70,4
AUDJPY,20010104,111500,64.70,64.76,64.69,64.71,4
AUDJPY,20010104,113000,64.71,64.71,64.48,64.50,4
AUDJPY,20010104,114500,64.50,64.53,64.44,64.46,4
AUDJPY,20010104,120000,64.47,64.53,64.42,64.42,4
AUDJPY,20010104,121500,64.41,64.43,64.28,64.35,4
AUDJPY,20010104,123000,64.34,64.38,64.30,64.37,4
AUDJPY,20010104,124500,64.38,64.47,64.36,64.42,4
AUDJPY,20010104,130000,64.43,64.66,64.43,64.66,4
AUDJPY,20010104,131500,64.66,64.69,64.55,64.57,4
AUDJPY,20010104,133000,64.56,64.66,64.50,64.66,4
AUDJPY,20010104,134500,64.66,64.66,64.56,64.62,4
AUDJPY,20010104,140000,64.62,64.71,64.59,64.71,4
AUDJPY,20010104,141500,64.70,64.83,64.70,64.81,4
AUDJPY,20010104,143000,64.80,64.84,64.77,64.78,4
AUDJPY,20010104,144500,64.78,64.78,64.73,64.77,4
AUDJPY,20010104,150000,64.78,64.92,64.73,64.90,4
AUDJPY,20010104,151500,64.89,65.05,64.87,65.03,4
AUDJPY,20010104,153000,65.03,65.18,65.00,65.14,4
AUDJPY,20010104,154500,65.15,65.19,65.10,65.18,4
AUDJPY,20010104,160000,65.19,65.24,65.17,65.22,4
AUDJPY,20010104,161500,65.22,65.27,65.12,65.15,4
AUDJPY,20010104,163000,65.14,65.16,65.08,65.13,4
AUDJPY,20010104,164500,65.13,65.22,65.12,65.18,4
1 2 AUDJPY,20010104,170000,65.18,65.27,65.18,65.26,4
1 1 AUDJPY,20010104,171500,65.26,65.34,65.25,65.34,4
AUDJPY,20010104,173000,65.34,65.36,65.34,65.34,4
3 6 AUDJPY,20010104,174500,65.35,65.37,65.32,65.37,4
2 5 AUDJPY,20010104,180000,65.37,65.37,65.26,65.29,4
3 11 AUDJPY,20010104,181500,65.28,65.32,65.27,65.32,4
3 12 AUDJPY,20010104,183000,65.31,65.33,65.31,65.31,4
3 10 AUDJPY,20010104,184500,65.31,65.31,65.25,65.28,4
1 3 AUDJPY,20010104,190000,65.28,65.35,65.28,65.33,4
2 3 AUDJPY,20010104,191500,65.33,65.36,65.32,65.36,4
3 9 AUDJPY,20010104,193000,65.36,65.39,65.36,65.39,4
3 8 AUDJPY,20010104,194500,65.38,65.38,65.34,65.35,4
3 6 AUDJPY,20010104,200000,65.35,65.38,65.34,65.37,4
3 9 AUDJPY,20010104,201500,65.43,65.43,65.37,65.37,4
3 11 AUDJPY,20010104,203000,65.37,65.41,65.37,65.41,4
3 8 AUDJPY,20010104,204500,65.42,65.42,65.38,65.38,4
3 5 AUDJPY,20010104,210000,65.39,65.48,65.37,65.48,4
1 3 AUDJPY,20010104,211500,65.47,65.55,65.46,65.51,4
AUDJPY,20010104,213000,65.52,65.53,65.51,65.52,4
AUDJPY,20010104,214500,65.52,65.53,65.50,65.51,4
1 1 AUDJPY,20010104,220000,65.51,65.53,65.50,65.52,4
AUDJPY,20010104,221500,65.52,65.59,65.52,65.59,4
AUDJPY,20010104,223000,65.59,65.59,65.43,65.43,4
AUDJPY,20010104,224500,65.43,65.52,65.39,65.52,4
AUDJPY,20010104,230000,65.52,65.60,65.51,65.58,4
AUDJPY,20010104,231500,65.58,65.63,65.55,65.63,4
AUDJPY,20010104,233000,65.64,65.84,65.64,65.84,4
AUDJPY,20010104,234500,65.84,65.95,65.84,65.95,4
AUDJPY,20010105,000000,65.95,66.04,65.94,66.04,4
AUDJPY,20010105,001500,66.04,66.29,66.04,66.29,4
AUDJPY,20010105,003000,66.29,66.29,66.10,66.12,4
AUDJPY,20010105,004500,66.11,66.11,65.93,65.96,4
AUDJPY,20010105,010000,65.96,66.04,65.95,66.04,4
AUDJPY,20010105,011500,66.05,66.09,66.05,66.09,4
AUDJPY,20010105,013000,66.08,66.08,66.02,66.02,4
AUDJPY,20010105,014500,66.01,66.05,65.99,65.99,4
1 2 AUDJPY,20010105,020000,65.99,66.23,65.99,66.23,4
AUDJPY,20010105,021500,66.22,66.35,66.17,66.22,4
AUDJPY,20010105,023000,66.23,66.49,66.23,66.49,4
AUDJPY,20010105,024500,66.49,66.69,66.47,66.53,4
AUDJPY,20010105,030000,66.53,66.57,66.50,66.54,4
AUDJPY,20010105,031500,66.54,66.54,66.38,66.53,4
AUDJPY,20010105,033000,66.53,66.54,66.49,66.53,4
AUDJPY,20010105,034500,66.53,66.53,66.44,66.47,4
AUDJPY,20010105,040000,66.46,66.46,66.39,66.42,4
AUDJPY,20010105,041500,66.41,66.49,66.40,66.49,4
AUDJPY,20010105,043000,66.49,66.57,66.49,66.57,4
AUDJPY,20010105,044500,66.57,66.70,66.55,66.68,4
AUDJPY,20010105,050000,66.67,66.73,66.67,66.71,4
AUDJPY,20010105,051500,66.70,66.70,66.54,66.56,4
AUDJPY,20010105,053000,66.57,66.59,66.54,66.57,4
AUDJPY,20010105,054500,66.56,66.56,66.41,66.43,4
AUDJPY,20010105,060000,66.43,66.49,66.33,66.35,4
AUDJPY,20010105,061500,66.35,66.35,66.19,66.19,4
1 1 AUDJPY,20010105,063000,66.19,66.24,66.18,66.22,4
AUDJPY,20010105,064500,66.22,66.33,66.22,66.27,4
AUDJPY,20010105,070000,66.28,66.34,66.27,66.27,4
AUDJPY,20010105,071500,66.26,66.27,66.20,66.26,4
AUDJPY,20010105,073000,66.27,66.39,66.27,66.29,4
AUDJPY,20010105,074500,66.29,66.38,66.28,66.33,4
AUDJPY,20010105,080000,66.32,66.40,66.30,66.30,4
AUDJPY,20010105,081500,66.29,66.31,66.12,66.13,4
AUDJPY,20010105,083000,66.13,66.17,66.12,66.12,4
AUDJPY,20010105,084500,66.13,66.30,66.08,66.30,4
AUDJPY,20010105,090000,66.30,66.32,66.25,66.29,4
AUDJPY,20010105,091500,66.30,66.36,66.27,66.29,4
AUDJPY,20010105,093000,66.29,66.33,66.26,66.33,4
AUDJPY,20010105,094500,66.33,66.33,66.27,66.27,4
AUDJPY,20010105,100000,66.28,66.30,66.25,66.28,4
AUDJPY,20010105,101500,66.27,66.36,66.24,66.36,4
AUDJPY,20010105,103000,66.36,66.44,66.36,66.38,4
AUDJPY,20010105,104500,66.38,66.42,66.34,66.39,4
AUDJPY,20010105,110000,66.40,66.41,66.32,66.33,4
AUDJPY,20010105,111500,66.33,66.37,66.29,66.32,4
AUDJPY,20010105,113000,66.33,66.44,66.32,66.34,4
AUDJPY,20010105,114500,66.34,66.39,66.30,66.30,4
AUDJPY,20010105,120000,66.29,66.31,66.16,66.23,4
AUDJPY,20010105,121500,66.23,66.34,66.23,66.34,4
AUDJPY,20010105,123000,66.34,66.38,66.27,66.28,4
AUDJPY,20010105,124500,66.28,66.31,66.21,66.25,4
AUDJPY,20010105,130000,66.26,66.32,66.23,66.31,4
AUDJPY,20010105,131500,66.31,66.41,66.30,66.41,4
AUDJPY,20010105,133000,66.42,66.48,66.32,66.40,4
AUDJPY,20010105,134500,66.40,66.43,66.16,66.16,4
AUDJPY,20010105,140000,66.15,66.32,66.09,66.26,4
AUDJPY,20010105,141500,66.25,66.25,66.15,66.15,4
AUDJPY,20010105,143000,66.14,66.26,66.14,66.16,4
AUDJPY,20010105,144500,66.17,66.30,66.16,66.28,4
AUDJPY,20010105,150000,66.29,66.34,66.21,66.33,4
2 3 AUDJPY,20010105,151500,66.27,66.37,66.27,66.32,4
AUDJPY,20010105,153000,66.31,66.32,66.28,66.31,4
AUDJPY,20010105,154500,66.30,66.32,66.23,66.30,4
AUDJPY,20010105,160000,66.29,66.35,66.28,66.33,4
AUDJPY,20010105,161500,66.32,66.36,66.28,66.32,4
AUDJPY,20010105,163000,66.33,66.36,66.33,66.33,4
AUDJPY,20010105,164500,66.33,66.33,66.25,66.29,4
2 2 AUDJPY,20010105,170000,66.28,66.33,66.28,66.30,4
2 5 AUDJPY,20010105,171500,66.37,66.39,66.36,66.37,4
1 2 AUDJPY,20010105,173000,66.37,66.39,66.35,66.38,4
2 2 AUDJPY,20010105,174500,66.36,66.39,66.29,66.29,4
2 5 AUDJPY,20010105,180000,66.29,66.30,66.24,66.24,4
3 4 AUDJPY,20010105,181500,66.23,66.35,66.21,66.35,4
3 4 AUDJPY,20010105,183000,66.35,66.44,66.35,66.42,4
3 5 AUDJPY,20010105,184500,66.40,66.49,66.40,66.49,4
3 11 AUDJPY,20010105,190000,66.49,66.53,66.49,66.53,4
3 6 AUDJPY,20010105,191500,66.53,66.56,66.53,66.56,4
2 10 AUDJPY,20010105,193000,66.57,66.61,66.57,66.57,4
3 12 AUDJPY,20010105,194500,66.57,66.58,66.56,66.58,4
2 7 AUDJPY,20010105,200000,66.58,66.62,66.58,66.62,4
3 11 AUDJPY,20010105,201500,66.62,66.64,66.62,66.64,4
3 13 AUDJPY,20010105,203000,66.64,66.64,66.61,66.61,4
3 10 AUDJPY,20010105,204500,66.61,66.62,66.58,66.60,4
3 15 AUDJPY,20010105,210000,66.58,66.60,66.58,66.60,4
3 15 AUDJPY,20010105,211500,66.58,66.60,66.58,66.60,4
3 15 AUDJPY,20010105,213000,66.58,66.60,66.58,66.60,4
3 15 AUDJPY,20010105,214500,66.58,66.60,66.58,66.60,4
1 2 AUDJPY,20010107,231700,66.58,66.61,66.53,66.53,4
3 13 AUDJPY,20010107,233200,66.53,66.53,66.53,66.53,4
2 5 AUDJPY,20010107,234700,66.53,66.56,66.53,66.56,4
2 4 AUDJPY,20010108,000200,66.56,66.56,66.51,66.55,4
1 3 AUDJPY,20010108,001700,66.55,66.61,66.55,66.56,4
AUDJPY,20010108,003200,66.56,66.60,66.53,66.58,4
AUDJPY,20010108,004700,66.57,66.61,66.55,66.59,4
AUDJPY,20010108,010200,66.59,66.60,66.58,66.60,4
1 1 AUDJPY,20010108,011700,66.60,66.65,66.60,66.65,4
AUDJPY,20010108,013200,66.65,66.67,66.64,66.66,4
AUDJPY,20010108,014700,66.66,66.66,66.55,66.55,4
AUDJPY,20010108,020200,66.55,66.56,66.51,66.53,4
1 1 AUDJPY,20010108,021700,66.53,66.53,66.49,66.49,4
AUDJPY,20010108,023200,66.49,66.51,66.48,66.50,4
1 1 AUDJPY,20010108,024700,66.50,66.50,66.47,66.47,4
AUDJPY,20010108,030200,66.48,66.48,66.45,66.46,4
AUDJPY,20010108,031700,66.46,66.46,66.39,66.39,4
AUDJPY,20010108,033200,66.39,66.42,66.37,66.42,4
AUDJPY,20010108,034700,66.42,66.42,66.40,66.40,4
AUDJPY,20010108,040200,66.40,66.43,66.39,66.39,4
AUDJPY,20010108,041700,66.38,66.38,66.32,66.32,4
1 1 AUDJPY,20010108,043200,66.32,66.33,66.20,66.21,4
AUDJPY,20010108,044700,66.21,66.25,66.21,66.22,4
AUDJPY,20010108,050200,66.22,66.23,66.18,66.18,4
AUDJPY,20010108,051700,66.18,66.22,66.18,66.22,4
AUDJPY,20010108,053200,66.22,66.23,66.20,66.21,4
AUDJPY,20010108,054700,66.21,66.27,66.21,66.26,4
AUDJPY,20010108,060200,66.26,66.28,66.26,66.28,4
AUDJPY,20010108,061700,66.28,66.29,66.26,66.26,4
1 1 AUDJPY,20010108,063200,66.25,66.25,66.20,66.20,4
3 10 AUDJPY,20010108,064700,66.16,66.18,66.16,66.18,4
1 1 AUDJPY,20010108,070200,66.19,66.19,66.17,66.17,4
1 2 AUDJPY,20010108,071700,66.18,66.23,66.17,66.23,4
AUDJPY,20010108,073200,66.23,66.25,66.21,66.23,4
AUDJPY,20010108,074700,66.23,66.27,66.15,66.22,4
AUDJPY,20010108,080200,66.22,66.26,66.21,66.21,4
AUDJPY,20010108,081700,66.21,66.22,66.14,66.16,4
AUDJPY,20010108,083200,66.17,66.17,66.08,66.10,4
AUDJPY,20010108,084700,66.11,66.15,66.09,66.11,4
AUDJPY,20010108,090200,66.11,66.16,66.08,66.12,4
AUDJPY,20010108,091700,66.12,66.14,66.10,66.13,4
AUDJPY,20010108,093200,66.13,66.13,65.86,65.88,4
AUDJPY,20010108,094700,65.88,65.94,65.87,65.93,4
AUDJPY,20010108,100200,65.92,65.95,65.90,65.91,4
AUDJPY,20010108,101700,65.91,65.94,65.87,65.94,4
AUDJPY,20010108,103200,65.95,66.05,65.94,66.04,4
AUDJPY,20010108,104700,66.04,66.10,65.99,66.01,4
AUDJPY,20010108,110200,66.01,66.04,65.96,66.03,4
AUDJPY,20010108,111700,66.02,66.05,65.91,65.91,4
AUDJPY,20010108,113200,65.91,65.93,65.84,65.84,4
AUDJPY,20010108,114700,65.84,65.92,65.83,65.92,4
AUDJPY,20010108,120200,65.92,66.00,65.90,65.91,4
AUDJPY,20010108,121700,65.90,65.99,65.88,65.89,4
AUDJPY,20010108,123200,65.88,65.91,65.86,65.89,4
AUDJPY,20010108,124700,65.88,65.91,65.85,65.91,4
AUDJPY,20010108,130200,65.90,65.95,65.89,65.95,4
AUDJPY,20010108,131700,65.94,66.04,65.89,66.00,4
AUDJPY,20010108,133200,65.99,65.99,65.78,65.81,4
AUDJPY,20010108,134700,65.80,65.83,65.75,65.78,4
AUDJPY,20010108,140200,65.79,65.86,65.78,65.85,4
AUDJPY,20010108,141700,65.85,65.93,65.79,65.91,4
AUDJPY,20010108,143200,65.92,65.95,65.88,65.88,4
AUDJPY,20010108,144700,65.87,65.93,65.84,65.84,4
AUDJPY,20010108,150200,65.84,65.87,65.84,65.86,4
AUDJPY,20010108,151700,65.86,65.89,65.78,65.81,4
AUDJPY,20010108,153200,65.81,65.92,65.81,65.85,4
AUDJPY,20010108,154700,65.85,65.87,65.79,65.82,4
AUDJPY,20010108,160200,65.82,65.84,65.73,65.73,4
1 1 AUDJPY,20010108,161700,65.72,65.78,65.70,65.73,4
1 1 AUDJPY,20010108,163200,65.73,65.74,65.61,65.64,4
AUDJPY,20010108,164700,65.63,65.64,65.56,65.61,4
1 2 AUDJPY,20010108,170200,65.61,65.65,65.58,65.65,4
1 1 AUDJPY,20010108,171700,65.65,65.65,65.60,65.63,4
1 1 AUDJPY,20010108,173200,65.64,65.66,65.57,65.65,4
2 4 AUDJPY,20010108,174700,65.65,65.65,65.55,65.55,4
AUDJPY,20010108,180200,65.54,65.59,65.47,65.54,4
AUDJPY,20010108,181700,65.55,65.65,65.55,65.64,4
1 1 AUDJPY,20010108,183200,65.63,65.64,65.62,65.63,4
1 1 AUDJPY,20010108,184700,65.63,65.64,65.58,65.59,4
3 9 AUDJPY,20010108,190200,65.59,65.59,65.56,65.56,4
1 1 AUDJPY,20010108,191700,65.56,65.58,65.51,65.57,4
3 6 AUDJPY,20010108,193200,65.57,65.68,65.57,65.68,4
1 3 AUDJPY,20010108,194700,65.67,65.74,65.67,65.74,4
2 4 AUDJPY,20010108,200200,65.75,65.79,65.71,65.78,4
1 1 AUDJPY,20010108,201700,65.78,65.87,65.78,65.86,4
AUDJPY,20010108,203200,65.87,65.91,65.85,65.91,4
2 4 AUDJPY,20010108,204700,65.92,65.94,65.90,65.93,4
2 2 AUDJPY,20010108,210200,65.93,66.06,65.93,66.06,4
AUDJPY,20010108,211700,66.06,66.08,66.04,66.05,4
AUDJPY,20010108,213200,66.04,66.04,65.91,65.91,4
1 1 AUDJPY,20010108,214700,65.91,65.91,65.81,65.81,4
AUDJPY,20010108,220200,65.81,65.83,65.79,65.80,4
1 1 AUDJPY,20010108,221700,65.80,65.81,65.75,65.81,4
AUDJPY,20010108,223200,65.81,65.87,65.79,65.87,4
AUDJPY,20010108,224700,65.88,65.96,65.87,65.95,4
2 2 AUDJPY,20010108,230200,65.95,65.96,65.92,65.96,4
3 4 AUDJPY,20010108,231700,65.96,65.97,65.88,65.95,4
AUDJPY,20010108,233200,65.95,66.08,65.95,66.02,4
AUDJPY,20010108,234700,66.01,66.02,65.97,65.99,4
AUDJPY,20010109,000200,65.98,66.01,65.94,65.94,4
1 2 AUDJPY,20010109,001700,65.97,65.97,65.80,65.86,4
AUDJPY,20010109,003200,65.85,65.86,65.74,65.77,4
AUDJPY,20010109,004700,65.78,65.80,65.76,65.76,4
AUDJPY,20010109,010200,65.77,65.77,65.49,65.51,4
AUDJPY,20010109,011700,65.50,65.54,65.45,65.54,4
AUDJPY,20010109,013200,65.54,65.59,65.52,65.57,4
AUDJPY,20010109,014700,65.57,65.61,65.56,65.60,4
AUDJPY,20010109,020200,65.60,65.64,65.60,65.62,4
AUDJPY,20010109,021700,65.62,65.66,65.61,65.66,4
AUDJPY,20010109,023200,65.65,65.66,65.64,65.66,4
AUDJPY,20010109,024700,65.67,65.76,65.67,65.76,4
AUDJPY,20010109,030200,65.76,65.76,65.71,65.71,4
AUDJPY,20010109,031700,65.71,65.71,65.62,65.71,4
1 2 AUDJPY,20010109,033200,65.71,65.71,65.59,65.62,4
1 1 AUDJPY,20010109,034700,65.61,65.61,65.57,65.58,4
AUDJPY,20010109,040200,65.58,65.59,65.56,65.56,4
AUDJPY,20010109,041700,65.56,65.57,65.40,65.42,4
AUDJPY,20010109,043200,65.42,65.42,65.27,65.34,4
AUDJPY,20010109,044700,65.35,65.41,65.35,65.41,4
AUDJPY,20010109,050200,65.41,65.41,65.37,65.38,4
AUDJPY,20010109,051700,65.38,65.38,65.30,65.37,4
AUDJPY,20010109,053200,65.38,65.39,65.30,65.33,4
AUDJPY,20010109,054700,65.34,65.37,65.30,65.37,4
AUDJPY,20010109,060200,65.38,65.39,65.33,65.34,4
AUDJPY,20010109,061700,65.34,65.35,65.30,65.33,4
1 3 AUDJPY,20010109,063200,65.34,65.35,65.32,65.35,4
3 12 AUDJPY,20010109,064700,65.35,65.38,65.33,65.37,4
2 2 AUDJPY,20010109,070200,65.37,65.42,65.37,65.40,4
1 3 AUDJPY,20010109,071700,65.40,65.42,65.35,65.35,4
AUDJPY,20010109,073200,65.35,65.36,65.33,65.34,4
AUDJPY,20010109,074700,65.34,65.37,65.32,65.35,4
1 1 AUDJPY,20010109,080200,65.36,65.43,65.35,65.41,4
AUDJPY,20010109,081700,65.41,65.43,65.33,65.33,4
AUDJPY,20010109,083200,65.34,65.34,65.26,65.26,4
AUDJPY,20010109,084700,65.27,65.29,65.15,65.17,4
AUDJPY,20010109,090200,65.17,65.23,65.15,65.23,4
AUDJPY,20010109,091700,65.22,65.32,65.21,65.23,4
AUDJPY,20010109,093200,65.22,65.22,65.11,65.12,4
AUDJPY,20010109,094700,65.13,65.21,65.13,65.13,4
AUDJPY,20010109,100200,65.14,65.18,65.11,65.11,4
AUDJPY,20010109,101700,65.12,65.17,65.11,65.11,4
AUDJPY,20010109,103200,65.10,65.16,65.07,65.09,4
AUDJPY,20010109,104700,65.08,65.17,65.02,65.16,4
1 1 AUDJPY,20010109,110200,65.17,65.21,65.15,65.17,4
AUDJPY,20010109,111700,65.18,65.21,65.16,65.18,4
AUDJPY,20010109,113200,65.18,65.19,65.08,65.08,4
AUDJPY,20010109,114700,65.08,65.09,65.00,65.02,4
AUDJPY,20010109,120200,65.02,65.05,64.99,65.03,4
AUDJPY,20010109,121700,65.03,65.07,65.01,65.01,4
AUDJPY,20010109,123200,65.00,65.14,65.00,65.05,4
AUDJPY,20010109,124700,65.05,65.13,65.04,65.12,4
AUDJPY,20010109,130200,65.11,65.11,64.91,64.91,4
AUDJPY,20010109,131700,64.91,64.91,64.84,64.85,4
AUDJPY,20010109,133200,64.85,64.95,64.82,64.82,4
AUDJPY,20010109,134700,64.81,64.85,64.73,64.82,4
AUDJPY,20010109,140200,64.83,64.90,64.79,64.88,4
AUDJPY,20010109,141700,64.88,65.11,64.88,65.11,4
AUDJPY,20010109,143200,65.11,65.23,65.10,65.20,4
1 1 AUDJPY,20010109,144700,65.20,65.20,65.14,65.19,4
AUDJPY,20010109,150200,65.20,65.24,65.19,65.23,4
AUDJPY,20010109,151700,65.23,65.30,65.23,65.28,4
AUDJPY,20010109,153200,65.29,65.47,65.29,65.46,4
1 2 AUDJPY,20010109,154700,65.45,65.55,65.44,65.55,4
1 1 AUDJPY,20010109,160200,65.56,65.57,65.51,65.52,4
AUDJPY,20010109,161700,65.52,65.55,65.47,65.54,4
1 2 AUDJPY,20010109,163200,65.54,65.75,65.54,65.71,4
AUDJPY,20010109,164700,65.70,65.75,65.67,65.67,4
1 1 AUDJPY,20010109,170200,65.67,65.68,65.61,65.65,4
3 3 AUDJPY,20010109,171700,65.66,65.69,65.65,65.69,4
1 4 AUDJPY,20010109,173200,65.69,65.72,65.68,65.70,4
3 9 AUDJPY,20010109,174700,65.70,65.74,65.69,65.73,4
1 3 AUDJPY,20010109,180200,65.74,65.74,65.69,65.70,4
3 7 AUDJPY,20010109,181700,65.73,65.80,65.73,65.80,4
3 12 AUDJPY,20010109,183200,65.80,65.80,65.75,65.76,4
3 13 AUDJPY,20010109,184700,65.75,65.76,65.67,65.67,4
3 9 AUDJPY,20010109,190200,65.67,65.68,65.65,65.68,4
3 14 AUDJPY,20010109,191700,65.67,65.69,65.67,65.69,4
3 13 AUDJPY,20010109,193200,65.69,65.72,65.69,65.72,4
3 12 AUDJPY,20010109,194700,65.72,65.72,65.72,65.72,4
3 9 AUDJPY,20010109,200200,65.72,65.74,65.71,65.72,4
3 14 AUDJPY,20010109,201700,65.72,65.74,65.72,65.74,4
3 13 AUDJPY,20010109,203200,65.74,65.79,65.74,65.79,4
3 12 AUDJPY,20010109,204700,65.79,65.82,65.75,65.82,4
3 14 AUDJPY,20010109,210200,65.82,65.83,65.82,65.83,4
1 2 AUDJPY,20010109,211700,65.82,65.85,65.81,65.85,4
AUDJPY,20010109,213200,65.85,65.86,65.85,65.86,4
AUDJPY,20010109,214700,65.86,65.86,65.81,65.81,4
3 6 AUDJPY,20010109,220200,65.81,65.81,65.77,65.81,4
1 1 AUDJPY,20010109,221700,65.81,65.85,65.77,65.85,4
AUDJPY,20010109,223200,65.85,65.85,65.81,65.82,4
AUDJPY,20010109,224700,65.82,65.87,65.82,65.85,4
AUDJPY,20010109,230200,65.84,65.84,65.77,65.77,4
AUDJPY,20010109,231700,65.76,65.83,65.76,65.78,4
AUDJPY,20010109,233200,65.78,65.79,65.74,65.74,4
AUDJPY,20010109,234700,65.74,65.79,65.72,65.78,4
AUDJPY,20010110,000200,65.78,65.81,65.73,65.74,4
AUDJPY,20010110,001700,65.74,65.76,65.67,65.68,4
AUDJPY,20010110,003200,65.68,65.73,65.62,65.72,4
AUDJPY,20010110,004700,65.72,65.74,65.71,65.73,4
AUDJPY,20010110,010200,65.73,65.73,65.61,65.66,4
AUDJPY,20010110,011700,65.65,65.65,65.50,65.61,4
AUDJPY,20010110,013200,65.61,65.62,65.52,65.55,4
AUDJPY,20010110,014700,65.55,65.58,65.55,65.55,4
1 1 AUDJPY,20010110,020200,65.56,65.60,65.55,65.56,4
AUDJPY,20010110,021700,65.56,65.58,65.52,65.56,4
AUDJPY,20010110,023200,65.56,65.58,65.55,65.55,4
AUDJPY,20010110,024700,65.55,65.56,65.44,65.44,4
AUDJPY,20010110,030200,65.44,65.49,65.42,65.47,4
AUDJPY,20010110,031700,65.47,65.47,65.33,65.33,4
AUDJPY,20010110,033200,65.34,65.36,65.26,65.28,4
AUDJPY,20010110,034700,65.29,65.29,65.14,65.19,4
AUDJPY,20010110,040200,65.19,65.19,65.07,65.08,4
AUDJPY,20010110,041700,65.07,65.10,64.69,64.73,4
AUDJPY,20010110,043200,64.72,64.91,64.71,64.86,4
AUDJPY,20010110,044700,64.86,64.88,64.68,64.69,4
AUDJPY,20010110,050200,64.69,64.77,64.68,64.68,4
AUDJPY,20010110,051700,64.68,64.73,64.54,64.54,4
AUDJPY,20010110,053200,64.55,64.59,64.54,64.56,4
AUDJPY,20010110,054700,64.55,64.55,64.43,64.43,4
AUDJPY,20010110,060200,64.43,64.62,64.43,64.62,4
AUDJPY,20010110,061700,64.63,64.70,64.51,64.64,4
1 1 AUDJPY,20010110,063200,64.64,64.71,64.62,64.69,4
3 3 AUDJPY,20010110,064700,64.69,64.85,64.69,64.82,4
1 3 AUDJPY,20010110,070200,64.82,64.82,64.80,64.81,4
2 2 AUDJPY,20010110,071700,64.81,64.96,64.81,64.95,4
1 1 AUDJPY,20010110,073200,64.94,65.02,64.94,64.99,4
AUDJPY,20010110,074700,65.00,65.03,64.88,64.89,4
1 3 AUDJPY,20010110,080200,64.89,65.02,64.88,64.98,4
AUDJPY,20010110,081700,64.99,65.12,64.93,64.98,4
AUDJPY,20010110,083200,64.98,64.98,64.83,64.83,4
AUDJPY,20010110,084700,64.82,64.91,64.82,64.90,4
AUDJPY,20010110,090200,64.89,64.92,64.86,64.91,4
AUDJPY,20010110,091700,64.91,64.92,64.81,64.84,4
AUDJPY,20010110,093200,64.84,64.85,64.79,64.85,4
AUDJPY,20010110,094700,64.85,64.86,64.83,64.84,4
2 2 AUDJPY,20010110,100200,64.84,64.91,64.80,64.86,4
AUDJPY,20010110,101700,64.86,64.95,64.85,64.91,4
AUDJPY,20010110,103200,64.91,64.93,64.88,64.92,4
AUDJPY,20010110,104700,64.92,64.98,64.90,64.98,4
AUDJPY,20010110,110200,64.98,65.04,64.96,65.04,4
AUDJPY,20010110,111700,65.05,65.08,65.03,65.06,4
AUDJPY,20010110,113200,65.06,65.12,65.00,65.10,4
AUDJPY,20010110,114700,65.09,65.17,65.06,65.13,4
AUDJPY,20010110,120200,65.14,65.30,65.13,65.27,4
AUDJPY,20010110,121700,65.27,65.28,65.18,65.18,4
AUDJPY,20010110,123200,65.18,65.20,65.11,65.11,4
AUDJPY,20010110,124700,65.11,65.12,64.94,64.95,4
AUDJPY,20010110,130200,64.94,64.97,64.90,64.91,4
1 1 AUDJPY,20010110,131700,64.91,64.97,64.88,64.89,4
AUDJPY,20010110,133200,64.88,64.89,64.81,64.84,4
AUDJPY,20010110,134700,64.84,64.93,64.84,64.88,4
AUDJPY,20010110,140200,64.88,64.95,64.86,64.95,4
AUDJPY,20010110,141700,64.94,64.97,64.89,64.95,4
AUDJPY,20010110,143200,64.95,65.07,64.93,65.04,4
1 3 AUDJPY,20010110,144700,65.03,65.04,64.96,64.98,4
3 5 AUDJPY,20010110,150200,64.98,65.03,64.97,65.00,4
AUDJPY,20010110,151700,65.00,65.08,65.00,65.05,4
1 1 AUDJPY,20010110,153200,65.05,65.06,64.94,64.94,4
AUDJPY,20010110,154700,64.93,64.98,64.92,64.97,4
AUDJPY,20010110,160200,64.97,64.97,64.93,64.93,4
AUDJPY,20010110,161700,64.92,64.92,64.82,64.87,4
AUDJPY,20010110,163200,64.87,64.91,64.85,64.86,4
AUDJPY,20010110,164700,64.85,64.85,64.74,64.75,4
AUDJPY,20010110,170200,64.74,64.76,64.73,64.75,4
AUDJPY,20010110,171700,64.76,64.76,64.69,64.71,4
3 11 AUDJPY,20010110,173200,64.70,64.81,64.70,64.81,4
2 2 AUDJPY,20010110,174700,64.81,64.83,64.79,64.80,4
AUDJPY,20010110,180200,64.80,64.81,64.74,64.78,4
3 7 AUDJPY,20010110,181700,64.78,64.85,64.78,64.84,4
2 8 AUDJPY,20010110,183200,64.88,64.92,64.88,64.91,4
1 3 AUDJPY,20010110,184700,64.90,64.94,64.88,64.92,4
3 8 AUDJPY,20010110,190200,64.92,64.95,64.91,64.95,4
2 6 AUDJPY,20010110,191700,64.95,64.96,64.92,64.92,4
2 5 AUDJPY,20010110,193200,64.91,64.91,64.78,64.78,4
3 8 AUDJPY,20010110,194700,64.77,64.78,64.74,64.75,4
1 2 AUDJPY,20010110,200200,64.75,64.80,64.72,64.80,4
AUDJPY,20010110,201700,64.80,64.87,64.80,64.81,4
3 10 AUDJPY,20010110,203200,64.81,64.86,64.81,64.81,4
3 13 AUDJPY,20010110,204700,64.81,64.81,64.81,64.81,4
3 8 AUDJPY,20010110,210200,64.81,64.81,64.79,64.80,4
3 10 AUDJPY,20010110,211700,64.80,64.80,64.76,64.76,4
3 8 AUDJPY,20010110,213200,64.76,64.76,64.73,64.73,4
AUDJPY,20010110,214700,64.73,64.73,64.66,64.69,4
AUDJPY,20010110,220200,64.69,64.71,64.61,64.66,4
1 2 AUDJPY,20010110,221700,64.66,64.68,64.47,64.47,4
2 5 AUDJPY,20010110,223200,64.48,64.48,64.40,64.42,4
2 4 AUDJPY,20010110,224700,64.42,64.47,64.31,64.47,4
3 10 AUDJPY,20010110,230200,64.41,64.48,64.41,64.47,4
3 14 AUDJPY,20010110,231700,64.47,64.51,64.47,64.51,4
AUDJPY,20010110,233200,64.51,64.56,64.51,64.53,4
3 12 AUDJPY,20010110,234700,64.53,64.66,64.52,64.66,4
3 13 AUDJPY,20010111,000200,64.66,64.66,64.56,64.57,4
3 5 AUDJPY,20010111,001700,64.58,64.64,64.58,64.60,4
2 6 AUDJPY,20010111,003200,64.59,64.59,64.56,64.58,4
AUDJPY,20010111,004700,64.58,64.60,64.42,64.47,4
AUDJPY,20010111,010200,64.47,64.52,64.46,64.52,4
AUDJPY,20010111,011700,64.52,64.61,64.47,64.58,4
AUDJPY,20010111,013200,64.58,64.74,64.54,64.74,4
AUDJPY,20010111,014700,64.74,64.80,64.74,64.80,4
AUDJPY,20010111,020200,64.80,64.86,64.72,64.86,4
AUDJPY,20010111,021700,64.86,64.88,64.84,64.85,4
AUDJPY,20010111,023200,64.85,64.85,64.74,64.74,4
AUDJPY,20010111,024700,64.74,64.79,64.74,64.76,4
2 6 AUDJPY,20010111,030200,64.75,64.75,64.70,64.70,4
3 9 AUDJPY,20010111,031700,64.70,64.73,64.70,64.73,4
1 1 AUDJPY,20010111,033200,64.73,64.75,64.72,64.74,4
2 2 AUDJPY,20010111,034700,64.74,64.78,64.74,64.77,4
1 1 AUDJPY,20010111,040200,64.77,64.83,64.77,64.83,4
AUDJPY,20010111,041700,64.83,64.83,64.73,64.73,4
AUDJPY,20010111,043200,64.74,64.79,64.74,64.76,4
AUDJPY,20010111,044700,64.75,64.79,64.73,64.75,4
AUDJPY,20010111,050200,64.75,64.84,64.71,64.81,4
2 3 AUDJPY,20010111,051700,64.81,64.81,64.77,64.78,4
AUDJPY,20010111,053200,64.78,64.83,64.77,64.77,4
AUDJPY,20010111,054700,64.77,64.80,64.77,64.78,4
AUDJPY,20010111,060200,64.78,64.82,64.78,64.81,4
AUDJPY,20010111,061700,64.81,64.86,64.79,64.79,4
2 3 AUDJPY,20010111,063200,64.80,64.80,64.73,64.78,4
3 15 AUDJPY,20010111,064700,64.78,64.78,64.78,64.78,4
3 13 AUDJPY,20010111,070200,64.77,64.79,64.77,64.79,4
2 6 AUDJPY,20010111,071700,64.78,64.79,64.70,64.70,4
AUDJPY,20010111,073200,64.69,64.72,64.62,64.72,4
AUDJPY,20010111,074700,64.72,64.73,64.67,64.68,4
AUDJPY,20010111,080200,64.67,64.70,64.67,64.68,4
1 2 AUDJPY,20010111,081700,64.71,64.75,64.65,64.71,4
1 4 AUDJPY,20010111,083200,64.72,64.77,64.68,64.76,4
AUDJPY,20010111,084700,64.77,64.81,64.75,64.81,4
1 1 AUDJPY,20010111,090200,64.82,64.84,64.78,64.84,4
AUDJPY,20010111,091700,64.84,64.87,64.82,64.82,4
1 1 AUDJPY,20010111,093200,64.82,65.01,64.81,65.01,4
AUDJPY,20010111,094700,65.00,65.00,64.92,64.95,4
AUDJPY,20010111,100200,64.95,65.06,64.95,65.06,4
AUDJPY,20010111,101700,65.06,65.20,65.00,65.16,4
AUDJPY,20010111,103200,65.15,65.19,65.10,65.16,4
AUDJPY,20010111,104700,65.16,65.22,65.06,65.07,4
AUDJPY,20010111,110200,65.06,65.06,64.79,65.00,4
AUDJPY,20010111,111700,65.01,65.21,65.01,65.20,4
AUDJPY,20010111,113200,65.19,65.30,65.16,65.29,4
AUDJPY,20010111,114700,65.28,65.30,65.15,65.18,4
1 1 AUDJPY,20010111,120200,65.19,65.28,65.19,65.26,4
1 1 AUDJPY,20010111,121700,65.25,65.39,65.24,65.37,4
AUDJPY,20010111,123200,65.38,65.47,65.37,65.41,4
AUDJPY,20010111,124700,65.41,65.46,65.38,65.46,4
1 1 AUDJPY,20010111,130200,65.47,65.60,65.45,65.55,4
AUDJPY,20010111,131700,65.55,65.59,65.52,65.52,4
AUDJPY,20010111,133200,65.51,65.56,65.48,65.52,4
AUDJPY,20010111,134700,65.51,65.54,65.43,65.43,4
AUDJPY,20010111,140200,65.43,65.47,65.40,65.40,4
AUDJPY,20010111,141700,65.39,65.49,65.39,65.44,4
AUDJPY,20010111,143200,65.45,65.45,65.36,65.36,4
AUDJPY,20010111,144700,65.36,65.55,65.36,65.54,4
AUDJPY,20010111,150200,65.55,65.59,65.49,65.59,4
1 1 AUDJPY,20010111,151700,65.60,65.74,65.60,65.66,4
1 1 AUDJPY,20010111,153200,65.66,65.68,65.64,65.64,4
3 3 AUDJPY,20010111,154700,65.64,65.70,65.64,65.68,4
2 3 AUDJPY,20010111,160200,65.68,65.68,65.59,65.59,4
AUDJPY,20010111,161700,65.58,65.58,65.50,65.51,4
2 7 AUDJPY,20010111,163200,65.51,65.62,65.51,65.62,4
2 4 AUDJPY,20010111,164700,65.62,65.69,65.61,65.69,4
1 3 AUDJPY,20010111,170200,65.69,65.75,65.67,65.74,4
3 4 AUDJPY,20010111,171700,65.76,65.95,65.76,65.90,4
3 5 AUDJPY,20010111,173200,65.88,65.97,65.85,65.96,4
AUDJPY,20010111,174700,65.95,66.16,65.95,66.05,4
2 3 AUDJPY,20010111,180200,66.05,66.14,66.04,66.05,4
3 7 AUDJPY,20010111,181700,66.06,66.07,66.00,66.05,4
3 6 AUDJPY,20010111,183200,66.05,66.13,66.04,66.12,4
3 6 AUDJPY,20010111,184700,66.13,66.13,66.06,66.07,4
3 8 AUDJPY,20010111,190200,66.07,66.07,66.04,66.06,4
3 4 AUDJPY,20010111,191700,66.06,66.10,66.05,66.09,4
1 3 AUDJPY,20010111,193200,66.08,66.11,66.06,66.07,4
3 11 AUDJPY,20010111,194700,66.06,66.07,66.05,66.05,4
3 6 AUDJPY,20010111,200200,66.05,66.06,66.02,66.02,4
3 4 AUDJPY,20010111,201700,66.03,66.06,65.98,66.03,4
3 12 AUDJPY,20010111,203200,66.03,66.03,65.97,65.97,4
3 12 AUDJPY,20010111,204700,65.97,65.97,65.94,65.94,4
2 8 AUDJPY,20010111,210200,65.94,65.97,65.94,65.97,4
AUDJPY,20010111,211700,65.98,66.03,65.96,66.03,4
AUDJPY,20010111,213200,66.03,66.05,66.01,66.02,4
1 1 AUDJPY,20010111,214700,66.02,66.03,65.97,66.03,4
1 3 AUDJPY,20010111,220200,66.04,66.04,65.98,66.02,4
AUDJPY,20010111,221700,66.02,66.04,66.00,66.03,4
1 1 AUDJPY,20010111,223200,66.04,66.04,65.99,65.99,4
1 1 AUDJPY,20010111,224700,65.98,66.05,65.98,66.04,4
AUDJPY,20010111,230200,66.04,66.15,66.02,66.15,4
AUDJPY,20010111,231700,66.16,66.21,66.05,66.08,4
AUDJPY,20010111,233200,66.08,66.09,66.05,66.05,4
AUDJPY,20010111,234700,66.05,66.11,66.00,66.06,4
AUDJPY,20010112,000200,66.06,66.08,66.04,66.05,4
AUDJPY,20010112,001700,66.05,66.10,66.00,66.00,4
AUDJPY,20010112,003200,66.00,66.08,66.00,66.01,4
AUDJPY,20010112,004700,66.01,66.02,65.98,66.02,4
AUDJPY,20010112,010200,66.03,66.08,66.02,66.03,4
AUDJPY,20010112,011700,66.04,66.08,65.92,65.99,4
AUDJPY,20010112,013200,65.99,65.99,65.84,65.88,4
AUDJPY,20010112,014700,65.88,66.00,65.88,65.97,4
AUDJPY,20010112,020200,65.97,65.98,65.93,65.97,4
AUDJPY,20010112,021700,65.97,65.97,65.85,65.85,4
AUDJPY,20010112,023200,65.86,66.05,65.86,66.03,4
AUDJPY,20010112,024700,66.04,66.04,65.94,65.99,4
1 1 AUDJPY,20010112,030200,65.98,65.99,65.98,65.98,4
AUDJPY,20010112,031700,65.98,66.02,65.94,65.94,4
AUDJPY,20010112,033200,65.94,65.99,65.92,65.99,4
AUDJPY,20010112,034700,65.99,66.07,65.99,66.07,4
AUDJPY,20010112,040200,66.07,66.10,66.05,66.05,4
AUDJPY,20010112,041700,66.05,66.15,66.02,66.02,4
AUDJPY,20010112,043200,66.02,66.09,66.01,66.06,4
AUDJPY,20010112,044700,66.06,66.27,66.06,66.27,4
AUDJPY,20010112,050200,66.27,66.38,66.27,66.38,4
AUDJPY,20010112,051700,66.39,66.42,66.38,66.38,4
AUDJPY,20010112,053200,66.38,66.43,66.34,66.43,4
AUDJPY,20010112,054700,66.43,66.43,66.31,66.35,4
AUDJPY,20010112,060200,66.35,66.35,66.14,66.16,4
AUDJPY,20010112,061700,66.16,66.26,66.16,66.19,4
AUDJPY,20010112,063200,66.19,66.28,66.17,66.28,4
AUDJPY,20010112,064700,66.28,66.31,66.27,66.31,4
AUDJPY,20010112,070200,66.31,66.34,66.26,66.29,4
1 1 AUDJPY,20010112,071700,66.28,66.31,66.28,66.30,4
1 1 AUDJPY,20010112,073200,66.31,66.48,66.31,66.44,4
AUDJPY,20010112,074700,66.43,66.49,66.42,66.48,4
AUDJPY,20010112,080200,66.48,66.48,66.34,66.37,4
AUDJPY,20010112,081700,66.37,66.37,66.25,66.30,4
AUDJPY,20010112,083200,66.30,66.30,66.16,66.24,4
AUDJPY,20010112,084700,66.23,66.23,65.94,65.94,4
AUDJPY,20010112,090200,65.93,66.12,65.92,66.11,4
2 4 AUDJPY,20010112,091700,66.11,66.14,65.96,66.01,4
AUDJPY,20010112,093200,66.02,66.06,65.96,66.06,4
AUDJPY,20010112,094700,66.06,66.07,66.04,66.05,4
1 4 AUDJPY,20010112,100200,66.04,66.04,65.80,65.80,4
AUDJPY,20010112,101700,65.79,65.92,65.78,65.78,4
1 1 AUDJPY,20010112,103200,65.78,65.81,65.73,65.77,4
AUDJPY,20010112,104700,65.76,65.85,65.76,65.85,4
1 1 AUDJPY,20010112,110200,65.86,65.89,65.83,65.88,4
1 2 AUDJPY,20010112,111700,65.88,65.90,65.82,65.89,4
AUDJPY,20010112,113200,65.89,65.92,65.83,65.84,4
1 1 AUDJPY,20010112,114700,65.84,65.94,65.84,65.92,4
AUDJPY,20010112,120200,65.91,66.05,65.91,66.01,4
1 1 AUDJPY,20010112,121700,66.01,66.05,66.00,66.04,4
AUDJPY,20010112,123200,66.05,66.12,66.05,66.12,4
1 3 AUDJPY,20010112,124700,66.12,66.15,66.10,66.13,4
1 3 AUDJPY,20010112,130200,66.13,66.15,66.07,66.13,4
AUDJPY,20010112,131700,66.13,66.15,65.98,66.01,4
AUDJPY,20010112,133200,66.00,66.05,65.93,66.01,4
AUDJPY,20010112,134700,66.00,66.03,65.80,65.80,4
AUDJPY,20010112,140200,65.79,65.84,65.73,65.79,4
AUDJPY,20010112,141700,65.80,65.81,65.67,65.71,4
AUDJPY,20010112,143200,65.70,65.70,65.37,65.47,4
2 2 AUDJPY,20010112,144700,65.48,65.59,65.48,65.56,4
3 8 AUDJPY,20010112,150200,65.56,65.60,65.56,65.56,4
AUDJPY,20010112,151700,65.57,65.71,65.57,65.70,4
3 6 AUDJPY,20010112,153200,65.69,65.75,65.68,65.75,4
1 3 AUDJPY,20010112,154700,65.75,65.77,65.73,65.75,4
3 7 AUDJPY,20010112,160200,65.75,65.75,65.64,65.64,4
1 1 AUDJPY,20010112,161700,65.64,65.70,65.49,65.70,4
1 2 AUDJPY,20010112,163200,65.70,65.71,65.51,65.52,4
2 2 AUDJPY,20010112,164700,65.59,65.60,65.47,65.48,4
2 5 AUDJPY,20010112,170200,65.48,65.48,65.41,65.46,4
3 6 AUDJPY,20010112,171700,65.46,65.56,65.43,65.56,4
3 12 AUDJPY,20010112,173200,65.67,65.67,65.61,65.64,4
1 3 AUDJPY,20010112,174700,65.64,65.83,65.64,65.75,4
2 4 AUDJPY,20010112,180200,65.75,65.78,65.74,65.77,4
3 8 AUDJPY,20010112,181700,65.75,65.77,65.75,65.77,4
1 1 AUDJPY,20010112,183200,65.78,65.88,65.78,65.79,4
3 4 AUDJPY,20010112,184700,65.79,65.86,65.78,65.86,4
3 7 AUDJPY,20010112,190200,65.86,65.86,65.80,65.85,4
AUDJPY,20010112,191700,65.86,65.90,65.85,65.90,4
2 6 AUDJPY,20010112,193200,65.90,65.90,65.84,65.84,4
2 5 AUDJPY,20010112,194700,65.84,65.88,65.84,65.84,4
3 11 AUDJPY,20010112,200200,65.86,65.89,65.86,65.89,4
3 10 AUDJPY,20010112,201700,65.89,65.89,65.85,65.85,4
3 13 AUDJPY,20010112,203200,65.85,65.90,65.85,65.90,4
3 15 AUDJPY,20010112,204700,65.90,65.90,65.90,65.90,4
3 15 AUDJPY,20010112,210200,65.90,65.90,65.90,65.90,4
3 15 AUDJPY,20010112,211700,65.90,65.90,65.90,65.90,4
1 3 AUDJPY,20010114,231200,65.90,65.96,65.89,65.89,4
AUDJPY,20010114,232700,65.89,65.91,65.87,65.88,4
3 4 AUDJPY,20010114,234200,65.88,65.91,65.84,65.91,4
AUDJPY,20010114,235700,65.92,66.03,65.92,66.03,4
AUDJPY,20010115,001200,66.03,66.03,65.97,66.01,4
AUDJPY,20010115,002700,66.01,66.04,65.96,65.97,4
AUDJPY,20010115,004200,65.97,66.04,65.91,66.00,4
AUDJPY,20010115,005700,66.00,66.00,65.81,65.83,4
AUDJPY,20010115,011200,65.82,65.82,65.66,65.67,4
AUDJPY,20010115,012700,65.66,65.66,65.47,65.53,4
AUDJPY,20010115,014200,65.54,65.58,65.46,65.46,4
AUDJPY,20010115,015700,65.45,65.57,65.44,65.55,4
AUDJPY,20010115,021200,65.54,65.54,65.33,65.38,4
AUDJPY,20010115,022700,65.38,65.49,65.38,65.49,4
AUDJPY,20010115,024200,65.49,65.91,65.49,65.90,4
AUDJPY,20010115,025700,65.89,65.89,65.75,65.76,4
AUDJPY,20010115,031200,65.76,65.78,65.71,65.75,4
AUDJPY,20010115,032700,65.75,65.78,65.75,65.78,4
AUDJPY,20010115,034200,65.78,65.87,65.78,65.87,4
AUDJPY,20010115,035700,65.87,65.91,65.84,65.89,4
AUDJPY,20010115,041200,65.90,65.94,65.87,65.92,4
AUDJPY,20010115,042700,65.92,65.92,65.83,65.88,4
AUDJPY,20010115,044200,65.87,65.89,65.80,65.80,4
AUDJPY,20010115,045700,65.80,65.82,65.76,65.76,4
AUDJPY,20010115,051200,65.77,65.80,65.71,65.78,4
AUDJPY,20010115,052700,65.78,65.84,65.75,65.84,4
AUDJPY,20010115,054200,65.84,65.87,65.82,65.85,4
AUDJPY,20010115,055700,65.85,65.87,65.82,65.85,4
AUDJPY,20010115,061200,65.85,65.87,65.81,65.87,4
AUDJPY,20010115,062700,65.87,65.90,65.85,65.90,4
AUDJPY,20010115,064200,65.90,65.96,65.89,65.90,4
AUDJPY,20010115,065700,65.91,65.92,65.78,65.82,4
AUDJPY,20010115,071200,65.81,65.81,65.62,65.62,4
AUDJPY,20010115,072700,65.62,65.62,65.52,65.56,4
1 1 AUDJPY,20010115,074200,65.55,65.64,65.55,65.61,4
AUDJPY,20010115,075700,65.61,65.68,65.61,65.66,4
1 1 AUDJPY,20010115,081200,65.62,65.76,65.61,65.76,4
AUDJPY,20010115,082700,65.77,65.86,65.73,65.85,4
AUDJPY,20010115,084200,65.85,65.86,65.77,65.85,4
2 5 AUDJPY,20010115,085700,65.85,65.90,65.83,65.83,4
2 3 AUDJPY,20010115,091200,65.84,65.86,65.82,65.82,4
1 1 AUDJPY,20010115,092700,65.81,65.82,65.71,65.73,4
1 2 AUDJPY,20010115,094200,65.73,65.77,65.72,65.74,4
AUDJPY,20010115,095700,65.74,65.76,65.72,65.73,4
AUDJPY,20010115,101200,65.72,65.76,65.64,65.66,4
AUDJPY,20010115,102700,65.66,65.69,65.65,65.67,4
1 1 AUDJPY,20010115,104200,65.67,65.72,65.67,65.69,4
AUDJPY,20010115,105700,65.70,65.78,65.66,65.78,4
1 1 AUDJPY,20010115,111200,65.80,65.93,65.80,65.82,4
1 1 AUDJPY,20010115,112700,65.82,65.85,65.80,65.80,4
2 2 AUDJPY,20010115,114200,65.81,65.83,65.78,65.80,4
AUDJPY,20010115,115700,65.80,65.80,65.66,65.67,4
2 3 AUDJPY,20010115,121200,65.73,65.75,65.70,65.72,4
AUDJPY,20010115,122700,65.72,65.73,65.69,65.70,4
3 3 AUDJPY,20010115,124200,65.69,65.76,65.69,65.75,4
1 1 AUDJPY,20010115,125700,65.75,65.75,65.63,65.64,4
AUDJPY,20010115,131200,65.63,65.67,65.60,65.67,4
AUDJPY,20010115,132700,65.66,65.66,65.55,65.58,4
AUDJPY,20010115,134200,65.58,65.63,65.55,65.62,4
AUDJPY,20010115,135700,65.61,65.61,65.57,65.57,4
1 1 AUDJPY,20010115,141200,65.57,65.61,65.53,65.61,4
AUDJPY,20010115,142700,65.61,65.62,65.57,65.59,4
AUDJPY,20010115,144200,65.59,65.60,65.53,65.54,4
AUDJPY,20010115,145700,65.55,65.57,65.44,65.44,4
1 1 AUDJPY,20010115,151200,65.45,65.55,65.45,65.54,4
AUDJPY,20010115,152700,65.54,65.64,65.51,65.64,4
2 2 AUDJPY,20010115,154200,65.65,65.69,65.65,65.69,4
1 1 AUDJPY,20010115,155700,65.69,65.77,65.68,65.77,4
AUDJPY,20010115,161200,65.77,65.78,65.70,65.73,4
2 2 AUDJPY,20010115,162700,65.73,65.85,65.71,65.84,4
AUDJPY,20010115,164200,65.83,65.84,65.80,65.80,4
AUDJPY,20010115,165700,65.80,65.82,65.77,65.81,4
1 1 AUDJPY,20010115,171200,65.81,65.81,65.74,65.76,4
AUDJPY,20010115,172700,65.76,65.76,65.66,65.66,4
1 2 AUDJPY,20010115,174200,65.66,65.66,65.64,65.65,4
1 1 AUDJPY,20010115,175700,65.64,65.65,65.61,65.61,4
3 10 AUDJPY,20010115,181200,65.61,65.62,65.60,65.60,4
3 14 AUDJPY,20010115,182700,65.60,65.63,65.60,65.63,4
3 10 AUDJPY,20010115,184200,65.61,65.61,65.57,65.57,4
3 8 AUDJPY,20010115,185700,65.57,65.61,65.57,65.60,4
3 8 AUDJPY,20010115,191200,65.59,65.68,65.59,65.63,4
3 15 AUDJPY,20010115,192700,65.63,65.63,65.63,65.63,4
3 13 AUDJPY,20010115,194200,65.63,65.65,65.63,65.65,4
3 14 AUDJPY,20010115,195700,65.65,65.65,65.63,65.63,4
3 15 AUDJPY,20010115,201200,65.63,65.63,65.63,65.63,4
3 14 AUDJPY,20010115,202700,65.63,65.63,65.56,65.56,4
3 10 AUDJPY,20010115,204200,65.58,65.59,65.54,65.58,4
2 6 AUDJPY,20010115,205700,65.58,65.64,65.58,65.64,4
AUDJPY,20010115,211200,65.67,65.67,65.60,65.63,4
2 5 AUDJPY,20010115,212700,65.61,65.73,65.60,65.73,4
AUDJPY,20010115,214200,65.73,65.78,65.63,65.63,4
AUDJPY,20010115,215700,65.63,65.74,65.63,65.72,4
AUDJPY,20010115,221200,65.71,65.85,65.71,65.81,4
AUDJPY,20010115,222700,65.81,65.87,65.80,65.86,4
AUDJPY,20010115,224200,65.86,66.04,65.86,66.03,4
AUDJPY,20010115,225700,66.03,66.03,66.00,66.01,4
1 1 AUDJPY,20010115,231200,66.02,66.09,66.01,66.07,4
AUDJPY,20010115,232700,66.07,66.20,66.07,66.11,4
AUDJPY,20010115,234200,66.11,66.12,66.09,66.12,4
AUDJPY,20010115,235700,66.12,66.13,66.10,66.12,4
AUDJPY,20010116,001200,66.12,66.13,66.06,66.11,4
AUDJPY,20010116,002700,66.08,66.08,66.01,66.04,4
AUDJPY,20010116,004200,66.04,66.07,65.88,65.88,4
AUDJPY,20010116,005700,65.87,65.94,65.85,65.94,4
AUDJPY,20010116,011200,65.94,65.97,65.87,65.88,4
AUDJPY,20010116,012700,65.78,65.78,65.70,65.76,4
AUDJPY,20010116,014200,65.74,65.77,65.69,65.69,4
AUDJPY,20010116,015700,65.70,65.89,65.70,65.89,4
AUDJPY,20010116,021200,65.88,65.98,65.88,65.94,4
AUDJPY,20010116,022700,65.94,65.94,65.81,65.87,4
AUDJPY,20010116,024200,65.89,65.89,65.83,65.87,4
AUDJPY,20010116,025700,65.91,66.04,65.89,66.03,4
AUDJPY,20010116,031200,66.00,66.07,65.99,66.04,4
AUDJPY,20010116,032700,66.04,66.15,66.04,66.15,4
AUDJPY,20010116,034200,66.15,66.15,66.05,66.05,4
AUDJPY,20010116,035700,66.06,66.06,66.03,66.05,4
AUDJPY,20010116,041200,66.05,66.05,65.93,65.93,4
AUDJPY,20010116,042700,65.89,65.89,65.83,65.83,4
AUDJPY,20010116,044200,65.85,65.89,65.76,65.80,4
AUDJPY,20010116,045700,65.81,65.82,65.80,65.82,4
AUDJPY,20010116,051200,65.81,65.87,65.80,65.84,4
AUDJPY,20010116,052700,65.83,65.84,65.80,65.82,4
AUDJPY,20010116,054200,65.82,65.87,65.81,65.87,4
AUDJPY,20010116,055700,65.87,65.91,65.86,65.86,4
AUDJPY,20010116,061200,65.84,65.85,65.79,65.79,4
AUDJPY,20010116,062700,65.80,65.80,65.68,65.76,4
AUDJPY,20010116,064200,65.74,65.74,65.52,65.63,4
AUDJPY,20010116,065700,65.63,65.68,65.55,65.61,4
AUDJPY,20010116,071200,65.61,65.69,65.61,65.63,4
1 1 AUDJPY,20010116,072700,65.63,65.64,65.52,65.57,4
AUDJPY,20010116,074200,65.57,65.75,65.57,65.73,4
AUDJPY,20010116,075700,65.72,65.88,65.72,65.78,4
AUDJPY,20010116,081200,65.78,65.80,65.69,65.69,4
AUDJPY,20010116,082700,65.70,65.84,65.68,65.80,4
AUDJPY,20010116,084200,65.81,65.86,65.79,65.80,4
AUDJPY,20010116,085700,65.79,65.87,65.78,65.84,4
AUDJPY,20010116,091200,65.86,65.86,65.77,65.83,4
AUDJPY,20010116,092700,65.82,65.82,65.71,65.71,4
AUDJPY,20010116,094200,65.73,65.78,65.69,65.69,4
AUDJPY,20010116,095700,65.70,65.73,65.69,65.72,4
AUDJPY,20010116,101200,65.70,65.73,65.60,65.60,4
AUDJPY,20010116,102700,65.62,65.65,65.50,65.50,4
AUDJPY,20010116,104200,65.49,65.61,65.47,65.54,4
AUDJPY,20010116,105700,65.57,65.63,65.56,65.60,4
AUDJPY,20010116,111200,65.59,65.59,65.52,65.59,4
AUDJPY,20010116,112700,65.59,65.64,65.52,65.52,4
AUDJPY,20010116,114200,65.51,65.54,65.51,65.51,4
AUDJPY,20010116,115700,65.52,65.65,65.52,65.65,4
AUDJPY,20010116,121200,65.66,65.68,65.60,65.64,4
3 9 AUDJPY,20010116,122700,65.64,65.72,65.63,65.72,4
AUDJPY,20010116,124200,65.72,65.74,65.70,65.73,4
AUDJPY,20010116,125700,65.74,65.85,65.72,65.85,4
AUDJPY,20010116,131200,65.85,65.85,65.67,65.68,4
AUDJPY,20010116,132700,65.68,65.72,65.66,65.66,4
AUDJPY,20010116,134200,65.59,65.61,65.43,65.51,4
AUDJPY,20010116,135700,65.48,65.49,65.33,65.38,4
AUDJPY,20010116,141200,65.39,65.43,65.36,65.36,4
AUDJPY,20010116,142700,65.34,65.36,65.32,65.34,4
AUDJPY,20010116,144200,65.33,65.36,65.30,65.31,4
AUDJPY,20010116,145700,65.31,65.31,65.22,65.22,4
AUDJPY,20010116,151200,65.21,65.32,65.19,65.29,4
AUDJPY,20010116,152700,65.30,65.42,65.28,65.40,4
AUDJPY,20010116,154200,65.40,65.54,65.40,65.54,4
AUDJPY,20010116,155700,65.55,65.55,65.50,65.50,4
AUDJPY,20010116,161200,65.49,65.49,65.36,65.42,4
AUDJPY,20010116,162700,65.43,65.43,65.37,65.38,4
AUDJPY,20010116,164200,65.39,65.39,65.10,65.14,4
AUDJPY,20010116,165700,65.16,65.18,65.03,65.03,4
AUDJPY,20010116,171200,65.06,65.11,65.00,65.06,4
AUDJPY,20010116,172700,65.08,65.14,65.08,65.11,4
AUDJPY,20010116,174200,65.11,65.12,65.09,65.11,4
1 1 AUDJPY,20010116,175700,65.11,65.21,65.11,65.21,4
1 1 AUDJPY,20010116,181200,65.21,65.24,65.19,65.21,4
1 1 AUDJPY,20010116,182700,65.21,65.21,65.15,65.15,4
2 2 AUDJPY,20010116,184200,65.17,65.18,65.14,65.16,4
3 7 AUDJPY,20010116,185700,65.17,65.19,65.14,65.19,4
AUDJPY,20010116,191200,65.20,65.20,65.18,65.19,4
2 5 AUDJPY,20010116,192700,65.19,65.19,65.14,65.14,4
2 3 AUDJPY,20010116,194200,65.14,65.18,65.13,65.18,4
1 2 AUDJPY,20010116,195700,65.19,65.21,65.19,65.19,4
1 1 AUDJPY,20010116,201200,65.20,65.23,65.18,65.21,4
AUDJPY,20010116,202700,65.22,65.28,65.22,65.27,4
1 1 AUDJPY,20010116,204200,65.27,65.30,65.27,65.30,4
1 1 AUDJPY,20010116,205700,65.30,65.30,65.23,65.23,4
AUDJPY,20010116,211200,65.23,65.28,65.23,65.28,4
AUDJPY,20010116,212700,65.28,65.32,65.28,65.32,4
AUDJPY,20010116,214200,65.32,65.36,65.32,65.33,4
AUDJPY,20010116,215700,65.33,65.36,65.32,65.33,4
AUDJPY,20010116,221200,65.33,65.35,65.31,65.35,4
AUDJPY,20010116,222700,65.34,65.37,65.34,65.37,4
AUDJPY,20010116,224200,65.37,65.44,65.36,65.44,4
AUDJPY,20010116,225700,65.44,65.46,65.37,65.37,4
AUDJPY,20010116,231200,65.38,65.41,65.34,65.41,4
AUDJPY,20010116,232700,65.40,65.44,65.38,65.39,4
AUDJPY,20010116,234200,65.38,65.38,65.35,65.36,4
AUDJPY,20010116,235700,65.36,65.36,65.29,65.32,4
AUDJPY,20010117,001200,65.34,65.36,65.14,65.19,4
AUDJPY,20010117,002700,65.19,65.28,65.19,65.27,4
AUDJPY,20010117,004200,65.28,65.28,65.23,65.28,4
AUDJPY,20010117,005700,65.28,65.28,65.16,65.19,4
AUDJPY,20010117,011200,65.19,65.27,65.19,65.25,4
AUDJPY,20010117,012700,65.22,65.22,65.11,65.11,4
AUDJPY,20010117,014200,65.08,65.08,64.93,64.93,4
AUDJPY,20010117,015700,64.90,64.91,64.83,64.84,4
AUDJPY,20010117,021200,64.84,64.88,64.84,64.88,4
AUDJPY,20010117,022700,64.87,64.93,64.87,64.93,4
AUDJPY,20010117,024200,64.94,64.99,64.93,64.94,4
AUDJPY,20010117,025700,64.94,64.96,64.93,64.96,4
AUDJPY,20010117,031200,64.99,64.99,64.90,64.95,4
AUDJPY,20010117,032700,64.95,64.95,64.84,64.89,4
AUDJPY,20010117,034200,64.89,64.92,64.84,64.86,4
AUDJPY,20010117,035700,64.87,64.94,64.87,64.94,4
AUDJPY,20010117,041200,64.94,64.99,64.93,64.93,4
AUDJPY,20010117,042700,64.94,64.96,64.93,64.93,4
1 2 AUDJPY,20010117,044200,64.92,64.95,64.88,64.95,4
2 6 AUDJPY,20010117,045700,64.95,65.03,64.95,65.00,4
AUDJPY,20010117,051200,64.98,64.98,64.96,64.96,4
AUDJPY,20010117,052700,64.93,64.98,64.87,64.98,4
AUDJPY,20010117,054200,64.97,65.06,64.97,65.03,4
AUDJPY,20010117,055700,65.03,65.15,65.03,65.15,4
AUDJPY,20010117,061200,65.13,65.13,65.07,65.09,4
AUDJPY,20010117,062700,65.09,65.09,65.06,65.08,4
AUDJPY,20010117,064200,65.08,65.21,65.08,65.21,4
AUDJPY,20010117,065700,65.22,65.22,65.07,65.07,4
AUDJPY,20010117,071200,65.06,65.10,65.03,65.03,4
AUDJPY,20010117,072700,65.02,65.02,64.98,65.01,4
AUDJPY,20010117,074200,65.01,65.08,65.01,65.07,4
AUDJPY,20010117,075700,65.07,65.18,65.05,65.08,4
AUDJPY,20010117,081200,65.08,65.19,65.06,65.19,4
AUDJPY,20010117,082700,65.22,65.22,65.13,65.14,4
1 1 AUDJPY,20010117,084200,65.16,65.17,65.08,65.08,4
AUDJPY,20010117,085700,65.08,65.21,65.08,65.21,4
AUDJPY,20010117,091200,65.20,65.21,65.15,65.16,4
AUDJPY,20010117,092700,65.11,65.11,65.04,65.04,4
AUDJPY,20010117,094200,65.04,65.04,64.92,64.94,4
AUDJPY,20010117,095700,64.96,65.01,64.96,65.00,4
AUDJPY,20010117,101200,64.99,65.02,64.96,65.01,4
AUDJPY,20010117,102700,65.04,65.10,65.01,65.03,4
AUDJPY,20010117,104200,65.05,65.06,65.01,65.06,4
AUDJPY,20010117,105700,65.06,65.12,65.05,65.05,4
AUDJPY,20010117,111200,65.04,65.16,65.00,65.15,4
AUDJPY,20010117,112700,65.15,65.31,65.15,65.29,4
AUDJPY,20010117,114200,65.28,65.43,65.27,65.42,4
AUDJPY,20010117,115700,65.45,65.50,65.41,65.45,4
AUDJPY,20010117,121200,65.46,65.48,65.42,65.43,4
AUDJPY,20010117,122700,65.45,65.58,65.44,65.48,4
AUDJPY,20010117,124200,65.49,65.50,65.44,65.49,4
AUDJPY,20010117,125700,65.48,65.49,65.45,65.45,4
AUDJPY,20010117,131200,65.45,65.53,65.44,65.50,4
AUDJPY,20010117,132700,65.47,65.52,65.45,65.48,4
AUDJPY,20010117,134200,65.49,65.55,65.43,65.43,4
AUDJPY,20010117,135700,65.43,65.47,65.43,65.44,4
AUDJPY,20010117,141200,65.44,65.49,65.40,65.40,4
AUDJPY,20010117,142700,65.37,65.46,65.36,65.45,4
AUDJPY,20010117,144200,65.45,65.52,65.45,65.47,4
AUDJPY,20010117,145700,65.45,65.45,65.23,65.23,4
AUDJPY,20010117,151200,65.24,65.34,65.23,65.33,4
AUDJPY,20010117,152700,65.33,65.34,65.16,65.28,4
AUDJPY,20010117,154200,65.26,65.26,64.83,64.88,4
AUDJPY,20010117,155700,64.97,64.97,64.72,64.81,4
AUDJPY,20010117,161200,64.85,64.87,64.79,64.87,4
AUDJPY,20010117,162700,64.87,64.90,64.77,64.77,4
AUDJPY,20010117,164200,64.76,64.96,64.71,64.95,4
AUDJPY,20010117,165700,64.94,65.14,64.94,65.14,4
AUDJPY,20010117,171200,65.08,65.37,65.08,65.35,4
AUDJPY,20010117,172700,65.37,65.51,65.36,65.38,4
AUDJPY,20010117,174200,65.40,65.40,65.35,65.38,4
AUDJPY,20010117,175700,65.39,65.39,65.35,65.35,4
AUDJPY,20010117,181200,65.41,65.48,65.38,65.47,4
AUDJPY,20010117,182700,65.46,65.47,65.39,65.39,4
1 1 AUDJPY,20010117,184200,65.37,65.42,65.37,65.38,4
AUDJPY,20010117,185700,65.34,65.41,65.33,65.41,4
AUDJPY,20010117,191200,65.41,65.45,65.41,65.44,4
AUDJPY,20010117,192700,65.45,65.51,65.40,65.51,4
AUDJPY,20010117,194200,65.51,65.58,65.50,65.58,4
AUDJPY,20010117,195700,65.59,65.74,65.59,65.73,4
AUDJPY,20010117,201200,65.75,65.75,65.73,65.75,4
1 1 AUDJPY,20010117,202700,65.75,65.79,65.74,65.75,4
AUDJPY,20010117,204200,65.75,65.79,65.75,65.76,4
AUDJPY,20010117,205700,65.77,65.77,65.73,65.73,4
AUDJPY,20010117,211200,65.72,65.75,65.70,65.75,4
AUDJPY,20010117,212700,65.75,65.83,65.74,65.81,4
AUDJPY,20010117,214200,65.81,65.87,65.81,65.86,4
AUDJPY,20010117,215700,65.88,65.88,65.77,65.77,4
AUDJPY,20010117,221200,65.75,65.76,65.67,65.67,4
AUDJPY,20010117,222700,65.69,65.74,65.68,65.72,4
1 1 AUDJPY,20010117,224200,65.74,65.79,65.74,65.78,4
AUDJPY,20010117,225700,65.78,65.79,65.73,65.73,4
AUDJPY,20010117,231200,65.73,65.81,65.73,65.78,4
1 1 AUDJPY,20010117,232700,65.78,65.81,65.76,65.81,4
AUDJPY,20010117,234200,65.83,65.86,65.83,65.84,4
AUDJPY,20010117,235700,65.85,65.96,65.85,65.96,4
AUDJPY,20010118,001200,65.96,66.10,65.90,66.08,4
AUDJPY,20010118,002700,66.07,66.20,66.06,66.20,4
AUDJPY,20010118,004200,66.19,66.24,66.14,66.18,4
AUDJPY,20010118,005700,66.20,66.31,66.20,66.28,4
AUDJPY,20010118,011200,66.26,66.26,66.07,66.08,4
AUDJPY,20010118,012700,66.08,66.08,66.00,66.00,4
AUDJPY,20010118,014200,66.01,66.03,65.99,66.03,4
AUDJPY,20010118,015700,66.02,66.04,66.00,66.01,4
AUDJPY,20010118,021200,65.99,65.99,65.93,65.93,4
AUDJPY,20010118,022700,65.94,65.98,65.92,65.98,4
AUDJPY,20010118,024200,65.99,66.00,65.92,65.93,4
AUDJPY,20010118,025700,65.91,65.94,65.86,65.86,4
AUDJPY,20010118,031200,65.84,65.84,65.76,65.76,4
AUDJPY,20010118,032700,65.73,65.83,65.70,65.83,4
AUDJPY,20010118,034200,65.86,65.88,65.76,65.77,4
AUDJPY,20010118,035700,65.76,65.80,65.76,65.76,4
AUDJPY,20010118,041200,65.75,65.87,65.75,65.87,4
AUDJPY,20010118,042700,65.90,65.94,65.89,65.93,4
AUDJPY,20010118,044200,65.92,66.03,65.92,66.03,4
AUDJPY,20010118,045700,66.02,66.08,66.01,66.03,4
AUDJPY,20010118,051200,66.03,66.20,66.03,66.14,4
AUDJPY,20010118,052700,66.13,66.16,66.12,66.14,4
AUDJPY,20010118,054200,66.15,66.22,66.11,66.22,4
AUDJPY,20010118,055700,66.20,66.22,66.15,66.20,4
AUDJPY,20010118,061200,66.20,66.21,66.16,66.19,4
AUDJPY,20010118,062700,66.19,66.24,66.19,66.23,4
AUDJPY,20010118,064200,66.21,66.21,66.11,66.16,4
AUDJPY,20010118,065700,66.17,66.21,66.14,66.20,4
AUDJPY,20010118,071200,66.18,66.20,66.12,66.12,4
1 2 AUDJPY,20010118,072700,66.10,66.20,66.10,66.19,4
AUDJPY,20010118,074200,66.19,66.21,66.16,66.16,4
AUDJPY,20010118,075700,66.15,66.21,66.11,66.21,4
AUDJPY,20010118,081200,66.20,66.26,66.20,66.23,4
AUDJPY,20010118,082700,66.22,66.24,66.16,66.17,4
AUDJPY,20010118,084200,66.16,66.21,66.09,66.17,4
AUDJPY,20010118,085700,66.16,66.16,66.10,66.15,4
AUDJPY,20010118,091200,66.13,66.19,66.01,66.03,4
AUDJPY,20010118,092700,66.04,66.06,65.95,65.97,4
AUDJPY,20010118,094200,66.01,66.01,65.89,65.99,4
AUDJPY,20010118,095700,66.01,66.02,65.94,65.95,4
AUDJPY,20010118,101200,65.95,66.00,65.93,65.94,4
AUDJPY,20010118,102700,65.95,66.12,65.95,66.09,4
AUDJPY,20010118,104200,66.09,66.11,66.06,66.08,4
AUDJPY,20010118,105700,66.09,66.11,66.07,66.08,4
AUDJPY,20010118,111200,66.09,66.10,66.00,66.01,4
AUDJPY,20010118,112700,66.01,66.06,66.01,66.03,4
AUDJPY,20010118,114200,66.03,66.04,65.98,66.00,4
AUDJPY,20010118,115700,66.00,66.04,65.98,66.00,4
AUDJPY,20010118,121200,65.99,66.03,65.91,65.91,4
AUDJPY,20010118,122700,65.89,65.89,65.78,65.84,4
AUDJPY,20010118,124200,65.85,65.88,65.85,65.85,4
AUDJPY,20010118,125700,65.87,65.88,65.80,65.80,4
AUDJPY,20010118,131200,65.80,65.82,65.70,65.71,4
AUDJPY,20010118,132700,65.69,65.84,65.69,65.84,4
AUDJPY,20010118,134200,65.85,65.85,65.64,65.67,4
AUDJPY,20010118,135700,65.64,65.66,65.59,65.65,4
AUDJPY,20010118,141200,65.67,65.67,65.58,65.59,4
AUDJPY,20010118,142700,65.60,65.64,65.55,65.55,4
AUDJPY,20010118,144200,65.55,65.57,65.49,65.52,4
AUDJPY,20010118,145700,65.52,65.60,65.48,65.48,4
AUDJPY,20010118,151200,65.44,65.59,65.40,65.50,4
AUDJPY,20010118,152700,65.41,65.54,65.37,65.49,4
AUDJPY,20010118,154200,65.51,65.60,65.43,65.58,4
AUDJPY,20010118,155700,65.56,65.73,65.55,65.59,4
AUDJPY,20010118,161200,65.59,65.67,65.57,65.66,4
AUDJPY,20010118,162700,65.66,65.66,65.53,65.55,4
AUDJPY,20010118,164200,65.56,65.57,65.43,65.57,4
AUDJPY,20010118,165700,65.57,65.61,65.49,65.50,4
AUDJPY,20010118,171200,65.51,65.58,65.46,65.55,4
AUDJPY,20010118,172700,65.54,65.66,65.48,65.66,4
AUDJPY,20010118,174200,65.65,65.70,65.57,65.58,4
AUDJPY,20010118,175700,65.58,65.68,65.56,65.68,4
1 3 AUDJPY,20010118,181200,65.70,65.73,65.68,65.70,4
AUDJPY,20010118,182700,65.69,65.72,65.64,65.64,4
1 2 AUDJPY,20010118,184200,65.64,65.66,65.62,65.63,4
AUDJPY,20010118,185700,65.66,65.67,65.56,65.59,4
AUDJPY,20010118,191200,65.60,65.74,65.60,65.74,4
AUDJPY,20010118,192700,65.74,65.77,65.71,65.73,4
AUDJPY,20010118,194200,65.72,65.88,65.72,65.87,4
AUDJPY,20010118,195700,65.87,65.98,65.86,65.97,4
AUDJPY,20010118,201200,65.98,65.99,65.95,65.95,4
AUDJPY,20010118,202700,65.93,65.94,65.90,65.93,4
AUDJPY,20010118,204200,65.93,65.99,65.93,65.93,4
AUDJPY,20010118,205700,65.93,65.94,65.91,65.92,4
AUDJPY,20010118,211200,65.91,65.93,65.90,65.93,4
AUDJPY,20010118,212700,65.94,65.94,65.86,65.86,4
AUDJPY,20010118,214200,65.86,65.98,65.86,65.98,4
AUDJPY,20010118,215700,65.98,65.98,65.89,65.90,4
AUDJPY,20010118,221200,65.91,65.96,65.91,65.95,4
AUDJPY,20010118,222700,65.95,65.96,65.95,65.96,4
AUDJPY,20010118,224200,65.96,65.97,65.93,65.95,4
2 2 AUDJPY,20010118,225700,65.95,65.99,65.94,65.97,4
AUDJPY,20010118,231200,65.97,66.11,65.97,66.01,4
AUDJPY,20010118,232700,66.03,66.08,66.00,66.00,4
AUDJPY,20010118,234200,66.00,66.03,66.00,66.03,4
AUDJPY,20010118,235700,66.02,66.04,65.98,65.98,4
AUDJPY,20010119,001200,65.98,65.98,65.90,65.98,4
AUDJPY,20010119,002700,66.00,66.06,66.00,66.06,4
AUDJPY,20010119,004200,66.07,66.14,66.07,66.13,4
AUDJPY,20010119,005700,66.14,66.18,66.14,66.14,4
AUDJPY,20010119,011200,66.14,66.14,65.66,65.66,4
AUDJPY,20010119,012700,65.67,65.75,65.61,65.70,4
AUDJPY,20010119,014200,65.71,65.82,65.71,65.76,4
AUDJPY,20010119,015700,65.78,65.82,65.74,65.82,4
AUDJPY,20010119,021200,65.81,65.84,65.79,65.81,4
AUDJPY,20010119,022700,65.80,65.81,65.77,65.78,4
AUDJPY,20010119,024200,65.78,65.83,65.78,65.83,4
AUDJPY,20010119,025700,65.84,65.88,65.84,65.87,4
AUDJPY,20010119,031200,65.86,65.93,65.86,65.93,4
AUDJPY,20010119,032700,65.92,65.95,65.90,65.92,4
AUDJPY,20010119,034200,65.92,66.11,65.92,66.06,4
AUDJPY,20010119,035700,66.11,66.16,66.09,66.09,4
AUDJPY,20010119,041200,66.07,66.09,66.03,66.09,4
AUDJPY,20010119,042700,66.09,66.21,66.08,66.18,4
AUDJPY,20010119,044200,66.18,66.18,66.12,66.16,4
AUDJPY,20010119,045700,66.16,66.21,66.14,66.14,4
AUDJPY,20010119,051200,66.12,66.12,66.05,66.05,4
AUDJPY,20010119,052700,66.04,66.04,65.99,66.02,4
AUDJPY,20010119,054200,66.02,66.02,65.91,65.91,4
AUDJPY,20010119,055700,65.91,65.93,65.89,65.93,4
AUDJPY,20010119,061200,65.93,65.99,65.93,65.95,4
AUDJPY,20010119,062700,65.93,65.97,65.90,65.97,4
AUDJPY,20010119,064200,65.98,65.99,65.92,65.92,4
AUDJPY,20010119,065700,65.92,65.95,65.90,65.91,4
AUDJPY,20010119,071200,65.92,65.95,65.91,65.92,4
AUDJPY,20010119,072700,65.92,65.93,65.89,65.90,4
AUDJPY,20010119,074200,65.90,66.06,65.90,65.98,4
AUDJPY,20010119,075700,65.96,66.14,65.91,66.13,4
AUDJPY,20010119,081200,66.13,66.37,66.13,66.28,4
AUDJPY,20010119,082700,66.21,66.23,66.07,66.07,4
AUDJPY,20010119,084200,66.08,66.14,66.07,66.11,4
AUDJPY,20010119,085700,66.09,66.09,65.79,65.94,4
AUDJPY,20010119,091200,65.94,66.06,65.91,66.04,4
AUDJPY,20010119,092700,66.08,66.10,66.02,66.02,4
AUDJPY,20010119,094200,65.99,66.04,65.92,66.02,4
AUDJPY,20010119,095700,66.03,66.04,65.97,66.04,4
AUDJPY,20010119,101200,66.03,66.04,65.89,65.93,4
AUDJPY,20010119,102700,65.92,65.97,65.91,65.95,4
AUDJPY,20010119,104200,65.93,65.94,65.86,65.94,4
AUDJPY,20010119,105700,65.94,65.94,65.90,65.92,4
AUDJPY,20010119,111200,65.93,65.98,65.86,65.92,4
AUDJPY,20010119,112700,65.92,65.96,65.90,65.93,4
AUDJPY,20010119,114200,65.93,65.94,65.90,65.90,4
AUDJPY,20010119,115700,65.88,65.93,65.85,65.93,4
AUDJPY,20010119,121200,65.89,65.92,65.85,65.92,4
AUDJPY,20010119,122700,65.92,65.93,65.89,65.90,4
AUDJPY,20010119,124200,65.89,65.91,65.89,65.91,4
AUDJPY,20010119,125700,65.92,65.93,65.81,65.82,4
AUDJPY,20010119,131200,65.82,65.86,65.73,65.75,4
AUDJPY,20010119,132700,65.75,65.79,65.71,65.73,4
AUDJPY,20010119,134200,65.71,65.77,65.70,65.76,4
AUDJPY,20010119,135700,65.74,65.78,65.70,65.70,4
AUDJPY,20010119,141200,65.65,65.65,65.55,65.59,4
AUDJPY,20010119,142700,65.56,65.63,65.55,65.58,4
AUDJPY,20010119,144200,65.58,65.62,65.54,65.56,4
AUDJPY,20010119,145700,65.56,65.56,65.33,65.35,4
AUDJPY,20010119,151200,65.36,65.40,65.36,65.36,4
AUDJPY,20010119,152700,65.42,65.62,65.42,65.52,4
AUDJPY,20010119,154200,65.53,65.61,65.53,65.53,4
AUDJPY,20010119,155700,65.53,65.53,65.17,65.23,4
AUDJPY,20010119,161200,65.25,65.42,65.25,65.35,4
AUDJPY,20010119,162700,65.35,65.39,65.25,65.39,4
1 1 AUDJPY,20010119,164200,65.38,65.39,65.35,65.36,4
AUDJPY,20010119,165700,65.36,65.40,65.28,65.28,4
1 2 AUDJPY,20010119,171200,65.28,65.32,65.27,65.28,4
AUDJPY,20010119,172700,65.32,65.32,65.20,65.26,4
AUDJPY,20010119,174200,65.25,65.26,65.18,65.26,4
AUDJPY,20010119,175700,65.27,65.41,65.27,65.41,4
AUDJPY,20010119,181200,65.42,65.42,65.29,65.31,4
AUDJPY,20010119,182700,65.31,65.36,65.31,65.34,4
AUDJPY,20010119,184200,65.34,65.36,65.28,65.28,4
AUDJPY,20010119,185700,65.26,65.26,65.21,65.22,4
AUDJPY,20010119,191200,65.22,65.23,65.16,65.18,4
1 1 AUDJPY,20010119,192700,65.17,65.17,65.13,65.13,4
2 6 AUDJPY,20010119,194200,65.13,65.13,65.11,65.13,4
1 1 AUDJPY,20010119,195700,65.13,65.14,65.11,65.13,4
AUDJPY,20010119,201200,65.11,65.14,65.07,65.07,4
3 8 AUDJPY,20010119,202700,65.12,65.19,65.12,65.19,4
3 9 AUDJPY,20010119,204200,65.19,65.21,65.17,65.17,4
AUDJPY,20010119,205700,65.17,65.20,65.17,65.18,4
3 12 AUDJPY,20010119,211200,65.18,65.18,65.00,65.00,4
3 15 AUDJPY,20010119,212700,65.00,65.00,65.00,65.00,4
3 15 AUDJPY,20010119,214200,65.00,65.00,65.00,65.00,4
3 15 AUDJPY,20010119,215700,65.00,65.00,65.00,65.00,4
3 7 AUDJPY,20010121,231100,65.00,65.01,64.98,64.98,4
AUDJPY,20010121,232600,64.98,65.00,64.91,64.91,4
AUDJPY,20010121,234100,64.91,64.91,64.64,64.68,4
AUDJPY,20010121,235600,64.69,64.72,64.60,64.67,4
AUDJPY,20010122,001100,64.67,64.68,64.50,64.50,4
AUDJPY,20010122,002600,64.50,64.50,64.36,64.40,4
AUDJPY,20010122,004100,64.39,64.51,64.39,64.50,4
AUDJPY,20010122,005600,64.50,64.60,64.50,64.55,4
AUDJPY,20010122,011100,64.56,64.61,64.55,64.58,4
AUDJPY,20010122,012600,64.58,64.69,64.58,64.67,4
AUDJPY,20010122,014100,64.68,64.77,64.68,64.76,4
AUDJPY,20010122,015600,64.76,64.79,64.73,64.79,4
1 2 AUDJPY,20010122,021100,64.79,64.86,64.79,64.85,4
AUDJPY,20010122,022600,64.85,64.91,64.85,64.91,4
AUDJPY,20010122,024100,64.91,65.07,64.89,65.04,4
AUDJPY,20010122,025600,65.04,65.04,64.96,65.03,4
AUDJPY,20010122,031100,65.03,65.07,65.02,65.02,4
AUDJPY,20010122,032600,65.02,65.03,64.98,65.00,4
1 4 AUDJPY,20010122,034100,65.00,65.03,64.96,65.03,4
1 1 AUDJPY,20010122,035600,65.03,65.03,64.99,64.99,4
AUDJPY,20010122,041100,64.99,65.02,64.98,64.98,4
AUDJPY,20010122,042600,64.98,65.00,64.97,65.00,4
AUDJPY,20010122,044100,65.00,65.00,64.93,64.94,4
AUDJPY,20010122,045600,64.94,64.96,64.91,64.95,4
AUDJPY,20010122,051100,64.96,65.08,64.96,65.04,4
1 1 AUDJPY,20010122,052600,65.04,65.04,64.96,64.97,4
AUDJPY,20010122,054100,64.98,64.99,64.95,64.95,4
AUDJPY,20010122,055600,64.95,64.97,64.89,64.89,4
AUDJPY,20010122,061100,64.89,65.00,64.87,64.99,4
AUDJPY,20010122,062600,64.99,65.01,64.96,64.96,4
AUDJPY,20010122,064100,64.96,65.03,64.95,65.03,4
AUDJPY,20010122,065600,65.04,65.12,65.01,65.11,4
1 1 AUDJPY,20010122,071100,65.10,65.10,65.05,65.06,4
2 4 AUDJPY,20010122,072600,65.06,65.12,65.04,65.05,4
AUDJPY,20010122,074100,65.06,65.13,65.01,65.13,4
AUDJPY,20010122,075600,65.12,65.16,65.03,65.06,4
AUDJPY,20010122,081100,65.05,65.08,64.97,64.98,4
AUDJPY,20010122,082600,64.98,65.02,64.94,64.95,4
AUDJPY,20010122,084100,64.96,64.96,64.72,64.77,4
AUDJPY,20010122,085600,64.76,64.81,64.70,64.79,4
AUDJPY,20010122,091100,64.80,64.80,64.55,64.55,4
AUDJPY,20010122,092600,64.56,64.63,64.46,64.63,4
AUDJPY,20010122,094100,64.63,64.65,64.56,64.58,4
AUDJPY,20010122,095600,64.58,64.58,64.47,64.51,4
AUDJPY,20010122,101100,64.50,64.54,64.44,64.47,4
AUDJPY,20010122,102600,64.47,64.51,64.43,64.46,4
AUDJPY,20010122,104100,64.45,64.57,64.45,64.57,4
AUDJPY,20010122,105600,64.57,64.58,64.46,64.46,4
AUDJPY,20010122,111100,64.46,64.46,64.24,64.37,4
1 1 AUDJPY,20010122,112600,64.37,64.44,64.37,64.39,4
1 2 AUDJPY,20010122,114100,64.40,64.41,64.35,64.35,4
AUDJPY,20010122,115600,64.36,64.38,64.32,64.38,4
AUDJPY,20010122,121100,64.38,64.39,64.35,64.39,4
1 1 AUDJPY,20010122,122600,64.38,64.39,64.35,64.35,4
AUDJPY,20010122,124100,64.35,64.46,64.35,64.45,4
AUDJPY,20010122,125600,64.46,64.46,64.39,64.41,4
AUDJPY,20010122,131100,64.40,64.41,64.30,64.38,4
AUDJPY,20010122,132600,64.37,64.42,64.35,64.36,4
1 2 AUDJPY,20010122,134100,64.36,64.43,64.34,64.35,4
AUDJPY,20010122,135600,64.36,64.44,64.36,64.41,4
AUDJPY,20010122,141100,64.41,64.50,64.40,64.41,4
AUDJPY,20010122,142600,64.41,64.47,64.41,64.44,4
AUDJPY,20010122,144100,64.44,64.44,64.39,64.41,4
AUDJPY,20010122,145600,64.42,64.44,64.41,64.44,4
AUDJPY,20010122,151100,64.44,64.53,64.39,64.53,4
AUDJPY,20010122,152600,64.52,64.66,64.50,64.66,4
AUDJPY,20010122,154100,64.67,64.75,64.67,64.69,4
AUDJPY,20010122,155600,64.68,64.71,64.67,64.67,4
AUDJPY,20010122,161100,64.68,64.71,64.64,64.70,4
AUDJPY,20010122,162600,64.69,64.74,64.68,64.71,4
AUDJPY,20010122,164100,64.69,64.72,64.58,64.60,4
1 2 AUDJPY,20010122,165600,64.61,64.64,64.61,64.64,4
1 2 AUDJPY,20010122,171100,64.64,64.71,64.63,64.68,4
AUDJPY,20010122,172600,64.67,64.69,64.58,64.61,4
AUDJPY,20010122,174100,64.61,64.64,64.57,64.60,4
1 2 AUDJPY,20010122,175600,64.62,64.65,64.60,64.65,4
AUDJPY,20010122,181100,64.66,64.70,64.65,64.69,4
AUDJPY,20010122,182600,64.68,64.70,64.66,64.67,4
1 2 AUDJPY,20010122,184100,64.68,64.75,64.67,64.75,4
AUDJPY,20010122,185600,64.75,64.91,64.75,64.84,4
1 1 AUDJPY,20010122,191100,64.84,64.85,64.80,64.80,4
AUDJPY,20010122,192600,64.80,64.88,64.80,64.80,4
1 1 AUDJPY,20010122,194100,64.80,64.81,64.79,64.80,4
2 2 AUDJPY,20010122,195600,64.80,64.80,64.77,64.77,4
3 7 AUDJPY,20010122,201100,64.77,64.78,64.74,64.75,4
1 4 AUDJPY,20010122,202600,64.75,64.75,64.70,64.70,4
1 4 AUDJPY,20010122,204100,64.70,64.70,64.64,64.64,4
2 4 AUDJPY,20010122,205600,64.64,64.70,64.64,64.70,4
3 11 AUDJPY,20010122,211100,64.70,64.70,64.66,64.66,4
2 3 AUDJPY,20010122,212600,64.66,64.74,64.66,64.71,4
AUDJPY,20010122,214100,64.71,64.72,64.69,64.69,4
2 8 AUDJPY,20010122,215600,64.68,64.71,64.67,64.71,4
1 4 AUDJPY,20010122,221100,64.71,64.77,64.71,64.75,4
AUDJPY,20010122,222600,64.74,64.74,64.68,64.68,4
1 1 AUDJPY,20010122,224100,64.68,64.69,64.63,64.64,4
AUDJPY,20010122,225600,64.64,64.67,64.63,64.67,4
AUDJPY,20010122,231100,64.68,64.72,64.68,64.72,4
AUDJPY,20010122,232600,64.72,64.84,64.72,64.76,4
1 2 AUDJPY,20010122,234100,64.76,64.85,64.76,64.85,4
AUDJPY,20010122,235600,64.85,64.85,64.77,64.79,4
AUDJPY,20010123,001100,64.79,64.83,64.76,64.83,4
AUDJPY,20010123,002600,64.84,64.88,64.82,64.87,4
AUDJPY,20010123,004100,64.87,64.90,64.83,64.89,4
1 1 AUDJPY,20010123,005600,64.89,64.92,64.81,64.81,4
AUDJPY,20010123,011100,64.81,64.85,64.80,64.85,4
AUDJPY,20010123,012600,64.86,64.98,64.86,64.92,4
AUDJPY,20010123,014100,64.92,65.01,64.92,65.01,4
AUDJPY,20010123,015600,65.01,65.10,64.99,65.02,4
AUDJPY,20010123,021100,65.02,65.12,65.01,65.12,4
AUDJPY,20010123,022600,65.12,65.13,65.10,65.13,4
AUDJPY,20010123,024100,65.13,65.18,65.12,65.14,4
AUDJPY,20010123,025600,65.14,65.17,65.14,65.15,4
AUDJPY,20010123,031100,65.15,65.18,65.13,65.18,4
AUDJPY,20010123,032600,65.18,65.18,65.12,65.14,4
AUDJPY,20010123,034100,65.14,65.15,65.11,65.12,4
AUDJPY,20010123,035600,65.12,65.12,65.01,65.02,4
AUDJPY,20010123,041100,65.01,65.10,64.96,65.10,4
AUDJPY,20010123,042600,65.11,65.36,65.11,65.32,4
AUDJPY,20010123,044100,65.33,65.38,65.23,65.25,4
AUDJPY,20010123,045600,65.25,65.27,65.08,65.08,4
AUDJPY,20010123,051100,65.08,65.22,65.08,65.22,4
AUDJPY,20010123,052600,65.22,65.23,65.16,65.23,4
AUDJPY,20010123,054100,65.24,65.29,65.19,65.19,4
AUDJPY,20010123,055600,65.20,65.21,65.13,65.16,4
AUDJPY,20010123,061100,65.16,65.16,65.06,65.06,4
AUDJPY,20010123,062600,65.05,65.09,64.95,64.95,4
AUDJPY,20010123,064100,64.95,65.04,64.92,65.03,4
AUDJPY,20010123,065600,64.97,64.97,64.86,64.90,4
AUDJPY,20010123,071100,64.90,65.01,64.86,64.99,4
AUDJPY,20010123,072600,65.00,65.02,64.93,64.95,4
AUDJPY,20010123,074100,64.93,65.04,64.92,64.97,4
1 1 AUDJPY,20010123,075600,64.96,65.09,64.91,65.09,4
AUDJPY,20010123,081100,65.09,65.10,64.97,65.01,4
1 2 AUDJPY,20010123,082600,65.01,65.07,65.01,65.02,4
AUDJPY,20010123,084100,65.07,65.07,65.00,65.02,4
AUDJPY,20010123,085600,65.02,65.05,64.95,65.02,4
AUDJPY,20010123,091100,65.01,65.03,64.93,64.99,4
AUDJPY,20010123,092600,64.99,65.01,64.88,64.97,4
AUDJPY,20010123,094100,64.96,64.96,64.86,64.94,4
1 1 AUDJPY,20010123,095600,64.96,65.01,64.91,65.00,4
AUDJPY,20010123,101100,64.99,65.03,64.98,65.00,4
AUDJPY,20010123,102600,65.00,65.01,64.96,65.01,4
AUDJPY,20010123,104100,65.01,65.03,64.99,65.02,4
AUDJPY,20010123,105600,65.02,65.07,65.01,65.07,4
AUDJPY,20010123,111100,65.07,65.17,65.06,65.14,4
AUDJPY,20010123,112600,65.14,65.20,65.14,65.19,4
AUDJPY,20010123,114100,65.17,65.24,65.14,65.20,4
AUDJPY,20010123,115600,65.20,65.24,65.19,65.23,4
AUDJPY,20010123,121100,65.23,65.26,65.10,65.14,4
AUDJPY,20010123,122600,65.15,65.21,65.08,65.08,4
AUDJPY,20010123,124100,65.09,65.15,65.07,65.10,4
AUDJPY,20010123,125600,65.11,65.11,65.00,65.03,4
AUDJPY,20010123,131100,65.04,65.07,65.02,65.03,4
AUDJPY,20010123,132600,65.04,65.05,64.91,64.92,4
1 3 AUDJPY,20010123,134100,64.91,64.91,64.80,64.87,4
3 11 AUDJPY,20010123,135600,64.87,64.87,64.78,64.81,4
AUDJPY,20010123,141100,64.81,64.84,64.79,64.80,4
AUDJPY,20010123,142600,64.82,64.82,64.73,64.78,4
2 4 AUDJPY,20010123,144100,64.78,64.82,64.78,64.80,4
2 9 AUDJPY,20010123,145600,64.81,64.83,64.79,64.83,4
1 1 AUDJPY,20010123,151100,64.83,64.87,64.78,64.87,4
3 4 AUDJPY,20010123,152600,64.87,64.87,64.83,64.85,4
2 3 AUDJPY,20010123,154100,64.85,64.85,64.79,64.83,4
2 3 AUDJPY,20010123,155600,64.83,64.84,64.72,64.72,4
2 4 AUDJPY,20010123,161100,64.74,64.77,64.72,64.73,4
2 5 AUDJPY,20010123,162600,64.73,64.75,64.69,64.74,4
2 8 AUDJPY,20010123,164100,64.74,64.75,64.65,64.67,4
1 4 AUDJPY,20010123,165600,64.68,64.68,64.63,64.65,4
2 4 AUDJPY,20010123,171100,64.65,64.66,64.59,64.60,4
2 5 AUDJPY,20010123,172600,64.61,64.65,64.61,64.64,4
3 8 AUDJPY,20010123,174100,64.64,64.67,64.64,64.65,4
3 9 AUDJPY,20010123,175600,64.65,64.65,64.64,64.65,4
2 7 AUDJPY,20010123,181100,64.65,64.66,64.63,64.64,4
3 6 AUDJPY,20010123,182600,64.64,64.68,64.64,64.67,4
3 6 AUDJPY,20010123,184100,64.68,64.69,64.67,64.68,4
2 3 AUDJPY,20010123,185600,64.69,64.77,64.69,64.77,4
3 8 AUDJPY,20010123,191100,64.77,64.77,64.73,64.74,4
2 3 AUDJPY,20010123,192600,64.74,64.75,64.69,64.69,4
1 1 AUDJPY,20010123,194100,64.69,64.69,64.65,64.65,4
3 4 AUDJPY,20010123,195600,64.65,64.65,64.64,64.64,4
AUDJPY,20010123,201100,64.64,64.67,64.64,64.64,4
2 7 AUDJPY,20010123,202600,64.65,64.67,64.65,64.67,4
2 5 AUDJPY,20010123,204100,64.67,64.68,64.66,64.68,4
3 6 AUDJPY,20010123,205600,64.68,64.68,64.64,64.64,4
AUDJPY,20010123,211100,64.64,64.66,64.63,64.66,4
1 1 AUDJPY,20010123,212600,64.65,64.66,64.62,64.63,4
AUDJPY,20010123,214100,64.63,64.64,64.52,64.53,4
AUDJPY,20010123,215600,64.52,64.52,64.37,64.37,4
AUDJPY,20010123,221100,64.37,64.39,64.35,64.36,4
AUDJPY,20010123,222600,64.35,64.38,64.33,64.35,4
1 1 AUDJPY,20010123,224100,64.35,64.35,64.24,64.29,4
AUDJPY,20010123,225600,64.30,64.33,64.28,64.33,4
1 1 AUDJPY,20010123,231100,64.33,64.37,64.32,64.36,4
AUDJPY,20010123,232600,64.35,64.39,64.35,64.36,4
AUDJPY,20010123,234100,64.36,64.37,64.32,64.34,4
AUDJPY,20010123,235600,64.34,64.41,64.34,64.37,4
