open 0.6328 1 7 3186 
open 0.6338 1 7 3230 
open 0.6397 2 12 8784 
open 0.6368 1 7 3259 
open 0.6332 1 7 3134 
open 0.6377 1 7 3193 
open 0.6339 1 7 3455 
open 0.6295 1 7 3182 
open 0.6358 1 7 3340 
open 0.6361 1 7 3260 
open 0.6308 2 14 9944 
open 0.6335 1 7 3147 
open 0.6229 1 7 3145 
open 0.6259 1 7 3180 
open 0.6202 2 14 7007 
open 0.6164 1 7 3070 
open 0.6239 1 7 3235 
open 0.6224 2 14 9582 
open 0.6167 2 14 6482 
open 0.6054 1 7 3408 
open 0.6013 1 7 3194 
open 0.6040 1 7 3193 
open 0.6211 1 7 3102 
open 0.6097 1 7 3153 
open 0.6094 1 7 3126 
open 0.6020 1 7 3462 
open 0.6058 2 14 11776 
open 0.6137 2 14 10045 
open 0.6141 1 7 3475 
open 0.6147 2 14 9704 
open 0.6185 1 7 3460 
open 0.6315 1 7 3266 
open 0.6311 2 14 10563 
open 0.6280 1 7 3469 
open 0.6151 1 7 3250 
open 0.6313 1 7 3239 
open 0.6275 2 14 9265 
open 0.6250 1 7 3202 
open 0.6258 1 7 3131 
open 0.6265 1 7 3170 
open 0.6244 1 7 3237 
open 0.6230 1 7 3189 
open 0.6135 1 7 3366 
open 0.6112 1 7 3390 
open 0.6218 1 7 5466 
open 0.6240 1 7 5938 
open 0.6255 2 14 11328 
open 0.6200 1 7 5874 
open 0.6195 1 7 6786 
open 0.6119 1 7 5667 
open 0.6205 1 7 6116 
open 0.6128 1 7 6202 
open 0.6203 1 7 5959 
open 0.6115 1 7 6193 
open 0.6124 1 7 6349 
open 0.6116 1 7 6178 
open 0.6121 2 14 12287 
open 0.6095 1 7 6022 
open 0.6183 1 7 6015 
open 0.6193 1 7 6160 
open 0.6122 1 7 6492 
open 0.6127 1 7 6704 
open 0.6125 1 7 6795 
open 0.6175 1 7 6675 
open 0.6227 1 7 6482 
open 0.6297 1 7 6463 
open 0.6359 1 7 6213 
open 0.6437 1 7 6209 
open 0.6441 1 7 6276 
open 0.6384 1 7 6237 
open 0.6508 1 7 5884 
open 0.6418 2 14 12368 
open 0.6422 1 7 6080 
open 0.6323 1 7 5713 
open 0.6400 1 7 6129 
open 0.6411 1 7 6189 
open 0.6363 1 7 6181 
open 0.6263 1 7 6138 
open 0.6317 1 7 6050 
open 0.6285 1 7 6264 
open 0.6286 1 7 6721 
open 0.6321 2 14 13724 
open 0.6396 1 7 6584 
open 0.6366 1 7 6513 
open 0.6347 2 14 13226 
open 0.6398 1 7 6632 
open 0.6412 1 7 6225 
open 0.6424 1 7 6433 
open 0.6465 1 7 8113 
open 0.6506 1 7 6959 
open 0.6487 1 7 6194 
open 0.6580 1 7 6447 
open 0.6628 2 14 13092 
open 0.6599 1 7 6432 
open 0.6598 1 7 6336 
open 0.6713 1 7 6288 
open 0.6833 1 7 6394 
open 0.6907 2 14 9255 
open 0.6868 1 7 5650 
open 0.6793 2 14 8471 
open 0.6762 1 7 5851 
open 0.6918 2 14 8533 
open 0.6891 1 7 5665 
open 0.6876 3 21 12255 
open 0.6951 1 7 5721 
open 0.6938 1 7 5584 
open 0.7074 1 7 5303 
open 0.7163 1 7 5393 
open 0.7142 1 7 5612 
open 0.7206 1 7 5215 
open 0.7203 1 7 5314 
open 0.7067 1 7 5512 
open 0.7000 2 14 8300 
open 0.6915 3 21 11593 
open 0.6948 1 7 5828 
open 0.6916 2 14 8082 
open 0.7015 1 7 4739 
open 0.7090 2 14 7969 
open 0.7046 1 7 5156 
open 0.7055 2 13 7952 
open 0.7039 1 7 5119 
open 0.7010 1 7 4829 
open 0.6927 1 7 5393 
open 0.6895 2 14 7766 
open 0.7048 1 7 4815 
open 0.7035 1 7 4663 
open 0.6928 2 14 7699 
open 0.7017 1 7 4819 
open 0.7079 1 7 4892 
open 0.7014 2 14 9675 
open 0.6963 1 7 5063 
open 0.6878 3 21 11207 
open 0.6820 1 7 5194 
open 0.6913 1 7 4817 
open 0.7024 1 7 5084 
open 0.6939 1 7 5247 
open 0.6986 1 7 5075 
open 0.7029 2 14 12413 
open 0.7042 2 14 8925 
open 0.6990 1 7 3075 
open 0.6914 1 7 3062 
open 0.6823 2 14 6078 
open 0.6787 1 7 3062 
open 0.6745 2 14 6102 
open 0.6706 1 7 3063 
open 0.6637 3 21 9138 
open 0.6746 1 7 3063 
open 0.6768 1 7 3068 
open 0.6663 1 7 3005 
open 0.6666 1 7 3039 
open 0.6578 1 7 3058 
open 0.6561 1 7 3059 
open 0.6655 2 14 6086 
open 0.6737 2 14 6070 
open 0.6760 2 14 6064 
open 0.6676 1 7 3032 
open 0.6651 2 14 6052 
open 0.6662 1 7 3015 
open 0.6632 1 7 3023 
open 0.6684 1 7 3025 
open 0.6672 1 7 3030 
open 0.6615 1 7 3021 
open 0.6603 2 14 6049 
open 0.6691 1 7 3022 
open 0.6752 4 28 12087 
open 0.6739 3 20 9051 
open 0.6814 1 7 3032 
open 0.6817 1 7 3019 
open 0.6859 2 14 6044 
open 0.6791 3 19 9056 
open 0.6905 1 7 3027 
open 0.6937 1 7 3030 
open 0.6950 3 21 9181 
open 0.6917 1 7 3027 
open 0.6946 1 7 3027 
open 0.6987 1 7 3023 
open 0.6959 1 7 3040 
open 0.6900 1 7 3037 
open 0.6894 1 7 3022 
open 0.7057 1 7 4341 
open 0.7050 2 13 6036 
open 0.6979 2 14 6034 
open 0.6976 1 7 3015 
open 0.6957 1 7 3033 
open 0.6923 2 14 5973 
open 0.6882 2 14 6053 
open 0.6866 1 7 3027 
open 0.6936 2 14 5985 
open 0.6863 2 14 6051 
open 0.6956 1 7 3024 
open 0.6837 2 14 6056 
open 0.6826 2 14 6044 
open 0.6812 1 7 3020 
open 0.6811 1 7 3019 
open 0.6803 2 14 6059 
open 0.6832 2 14 6049 
open 0.6869 1 7 3025 
open 0.6769 1 7 3021 
open 0.6695 2 14 6035 
open 0.6656 2 14 6055 
open 0.6640 1 7 3015 
open 0.6783 2 14 6040 
open 0.6880 2 14 6043 
open 0.6924 1 7 3015 
open 0.6921 1 7 3017 
open 0.6824 1 7 3029 
open 0.6838 2 13 6046 
open 0.6765 2 14 6038 
open 0.6734 1 7 3038 
open 0.6798 1 7 3025 
open 0.6775 2 14 6078 
open 0.6864 1 7 3025 
open 0.6834 2 13 6034 
open 0.6786 1 7 3080 
open 0.6810 2 14 6039 
open 0.6861 1 7 3026 
open 0.6852 1 7 3019 
open 0.6767 1 7 3015 
open 0.6742 1 7 3023 
open 0.6759 2 14 6050 
open 0.6847 2 14 6046 
open 0.6848 1 7 3015 
open 0.6860 1 7 3016 
open 0.6799 1 7 3019 
open 0.6888 1 7 3016 
open 0.6982 1 7 3019 
open 0.6940 1 7 3025 
open 0.6930 2 14 6050 
open 0.6808 3 21 9059 
open 0.6835 1 7 3025 
open 0.6887 1 7 3024 
open 0.6827 1 7 3024 
open 0.6901 1 7 3021 
open 0.6846 1 7 3025 
open 0.6831 1 7 3026 
open 0.6726 2 14 6055 
open 0.6748 1 7 3029 
open 0.6780 2 14 6069 
open 0.6751 2 14 6049 
open 0.6764 1 7 3026 
open 0.6735 3 21 9048 
open 0.6693 1 7 3019 
open 0.6749 2 14 6045 
open 0.6758 2 14 6059 
open 0.6699 3 21 10441 
open 0.6701 1 7 3079 
open 0.6688 1 7 3034 
open 0.6700 1 7 3031 
open 0.6755 1 7 3021 
open 0.6757 1 7 3015 
open 0.6747 2 13 6040 
open 0.6704 1 7 4398 
open 0.6585 2 14 6055 
open 0.6569 1 7 3028 
open 0.6717 1 7 3026 
open 0.6785 1 7 3032 
open 0.6841 1 7 3020 
open 0.6788 1 7 2965 
open 0.6804 2 14 6037 
open 0.6843 1 7 3023 
open 0.6809 1 7 3033 
open 0.6790 1 7 3027 
open 0.6727 1 7 3024 
open 0.6732 1 7 3018 
open 0.6702 1 7 3023 
open 0.6792 1 7 3014 
open 0.6796 1 7 3016 
open 0.6942 1 7 3014 
open 0.7005 1 7 3029 
open 0.6935 1 7 3021 
open 0.6920 1 7 3017 
open 0.6973 1 7 3024 
open 0.6972 1 7 3009 
open 0.7047 1 6 3011 
open 0.7175 1 7 3033 
open 0.7173 1 7 3011 
open 0.7166 1 7 3020 
open 0.7197 1 7 3023 
open 0.7152 1 7 4405 
open 0.7280 1 7 5832 
open 0.7344 1 7 3023 
open 0.7454 1 7 3015 
open 0.7548 1 7 3015 
open 0.7469 1 7 3012 
open 0.7424 2 14 6027 
open 0.7458 1 7 3024 
open 0.7439 1 6 3011 
open 0.7556 1 7 3019 
open 0.7550 1 7 3008 
open 0.7656 1 7 3012 
open 0.7644 1 6 3008 
open 0.7784 1 6 3013 
open 0.7795 1 7 2948 
open 0.7893 2 14 6027 
open 0.7979 1 7 3016 
open 0.8045 2 13 6039 
open 0.8003 1 7 3011 
open 0.7909 1 7 3014 
open 0.7872 1 7 3012 
open 0.7948 1 7 3011 
open 0.7951 2 13 6059 
open 0.7941 1 6 3011 
open 0.7871 1 6 3010 
open 0.7914 3 21 9055 
open 0.7925 1 7 3012 
open 0.7900 2 11 6022 
open 0.7915 1 6 3015 
open 0.7957 2 14 6157 
open 0.7932 1 7 3014 
open 0.7922 1 7 3020 
open 0.7868 2 14 6036 
open 0.7908 1 7 3014 
open 0.7864 1 7 3011 
open 0.7912 1 6 3007 
open 0.7962 1 7 3007 
open 0.8145 1 5 3003 
open 0.8026 1 6 3002 
open 0.7923 1 3 3003 
open 0.7910 1 7 3004 
open 0.7782 1 3 2999 
open 0.7814 1 6 3004 
open 0.7828 1 5 3072 
open 0.7989 1 5 3005 
open 0.8137 2 12 6024 
open 0.8132 1 5 3001 
open 0.8437 1 4 3001 
open 0.8446 3 19 9026 
open 0.8527 2 12 6528 
open 0.8757 1 6 3004 
open 0.9018 1 5 3006 
open 0.9457 1 6 4613 
open 0.9775 1 5 4680 
open 0.9057 1 4 3001 
open 0.9082 1 4 3001 
open 0.9271 1 3 3000 
open 0.9314 1 5 3001 
open 0.9016 1 5 3001 
open 0.8875 2 10 6007 
open 0.8834 1 5 3003 
open 0.8857 1 4 3001 
open 0.8935 1 5 3003 
open 0.9222 1 6 3003 
open 0.9272 1 3 3001 
open 0.9167 1 6 2944 
open 0.9229 1 5 3004 
open 0.9007 2 13 6035 
open 0.8900 1 5 3001 
open 0.8820 2 12 6017 
open 0.8976 2 12 6017 
open 0.8835 1 4 3002 
open 0.8934 1 5 3003 
open 0.8802 1 7 3005 
open 0.8777 1 5 3005 
open 0.8630 1 7 3008 
open 0.8619 1 7 3008 
open 0.8432 2 13 6022 
open 0.8560 3 17 9017 
open 0.8525 1 6 3006 
open 0.8632 1 7 3009 
open 0.8642 1 7 3006 
open 0.8629 1 7 3008 
open 0.8500 2 13 6018 
open 0.8581 2 11 6023 
open 0.8535 2 13 5961 
open 0.8746 1 7 3010 
open 0.8797 1 6 3008 
open 0.8780 2 14 6047 
open 0.8891 2 13 6017 
open 0.9040 1 4 3001 
open 0.9134 1 6 3004 
open 0.9243 1 6 3013 
open 0.9317 1 6 3005 
open 0.9113 1 5 3061 
open 0.9041 1 6 3002 
open 0.8963 2 13 6021 
open 0.8951 1 7 3007 
open 0.8843 1 6 3035 
open 0.9022 1 6 3008 
open 0.9075 1 6 3011 
open 0.9037 2 13 6029 
open 0.8933 1 5 3002 
open 0.8927 1 6 4629 
open 0.9020 1 6 4623 
open 0.8983 1 7 3009 
open 0.8960 2 14 6049 
open 0.8729 2 13 6024 
open 0.8716 2 11 6008 
open 0.8738 1 6 3004 
open 0.8778 3 20 9101 
open 0.8754 1 6 3004 
open 0.9092 1 7 3009 
open 0.9064 1 6 3005 
open 0.9032 1 6 3007 
open 0.8971 1 7 2948 
open 0.8904 1 6 3005 
open 0.8773 1 7 3011 
open 0.8847 1 7 3012 
open 0.8741 2 13 6078 
open 0.8637 1 5 3007 
open 0.8569 1 3 2999 
open 0.8462 1 4 3003 
open 0.8520 2 13 6014 
open 0.8563 4 25 12043 
open 0.8340 2 12 6016 
open 0.8285 1 6 3008 
open 0.8322 1 6 3007 
open 0.8279 1 6 3007 
open 0.8093 2 13 6019 
open 0.8331 2 12 6017 
open 0.8372 1 7 3006 
open 0.8292 2 14 6049 
open 0.8312 3 21 9061 
open 0.8265 1 7 3040 
open 0.8198 1 7 3011 
open 0.8262 1 7 3030 
open 0.8259 1 7 3026 
open 0.8361 2 14 6069 
open 0.8487 1 7 3050 
open 0.8585 1 5 3148 
open 0.8703 2 13 6173 
open 0.8798 2 13 6018 
open 0.8747 1 7 3059 
open 0.8748 1 7 3015 
open 0.8612 1 6 3004 
open 0.8488 2 14 6024 
open 0.8474 1 6 3160 
open 0.8342 2 12 6445 
open 0.8416 1 7 3028 
open 0.8482 2 14 6137 
open 0.8465 1 7 3525 
open 0.8533 2 14 6027 
open 0.8383 2 12 6051 
open 0.8645 2 10 6013 
open 0.8565 1 6 3007 
open 0.8477 1 7 3006 
open 0.8457 1 7 3013 
open 0.8466 1 7 3015 
open 0.8601 2 13 6743 
open 0.8692 1 5 3004 
open 0.8664 1 7 2955 
open 0.8812 1 6 3009 
open 0.8722 1 6 3008 
open 0.8903 3 20 9097 
open 0.8781 3 21 9097 
open 0.8894 1 6 3012 
open 0.8990 2 13 6289 
open 0.8801 1 7 3003 
open 0.8710 1 6 3003 
open 0.8761 1 6 3007 
open 0.8930 1 6 3005 
open 0.8821 1 5 3005 
open 0.8865 1 7 3007 
open 0.8978 1 6 3269 
open 0.8775 1 3 3000 
open 0.8829 1 6 3004 
open 0.8706 1 6 3003 
open 0.8814 2 14 6034 
open 0.8753 1 6 3004 
open 0.8749 2 14 6034 
open 0.8849 1 7 3048 
open 0.8665 1 7 3054 
open 0.8699 2 12 6043 
open 0.8683 1 7 3048 
open 0.8614 1 5 3029 
open 0.8751 2 14 6085 
open 0.8740 1 6 3004 
open 0.8689 1 7 3101 
open 0.8570 1 7 3004 
open 0.8590 1 6 3022 
open 0.8549 2 13 6015 
open 0.8639 1 5 3003 
open 0.8539 1 7 3073 
open 0.8591 3 21 9040 
open 0.8414 1 6 3004 
open 0.8349 1 6 3702 
open 0.8245 1 7 3010 
open 0.8307 1 5 3003 
open 0.8339 2 12 6011 
open 0.8300 3 21 10488 
open 0.8366 2 12 6019 
open 0.8463 2 13 7467 
open 0.8341 1 6 3010 
open 0.8327 1 7 3022 
open 0.8338 1 7 2949 
open 0.8347 1 7 3027 
open 0.8244 2 14 6029 
open 0.8237 1 7 3013 
open 0.8171 1 7 3018 
open 0.8158 1 7 3010 
open 0.8042 1 6 3010 
open 0.7961 1 6 3017 
open 0.8038 1 7 3018 
open 0.7980 1 6 3008 
open 0.8031 1 7 3021 
open 0.8064 1 6 3010 
open 0.7987 1 7 3007 
open 0.8032 1 6 3008 
open 0.7849 1 7 3014 
open 0.7779 1 7 3014 
open 0.7845 2 12 6017 
open 0.7931 1 7 3013 
open 0.7857 1 7 3021 
open 0.7939 2 14 6075 
open 0.7998 1 7 3016 
open 0.8028 2 13 6035 
open 0.7965 2 13 8967 
open 0.8005 1 7 3017 
open 0.8125 1 7 3029 
open 0.8139 1 7 3074 
open 0.8058 1 7 3026 
open 0.8008 2 14 6028 
open 0.8000 1 7 3018 
open 0.8044 1 7 3032 
open 0.8074 1 7 3016 
open 0.8131 1 7 3011 
open 0.8070 1 7 3012 
open 0.8136 2 14 7806 
open 0.8167 1 7 3085 
open 0.8124 1 7 3013 
open 0.8144 1 7 3011 
open 0.8278 1 6 3011 
open 0.8406 1 7 3011 
open 0.8557 1 6 3008 
open 0.8668 1 7 3013 
open 0.8578 1 6 3006 
open 0.8676 1 6 3011 
open 0.8633 1 6 3007 
open 0.8623 1 6 3009 
open 0.8743 1 7 3007 
open 0.8518 1 6 3008 
open 0.8481 1 7 2950 
open 0.8538 1 7 3005 
open 0.8573 1 7 3005 
open 0.8531 1 7 3008 
open 0.8475 1 6 3010 
open 0.8496 1 5 3004 
open 0.8519 1 7 3010 
open 0.8540 2 14 6032 
open 0.8509 1 6 3011 
open 0.8685 1 7 3016 
open 0.8597 1 7 3021 
open 0.8701 1 7 3013 
open 0.8667 2 11 6027 
open 0.8583 2 14 6024 
open 0.8564 1 7 3017 
open 0.8609 1 6 3009 
open 0.8461 1 7 3054 
open 0.8430 1 7 3019 
open 0.8395 1 7 3021 
open 0.8417 1 7 3022 
open 0.8348 1 7 3021 
open 0.8441 1 5 3012 
open 0.8456 1 7 3030 
open 0.8486 1 7 3075 
open 0.8396 2 14 6073 
open 0.8445 2 13 6043 
open 0.8368 1 7 3030 
open 0.8288 2 14 6042 
open 0.8356 1 7 4760 
open 0.8317 1 7 3016 
open 0.8228 1 7 3018 
open 0.8241 1 7 3020 
open 0.8275 1 7 3018 
open 0.8247 1 7 3022 
open 0.8240 1 7 3014 
open 0.8334 1 7 3009 
open 0.8394 1 7 3015 
open 0.8360 2 14 5967 
open 0.8235 1 7 3020 
open 0.8257 1 6 3024 
open 0.8205 1 7 3032 
open 0.8208 1 7 3016 
open 0.8202 1 7 3018 
open 0.8141 1 7 3017 
open 0.8109 1 7 3022 
open 0.8083 1 7 3017 
open 0.7986 1 7 3021 
open 0.7975 1 7 3015 
open 0.7945 1 7 3020 
open 0.7913 1 7 3018 
open 0.7888 2 14 5972 
open 0.7911 1 7 3026 
open 0.7918 1 7 3030 
open 0.8013 1 7 3028 
open 0.7971 1 7 3088 
open 0.7787 3 20 16179 
open 0.7955 1 6 3020 
open 0.7887 1 7 3108 
open 0.7892 1 7 3035 
open 0.7841 2 14 7820 
open 0.7835 1 6 3024 
open 0.8017 1 7 3056 
open 0.7917 1 7 3056 
open 0.7896 1 7 3061 
open 0.7943 1 7 3059 
open 0.7766 1 7 5846 
open 0.7840 1 7 3052 
open 0.7765 1 7 3055 
open 0.7626 1 7 3056 
open 0.7486 1 7 4431 
open 0.7562 1 7 3051 
open 0.7415 1 7 3050 
open 0.7432 1 7 3052 
open 0.7337 1 7 3060 
open 0.7275 1 7 3067 
open 0.7091 1 7 3045 
open 0.7181 1 7 3018 
open 0.7349 1 6 2952 
open 0.7241 1 7 3015 
open 0.7302 1 7 3009 
open 0.7207 1 7 3011 
open 0.7192 1 5 3009 
open 0.7153 1 6 3013 
open 0.7367 1 6 3007 
open 0.7156 1 6 3007 
open 0.7183 1 7 3012 
open 0.7071 1 7 3007 
open 0.7267 1 7 3238 
open 0.7328 1 7 3011 
open 0.7186 1 7 3012 
open 0.7099 1 7 3012 
open 0.7095 1 7 3010 
open 0.7115 1 7 3011 
open 0.7028 1 7 3013 
open 0.7083 1 7 3010 
open 0.6993 2 14 6026 
open 0.7086 1 5 3013 
open 0.7041 1 6 3007 
open 0.7343 2 13 6018 
open 0.7381 1 6 3011 
open 0.7278 1 7 3009 
open 0.7248 1 5 3008 
open 0.7396 1 7 3022 
open 0.7462 1 7 3016 
open 0.7347 1 7 3071 
open 0.7215 1 7 3014 
open 0.7108 1 7 3018 
open 0.7254 1 7 3018 
open 0.7266 1 6 3008 
open 0.7388 1 7 4517 
open 0.7369 1 6 4571 
open 0.7325 1 7 3011 
open 0.7514 1 5 3004 
open 0.7699 1 5 3006 
open 0.7574 1 7 3013 
open 0.7577 1 7 3019 
open 0.7801 1 5 3008 
open 0.7854 1 6 3010 
open 0.7786 1 7 3012 
open 0.7744 1 7 3015 
open 0.7848 1 6 3009 
open 0.8036 1 6 3008 
open 0.7976 1 7 3013 
open 0.7894 1 7 3008 
open 0.7749 1 7 3015 
open 0.7906 1 7 3014 
open 0.7869 1 7 3015 
open 0.7825 1 7 3024 
open 0.7618 1 7 3029 
open 0.7687 1 6 3032 
open 0.7807 1 6 3010 
open 0.7936 1 5 3004 
open 0.7670 1 5 3004 
open 0.8293 1 7 3008 
open 0.8530 1 7 3005 
open 0.8337 1 6 3007 
open 0.8401 1 7 3249 
open 0.8405 1 6 3013 
open 0.8545 1 7 3010 
open 0.8374 1 6 3009 
open 0.8586 1 6 3007 
open 0.8615 1 7 3013 
open 0.8925 1 6 3008 
open 0.8939 2 14 6084 
open 0.9031 1 6 3019 
open 0.8608 1 7 3019 
open 0.8552 1 7 3018 
open 0.8526 1 6 3015 
open 0.8453 1 5 3016 
open 0.8392 1 7 3017 
open 0.8398 1 7 3798 
open 0.8521 1 6 3496 
open 0.8502 1 5 3013 
open 0.8625 1 7 3015 
open 0.8567 1 5 3016 
open 0.8537 1 6 3020 
open 0.8480 1 7 3020 
open 0.8658 1 7 3021 
open 0.8661 1 7 2962 
open 0.8680 1 7 3012 
open 0.8490 1 6 3013 
open 0.8354 1 6 3006 
open 0.8514 1 7 3018 
open 0.8404 1 7 3011 
open 0.8587 1 6 3004 
open 0.8628 2 14 6043 
open 0.8723 1 7 3022 
open 0.8735 1 6 3010 
open 0.8788 1 7 3024 
open 0.8816 1 7 3019 
open 0.8845 1 6 3020 
open 0.8921 1 7 3013 
open 0.8859 2 14 6034 
open 0.8936 1 7 3019 
open 0.8938 1 7 3013 
open 0.9050 1 6 3007 
open 0.9121 1 6 3014 
open 0.9174 1 7 3026 
open 0.9260 1 7 3016 
open 0.9138 1 7 3007 
open 0.9002 1 7 3011 
open 0.8760 1 7 3015 
open 0.8868 1 7 3018 
open 0.8944 1 7 3011 
open 0.8920 1 6 3008 
open 0.8957 1 7 3075 
open 0.8763 1 6 3019 
open 0.8799 1 6 3025 
open 0.8958 1 7 3023 
open 0.8864 2 14 8648 
open 0.8867 1 7 3047 
open 0.8793 1 7 3024 
open 0.8813 1 7 3025 
open 0.8844 1 7 4525 
open 0.8871 2 14 6075 
open 0.8886 1 7 3027 
open 0.8766 1 7 3251 
open 0.8811 1 7 3015 
open 0.8794 2 14 6025 
open 0.8870 2 14 6039 
open 0.8744 3 19 10239 
open 0.8724 1 7 3011 
open 0.8717 1 7 3014 
open 0.8651 1 7 3011 
open 0.8807 1 7 3091 
open 0.8752 1 7 3014 
open 0.8755 1 7 3008 
open 0.8768 1 7 3087 
open 0.8745 1 6 3011 
open 0.8783 1 7 3019 
open 0.8809 1 6 3009 
open 0.8836 1 7 3023 
open 0.8848 1 6 3024 
open 0.8890 2 14 6051 
open 0.8885 1 7 3023 
open 0.8908 2 14 6053 
open 0.8919 1 7 3029 
open 0.8967 1 7 3021 
open 0.9085 1 6 3022 
open 0.8926 1 7 3026 
open 0.8896 1 7 3021 
open 0.8776 1 7 3027 
open 0.8832 1 7 3086 
open 0.8924 1 7 3024 
open 0.8718 1 6 3017 
open 0.8860 1 6 3023 
open 0.8917 1 7 3022 
open 0.9061 1 7 3022 
open 0.8981 1 7 3210 
open 0.8996 1 6 3005 
open 0.8994 1 6 3008 
open 0.8872 1 7 3012 
open 0.8769 1 7 3025 
open 0.8806 1 7 3029 
open 0.8784 2 14 6043 
open 0.8678 1 7 3015 
open 0.8631 1 6 3012 
open 0.8555 1 7 3019 
open 0.8649 1 7 3017 
open 0.8671 1 7 3010 
open 0.8599 1 7 3016 
open 0.8562 1 7 3019 
open 0.8679 1 7 3015 
open 0.8910 1 7 3011 
open 0.8956 1 7 3013 
open 0.8992 1 7 3016 
open 0.9033 1 7 3021 
open 0.8964 1 7 3015 
hight 0.6376 1 7 3186 
hight 0.6439 1 7 3230 
hight 0.6432 1 5 3064 
hight 0.6389 1 7 3259 
hight 0.6429 2 14 9737 
hight 0.6416 1 7 3193 
hight 0.6381 1 7 3455 
hight 0.6375 1 7 3182 
hight 0.6412 2 14 10366 
hight 0.6383 1 7 3260 
hight 0.6340 1 7 3140 
hight 0.6342 2 14 6386 
hight 0.6267 1 7 3145 
hight 0.6313 1 7 3180 
hight 0.6215 1 7 3821 
hight 0.6276 2 14 6307 
hight 0.6279 2 14 8852 
hight 0.6250 1 7 3244 
hight 0.6247 1 7 3186 
hight 0.6207 2 14 9370 
hight 0.6100 1 7 3408 
hight 0.6046 1 7 3194 
hight 0.6214 1 7 3193 
hight 0.6218 1 7 3102 
hight 0.6129 1 7 3153 
hight 0.6097 1 7 3126 
hight 0.6071 1 7 3462 
hight 0.6140 1 7 3228 
hight 0.6180 1 7 3306 
hight 0.6173 1 7 3475 
hight 0.6216 1 7 3532 
hight 0.6330 3 21 16088 
hight 0.6362 1 7 3266 
hight 0.6335 1 7 3537 
hight 0.6296 1 7 3469 
hight 0.6208 1 7 3250 
hight 0.6321 2 14 9452 
hight 0.6278 1 7 3329 
hight 0.6282 1 7 3202 
hight 0.6298 2 14 9069 
hight 0.6272 1 7 3170 
hight 0.6243 1 7 3189 
hight 0.6172 1 7 3366 
hight 0.6238 1 7 3390 
hight 0.6255 1 7 5466 
hight 0.6233 1 7 5874 
hight 0.6224 1 7 6786 
hight 0.6119 1 7 8548 
hight 0.6277 1 7 5667 
hight 0.6211 2 14 12276 
hight 0.6210 1 7 5959 
hight 0.6138 1 7 6193 
hight 0.6193 2 14 12406 
hight 0.6128 1 7 6178 
hight 0.6134 1 7 6230 
hight 0.6136 1 7 6022 
hight 0.6225 1 7 6015 
hight 0.6147 1 7 6172 
hight 0.6149 1 7 6492 
hight 0.6143 1 7 6704 
hight 0.6161 1 7 6795 
hight 0.6201 1 7 6739 
hight 0.6254 1 7 6675 
hight 0.6258 1 7 6482 
hight 0.6323 1 7 6338 
hight 0.6368 1 7 6463 
hight 0.6459 1 7 6213 
hight 0.6488 1 7 6209 
hight 0.6443 2 14 12356 
hight 0.6512 1 7 6237 
hight 0.6522 1 7 5884 
hight 0.6437 1 7 6126 
hight 0.6444 1 7 6242 
hight 0.6371 1 7 5713 
hight 0.6403 1 7 5936 
hight 0.6419 1 7 5720 
hight 0.6423 2 14 12761 
hight 0.6414 1 7 6189 
hight 0.6372 1 7 6181 
hight 0.6345 1 7 6050 
hight 0.6303 1 7 6264 
hight 0.6309 1 7 6721 
hight 0.6359 1 7 6804 
hight 0.6329 1 7 6807 
hight 0.6430 1 7 6584 
hight 0.6395 1 7 6513 
hight 0.6407 1 7 6623 
hight 0.6463 1 7 6225 
hight 0.6479 1 7 6433 
hight 0.6547 1 7 8113 
hight 0.6530 1 7 6959 
hight 0.6611 2 14 12626 
hight 0.6643 1 7 6447 
hight 0.6650 1 7 6599 
hight 0.6641 1 7 6336 
hight 0.6730 1 7 6493 
hight 0.6860 1 7 6288 
hight 0.6910 1 7 6394 
hight 0.6925 3 21 12171 
hight 0.6873 2 14 8676 
hight 0.6827 2 14 8482 
hight 0.6929 1 7 5851 
hight 0.6927 2 14 8533 
hight 0.6936 1 7 5665 
hight 0.6968 2 14 9221 
hight 0.6975 1 7 5721 
hight 0.7089 2 14 10403 
hight 0.7212 1 7 5303 
hight 0.7180 2 13 8404 
hight 0.7253 1 7 5612 
hight 0.7222 2 14 8226 
hight 0.7203 1 7 5314 
hight 0.7122 1 7 5512 
hight 0.7001 1 7 5271 
hight 0.6986 1 7 5525 
hight 0.6950 1 7 5828 
hight 0.7046 1 7 5063 
hight 0.7138 1 7 4739 
hight 0.7148 1 7 4956 
hight 0.7076 2 14 10094 
hight 0.7065 2 14 9866 
hight 0.7011 1 7 4829 
hight 0.6993 1 7 5393 
hight 0.7066 2 14 7828 
hight 0.7038 1 7 4663 
hight 0.7023 1 7 4676 
hight 0.7118 1 7 4892 
hight 0.7017 2 14 7808 
hight 0.6995 1 7 5063 
hight 0.6886 2 14 8230 
hight 0.6924 3 21 11234 
hight 0.7028 1 7 4817 
hight 0.7033 1 7 5084 
hight 0.6991 2 14 8322 
hight 0.7062 1 7 5075 
hight 0.7073 1 7 4881 
hight 0.7060 1 7 5273 
hight 0.7063 1 7 7140 
hight 0.7058 1 7 5912 
hight 0.6948 1 7 3068 
hight 0.6930 1 7 3053 
hight 0.6918 1 7 3062 
hight 0.6805 3 20 9092 
hight 0.6760 1 7 3053 
hight 0.6719 1 7 3063 
hight 0.6770 1 7 3064 
hight 0.6842 2 13 6083 
hight 0.6772 1 7 3068 
hight 0.6735 1 7 3005 
hight 0.6695 1 7 3039 
hight 0.6624 1 7 3058 
hight 0.6712 1 7 3059 
hight 0.6724 2 14 6056 
hight 0.6763 1 7 3056 
hight 0.6794 1 7 3051 
hight 0.6813 2 14 6080 
hight 0.6776 2 14 6064 
hight 0.6689 1 7 3032 
hight 0.6708 1 7 3025 
hight 0.6672 1 7 3015 
hight 0.6653 1 7 3023 
hight 0.6707 1 7 3027 
hight 0.6729 1 7 3025 
hight 0.6699 1 7 3030 
hight 0.6684 1 7 3029 
hight 0.6676 1 7 3030 
hight 0.6647 1 7 3021 
hight 0.6700 2 14 6060 
hight 0.6758 1 7 3022 
hight 0.6781 2 14 6078 
hight 0.6769 3 21 9082 
hight 0.6829 1 7 3022 
hight 0.6847 1 7 3032 
hight 0.6865 3 21 9066 
hight 0.6914 2 14 6048 
hight 0.6923 1 7 3027 
hight 0.6955 1 7 3034 
hight 0.6967 1 7 3030 
hight 0.6974 1 7 3083 
hight 0.6998 1 7 3027 
hight 0.7014 1 7 3027 
hight 0.7030 1 7 3023 
hight 0.7029 1 7 3029 
hight 0.6966 1 7 3040 
hight 0.6941 1 7 3037 
hight 0.6944 2 14 6036 
hight 0.7061 1 7 3023 
hight 0.7104 1 7 4341 
hight 0.7068 1 7 3027 
hight 0.7037 1 7 3019 
hight 0.6985 1 7 3015 
hight 0.6959 1 7 3033 
hight 0.6905 1 7 3036 
hight 0.6939 1 7 3027 
hight 0.6961 2 14 6034 
hight 0.6919 1 7 3026 
hight 0.6994 1 7 3019 
hight 0.6960 1 7 2972 
hight 0.6903 1 7 3019 
hight 0.6883 1 7 3025 
hight 0.6846 1 7 3026 
hight 0.6855 3 21 9062 
hight 0.6817 2 14 6045 
hight 0.6841 2 14 6054 
hight 0.6889 1 7 3018 
hight 0.6896 2 14 6050 
hight 0.6902 1 7 3024 
hight 0.6774 1 7 3021 
hight 0.6711 1 7 3027 
hight 0.6685 1 7 3028 
hight 0.6797 1 7 3015 
hight 0.6899 1 7 3025 
hight 0.6987 1 7 3015 
hight 0.6926 1 7 3015 
hight 0.6964 1 7 3017 
hight 0.6830 1 7 3029 
hight 0.6843 1 6 3012 
hight 0.6851 1 7 3026 
hight 0.6793 3 21 9056 
hight 0.6787 2 13 6051 
hight 0.6838 1 7 3025 
hight 0.6898 1 7 3036 
hight 0.6874 1 7 3025 
hight 0.6836 1 7 3017 
hight 0.6822 1 7 3080 
hight 0.6814 1 7 3019 
hight 0.6762 3 21 9069 
hight 0.6876 1 7 3009 
hight 0.6815 4 28 12087 
hight 0.6853 1 7 3030 
hight 0.6904 1 7 3023 
hight 0.6907 1 7 3021 
hight 0.6884 2 14 6047 
hight 0.6891 1 7 3015 
hight 0.6887 1 7 3012 
hight 0.6867 1 7 3018 
hight 0.6870 1 7 3025 
hight 0.6833 1 7 3022 
hight 0.6872 1 7 3019 
hight 0.6947 2 14 6043 
hight 0.6988 1 7 3016 
hight 0.7019 1 7 3019 
hight 0.6953 1 7 3022 
hight 0.6980 1 7 3027 
hight 0.6877 1 7 3017 
hight 0.6871 1 6 3017 
hight 0.6831 1 7 3016 
hight 0.6863 1 7 3025 
hight 0.6908 1 7 3024 
hight 0.6956 1 7 3021 
hight 0.6958 1 7 3028 
hight 0.6849 1 7 3025 
hight 0.6861 1 7 3031 
hight 0.6834 2 14 6049 
hight 0.6826 1 7 3029 
hight 0.6775 2 14 6034 
hight 0.6738 1 7 3021 
hight 0.6789 1 7 3019 
hight 0.6765 1 7 3021 
hight 0.6766 1 7 3028 
hight 0.6731 1 7 3021 
hight 0.6720 1 7 3079 
hight 0.6710 1 7 3034 
hight 0.6783 1 7 3015 
hight 0.6741 1 7 3015 
hight 0.6721 1 7 4403 
hight 0.6740 1 7 4398 
hight 0.6759 1 7 3015 
hight 0.6705 1 7 3017 
hight 0.6590 1 7 3025 
hight 0.6612 1 7 3028 
hight 0.6642 1 7 3019 
hight 0.6755 1 7 3024 
hight 0.6752 1 7 3026 
hight 0.6840 1 7 3019 
hight 0.6844 1 7 3032 
hight 0.6807 1 7 2965 
hight 0.6812 1 6 3020 
hight 0.6819 1 7 3024 
hight 0.6854 1 7 3023 
hight 0.6808 2 14 6036 
hight 0.6806 1 7 3024 
hight 0.6757 1 7 3027 
hight 0.6768 1 7 3024 
hight 0.6795 1 7 3027 
hight 0.6750 1 7 3018 
hight 0.6767 1 7 3023 
hight 0.6823 1 7 3042 
hight 0.6796 1 7 3016 
hight 0.6971 1 7 3014 
hight 0.7026 1 7 3029 
hight 0.7005 1 7 3017 
hight 0.6999 1 7 3024 
hight 0.7018 1 7 3071 
hight 0.6982 1 7 3015 
hight 0.7077 3 20 9040 
hight 0.7213 1 7 3033 
hight 0.7177 1 7 3011 
hight 0.7237 1 7 3020 
hight 0.7207 1 7 3023 
hight 0.7288 1 7 4405 
hight 0.7387 2 14 9070 
hight 0.7490 2 14 6045 
hight 0.7611 1 7 3015 
hight 0.7573 2 14 6066 
hight 0.7488 1 7 3012 
hight 0.7542 1 7 3015 
hight 0.7506 1 7 3024 
hight 0.7567 1 6 3011 
hight 0.7579 1 7 3019 
hight 0.7676 1 7 3008 
hight 0.7689 1 7 3012 
hight 0.7909 3 19 9051 
hight 0.7892 1 6 3013 
hight 0.7980 1 7 2948 
hight 0.7988 1 7 3011 
hight 0.8061 1 7 3016 
hight 0.8097 2 13 6024 
hight 0.8039 2 13 6013 
hight 0.7943 3 21 8987 
hight 0.7973 2 14 6153 
hight 0.7985 1 7 3011 
hight 0.8032 2 13 6035 
hight 0.7953 4 25 12089 
hight 0.8031 1 6 3010 
hight 0.7950 1 7 3012 
hight 0.7948 1 6 3016 
hight 0.7999 1 6 3015 
hight 0.8019 1 7 3016 
hight 0.7972 1 7 3014 
hight 0.7929 1 7 3020 
hight 0.7936 1 7 3014 
hight 0.7990 1 7 3011 
hight 0.8002 1 6 3007 
hight 0.8159 3 21 9030 
hight 0.8183 2 12 7787 
hight 0.7981 1 3 3003 
hight 0.8020 1 7 3007 
hight 0.7949 1 7 3004 
hight 0.8068 1 3 2999 
hight 0.7854 2 13 6056 
hight 0.8192 1 5 3072 
hight 0.8147 2 12 6017 
hight 0.8212 1 5 3001 
hight 0.8660 1 5 3001 
hight 0.8564 2 10 6014 
hight 0.8548 2 12 6014 
hight 0.8767 1 5 3001 
hight 0.9049 2 13 6025 
hight 0.9555 1 5 3006 
hight 0.9801 1 6 4613 
hight 0.9784 1 5 4680 
hight 0.9173 1 4 3001 
hight 0.9323 1 4 3001 
hight 0.9518 1 3 3000 
hight 0.9345 1 5 3001 
hight 0.9073 1 5 3001 
hight 0.9070 1 4 3000 
hight 0.8920 1 5 3003 
hight 0.9009 1 4 3001 
hight 0.9245 1 5 3003 
hight 0.9317 1 6 3003 
hight 0.9488 1 3 3001 
hight 0.9415 1 6 2944 
hight 0.9252 1 5 3004 
hight 0.9084 2 13 6027 
hight 0.8913 2 11 6009 
hight 0.9079 2 11 6008 
hight 0.9017 1 5 3006 
hight 0.9035 1 4 3002 
hight 0.9016 2 12 6014 
hight 0.8867 1 7 3005 
hight 0.8798 1 5 3005 
hight 0.8865 1 7 3008 
hight 0.8632 1 7 3008 
hight 0.8602 1 7 3010 
hight 0.8575 4 24 12048 
hight 0.8654 1 6 3006 
hight 0.8697 1 7 3009 
hight 0.8670 1 6 3004 
hight 0.8689 1 7 3006 
hight 0.8651 2 12 6014 
hight 0.8614 1 7 3008 
hight 0.8763 2 11 6039 
hight 0.8838 2 14 6037 
hight 0.8818 2 12 6011 
hight 0.8895 1 7 3010 
hight 0.9299 1 4 3001 
hight 0.9272 1 6 3004 
hight 0.9409 1 6 3013 
hight 0.9350 1 6 3005 
hight 0.9238 1 5 3061 
hight 0.9066 1 6 3002 
hight 0.9014 1 6 3005 
hight 0.9063 1 7 3007 
hight 0.9054 1 6 3035 
hight 0.9151 1 6 3008 
hight 0.9113 1 6 3011 
hight 0.9093 1 6 3010 
hight 0.8958 1 5 3002 
hight 0.9040 2 12 7713 
hight 0.9051 1 6 4623 
hight 0.9026 1 7 3009 
hight 0.8964 2 14 6033 
hight 0.8793 1 7 3009 
hight 0.8766 1 6 3005 
hight 0.8816 1 6 3004 
hight 0.8839 2 14 6103 
hight 0.8834 1 5 3003 
hight 0.9146 1 6 3004 
hight 0.9097 2 14 6030 
hight 0.9131 1 6 3005 
hight 0.9065 3 20 9048 
hight 0.9023 2 13 5956 
hight 0.8943 2 12 6012 
hight 0.8860 1 7 3011 
hight 0.8862 2 14 6037 
hight 0.8746 1 6 3008 
hight 0.8731 2 12 6019 
hight 0.8804 1 3 2999 
hight 0.8617 1 4 3003 
hight 0.8771 1 6 3003 
hight 0.8573 1 5 3008 
hight 0.8377 1 6 3005 
hight 0.8358 1 6 3008 
hight 0.8379 1 6 3007 
hight 0.8285 2 13 6018 
hight 0.8339 2 14 6026 
hight 0.8416 1 5 3006 
hight 0.8529 2 14 6024 
hight 0.8476 1 6 3012 
hight 0.8393 3 21 9052 
hight 0.8359 1 7 3025 
hight 0.8319 1 7 3019 
hight 0.8280 1 7 3040 
hight 0.8388 2 12 6033 
hight 0.8385 1 7 3026 
hight 0.8490 1 7 3045 
hight 0.8601 1 7 3050 
hight 0.8724 1 5 3148 
hight 0.8819 2 14 6190 
hight 0.8837 1 6 3010 
hight 0.8939 1 7 3059 
hight 0.8770 2 13 6087 
hight 0.8815 1 7 3015 
hight 0.8635 1 6 3004 
hight 0.8593 2 14 6022 
hight 0.8514 2 13 6174 
hight 0.8523 1 6 3009 
hight 0.8507 3 19 9050 
hight 0.8550 2 13 6026 
hight 0.8590 2 14 6538 
hight 0.8645 1 7 3527 
hight 0.8540 1 7 3009 
hight 0.8496 1 7 3011 
hight 0.8665 1 6 3046 
hight 0.8669 1 4 3007 
hight 0.8527 1 7 3006 
hight 0.8475 1 7 3024 
hight 0.8634 2 14 6020 
hight 0.8707 1 6 3007 
hight 0.8759 1 5 3004 
hight 0.8833 2 14 5979 
hight 0.8851 2 13 6033 
hight 0.8921 3 21 9120 
hight 0.8914 2 14 8026 
hight 0.9004 1 6 3012 
hight 0.8808 2 13 6008 
hight 0.8843 1 6 3003 
hight 0.8762 1 6 3003 
hight 0.8973 1 6 3005 
hight 0.8881 2 12 6011 
hight 0.8982 1 7 3007 
hight 0.9081 1 6 3269 
hight 0.8844 1 3 3000 
hight 0.8845 1 6 3004 
hight 0.8883 1 7 3010 
hight 0.8805 1 6 3004 
hight 0.8878 2 13 6032 
hight 0.8882 1 7 3048 
hight 0.8840 1 7 3086 
hight 0.8788 3 21 9080 
hight 0.8792 1 5 3019 
hight 0.8737 1 7 3048 
hight 0.8794 1 7 3070 
hight 0.8786 1 6 3004 
hight 0.8829 1 7 3101 
hight 0.8655 1 7 3004 
hight 0.8600 1 6 3022 
hight 0.8663 1 6 3005 
hight 0.8646 1 5 3003 
hight 0.8615 1 7 3073 
hight 0.8611 1 7 3008 
hight 0.8423 1 6 3004 
hight 0.8374 2 13 6712 
hight 0.8419 1 6 3436 
hight 0.8345 1 6 3011 
hight 0.8404 2 12 6011 
hight 0.8350 1 7 3014 
hight 0.8400 1 5 3005 
hight 0.8503 1 6 3005 
hight 0.8468 2 12 6018 
hight 0.8421 1 6 3010 
hight 0.8352 1 7 3022 
hight 0.8369 1 7 2949 
hight 0.8323 1 7 3031 
hight 0.8267 1 7 3010 
hight 0.8242 1 7 3013 
hight 0.8219 1 7 3018 
hight 0.8058 1 6 3010 
hight 0.8099 1 6 3017 
hight 0.8059 1 7 3018 
hight 0.8139 1 6 3008 
hight 0.8152 1 6 3009 
hight 0.8151 2 14 6043 
hight 0.8094 1 6 3010 
hight 0.8092 1 7 3007 
hight 0.8051 1 6 3008 
hight 0.7911 1 7 3016 
hight 0.7867 1 7 3014 
hight 0.7871 1 7 3014 
hight 0.7961 1 6 3009 
hight 0.7945 2 14 6027 
hight 0.7905 1 7 3021 
hight 0.7954 1 7 3022 
hight 0.8008 1 7 3035 
hight 0.8112 1 7 3016 
hight 0.8056 1 6 3008 
hight 0.8015 1 7 3014 
hight 0.8126 1 7 3032 
hight 0.8162 1 7 3029 
hight 0.8146 1 7 3074 
hight 0.8073 1 7 3026 
hight 0.8028 1 7 3012 
hight 0.8063 1 7 3018 
hight 0.8110 1 7 3032 
hight 0.8137 1 7 3016 
hight 0.8145 1 7 3011 
hight 0.8223 1 7 3085 
hight 0.8324 2 14 6031 
hight 0.8438 1 6 3011 
hight 0.8584 1 7 3011 
hight 0.8714 2 12 6015 
hight 0.8679 1 7 3013 
hight 0.8682 1 6 3006 
hight 0.8813 1 6 3011 
hight 0.8681 1 6 3007 
hight 0.8791 1 6 3009 
hight 0.8744 1 7 3007 
hight 0.8597 1 6 3008 
hight 0.8491 1 7 2950 
hight 0.8557 1 7 3013 
hight 0.8596 2 14 6020 
hight 0.8536 1 7 3008 
hight 0.8494 1 6 3010 
hight 0.8521 1 5 3004 
hight 0.8595 2 14 6020 
hight 0.8582 2 13 6086 
hight 0.8588 2 12 6024 
hight 0.8592 1 7 3131 
hight 0.8666 1 7 3011 
hight 0.8705 1 7 3736 
hight 0.8708 1 7 3016 
hight 0.8704 1 7 3021 
hight 0.8764 1 7 3013 
hight 0.8728 1 7 3014 
hight 0.8621 1 7 3017 
hight 0.8648 1 6 3009 
hight 0.8462 1 7 3054 
hight 0.8437 1 7 3019 
hight 0.8457 1 7 3021 
hight 0.8444 1 7 3022 
hight 0.8473 1 7 3021 
hight 0.8497 1 7 3030 
hight 0.8448 1 7 3025 
hight 0.8461 1 7 3026 
hight 0.8413 1 7 3048 
hight 0.8384 1 7 3030 
hight 0.8464 2 14 7470 
hight 0.8389 1 7 4760 
hight 0.8329 1 7 4456 
hight 0.8347 1 7 3018 
hight 0.8304 1 7 3018 
hight 0.8348 2 14 6037 
hight 0.8298 1 7 3028 
hight 0.8283 1 7 3022 
hight 0.8266 2 13 6038 
hight 0.8398 1 7 3009 
hight 0.8394 1 7 3015 
hight 0.8361 1 7 2960 
hight 0.8311 1 7 3024 
hight 0.8308 1 7 3020 
hight 0.8257 1 7 3032 
hight 0.8233 1 7 3016 
hight 0.8247 1 7 3018 
hight 0.8181 1 7 3017 
hight 0.8143 1 7 3023 
hight 0.8148 1 7 3022 
hight 0.8084 1 7 3017 
hight 0.8022 1 7 3021 
hight 0.7978 1 7 3015 
hight 0.7979 1 7 3020 
hight 0.7932 1 7 3018 
hight 0.7937 1 7 3013 
hight 0.7983 1 7 3026 
hight 0.7996 1 7 3030 
hight 0.8034 1 7 3040 
hight 0.8014 1 7 3028 
hight 0.8035 1 7 3088 
hight 0.8064 1 7 3027 
hight 0.7967 1 6 5953 
hight 0.7787 1 7 10080 
hight 0.7872 1 7 3088 
hight 0.7959 1 7 3022 
hight 0.8045 1 6 3020 
hight 0.7923 1 7 3108 
hight 0.7862 2 13 6036 
hight 0.8021 1 6 3024 
hight 0.8037 1 7 3056 
hight 0.7975 1 7 3053 
hight 0.7928 1 7 3056 
hight 0.8004 1 7 3061 
hight 0.7864 1 7 4795 
hight 0.7873 1 7 5846 
hight 0.7780 1 7 3055 
hight 0.7711 1 7 3056 
hight 0.7590 1 7 4431 
hight 0.7453 1 7 3050 
hight 0.7433 1 7 3052 
hight 0.7343 1 7 3060 
hight 0.7284 1 7 3067 
hight 0.7215 1 7 3045 
hight 0.7370 2 14 6089 
hight 0.7383 1 6 2952 
hight 0.7378 1 7 3015 
hight 0.7312 1 7 3009 
hight 0.7229 1 7 3011 
hight 0.7210 1 5 3009 
hight 0.7417 1 6 3013 
hight 0.7481 1 6 3007 
hight 0.7282 1 6 3007 
hight 0.7185 1 7 3012 
hight 0.7300 1 7 3007 
hight 0.7361 1 7 3011 
hight 0.7211 1 7 3012 
hight 0.7164 1 7 3012 
hight 0.7136 1 7 3010 
hight 0.7157 1 7 3013 
hight 0.7097 1 7 3010 
hight 0.7115 1 7 3009 
hight 0.7168 1 5 3013 
hight 0.7416 1 6 3007 
hight 0.7394 1 7 3010 
hight 0.7385 1 6 3011 
hight 0.7355 1 7 3009 
hight 0.7357 1 6 3008 
hight 0.7434 1 5 3008 
hight 0.7440 1 7 3012 
hight 0.7471 1 7 3016 
hight 0.7248 1 7 3014 
hight 0.7195 1 7 3018 
hight 0.7108 1 7 3013 
hight 0.7277 1 6 3009 
hight 0.7299 1 7 3018 
hight 0.7410 1 6 3008 
hight 0.7406 1 7 4517 
hight 0.7415 1 6 4571 
hight 0.7553 1 7 3011 
hight 0.7710 1 5 3004 
hight 0.7753 1 5 3006 
hight 0.7664 1 7 3013 
hight 0.7847 1 7 3019 
hight 0.7893 1 5 3008 
hight 0.7925 1 6 3010 
hight 0.7810 1 7 3012 
hight 0.7859 1 7 3015 
hight 0.8053 1 6 3009 
hight 0.8115 1 6 3008 
hight 0.7992 2 12 6017 
hight 0.7913 1 7 3008 
hight 0.7919 1 7 3015 
hight 0.7918 1 7 3015 
hight 0.7830 1 7 3024 
hight 0.7694 1 7 3029 
hight 0.7903 1 6 3032 
hight 0.7984 1 6 3010 
hight 0.8378 1 5 3004 
hight 0.8546 2 13 6025 
hight 0.8624 1 7 3005 
hight 0.8422 1 7 3249 
hight 0.8486 1 7 3007 
hight 0.8723 1 7 3010 
hight 0.8690 2 13 6025 
hight 0.8576 1 7 3007 
hight 0.8524 1 7 3011 
hight 0.8532 1 6 3009 
hight 0.8628 1 6 3010 
hight 0.8809 1 7 3013 
hight 0.9266 1 7 3008 
hight 0.9042 1 7 3068 
hight 0.9046 1 6 3019 
hight 0.9022 1 6 3012 
hight 0.8636 1 7 3019 
hight 0.8591 1 7 3018 
hight 0.8558 1 5 3016 
hight 0.8447 1 7 3017 
hight 0.8538 1 7 3798 
hight 0.8638 2 12 6508 
hight 0.8758 1 5 3013 
hight 0.8848 2 11 6029 
hight 0.8701 1 7 3015 
hight 0.8631 1 5 3016 
hight 0.8642 2 13 6030 
hight 0.8680 2 14 6037 
hight 0.8785 1 7 3021 
hight 0.8755 1 6 3015 
hight 0.8695 1 7 2962 
hight 0.8587 1 7 3009 
hight 0.8510 1 6 3013 
hight 0.8528 1 6 3006 
hight 0.8673 1 6 3004 
hight 0.8747 1 7 3022 
hight 0.8765 1 7 3022 
hight 0.8863 1 6 3010 
hight 0.8861 2 14 6034 
hight 0.8931 2 14 6039 
hight 0.8945 1 7 3013 
hight 0.8993 1 7 3020 
hight 0.8974 1 7 3019 
hight 0.9086 1 7 3013 
hight 0.9130 1 6 3007 
hight 0.9175 1 6 3014 
hight 0.9304 1 7 3026 
hight 0.9267 1 7 3016 
hight 0.9201 1 7 3007 
hight 0.9036 1 7 3011 
hight 0.8886 1 6 3007 
hight 0.8879 1 7 3015 
hight 0.8991 1 7 3018 
hight 0.9030 1 7 3011 
hight 0.9021 1 6 3008 
hight 0.8971 1 7 3075 
hight 0.8934 2 13 6105 
hight 0.8972 2 13 6047 
hight 0.9008 1 7 3023 
hight 0.8979 1 7 3697 
hight 0.8875 1 7 3047 
hight 0.8889 1 7 4525 
hight 0.8923 2 14 6048 
hight 0.8905 1 7 3027 
hight 0.8831 1 7 3037 
hight 0.8907 1 7 3251 
hight 0.8908 1 7 3046 
hight 0.8915 1 7 3011 
hight 0.8948 1 7 3006 
hight 0.8965 1 7 3016 
hight 0.8877 1 7 3011 
hight 0.8795 2 12 6036 
hight 0.8790 1 7 3015 
hight 0.8757 1 7 3011 
hight 0.8738 1 7 3014 
hight 0.8821 1 7 4265 
hight 0.8835 1 7 3014 
hight 0.8787 1 7 3008 
hight 0.8836 1 6 3011 
hight 0.8823 2 14 6044 
hight 0.8820 1 7 3019 
hight 0.8888 1 6 3009 
hight 0.8896 1 7 3023 
hight 0.8912 1 6 3024 
hight 0.8956 1 7 3023 
hight 0.9027 1 7 3038 
hight 0.8995 1 7 3029 
hight 0.9089 1 6 3022 
hight 0.9045 2 14 6046 
hight 0.8935 1 7 3031 
hight 0.8992 1 7 3028 
hight 0.8944 1 7 3026 
hight 0.8916 1 7 3021 
hight 0.8854 1 7 3027 
hight 0.8928 1 7 3024 
hight 0.8942 1 6 3023 
hight 0.9053 1 7 3205 
hight 0.9057 1 7 3210 
hight 0.9109 1 6 3005 
hight 0.9059 1 6 3008 
hight 0.8887 1 7 3012 
hight 0.8780 1 7 3025 
hight 0.8810 1 7 3029 
hight 0.8726 1 7 3015 
hight 0.8674 1 7 3019 
hight 0.8719 1 7 3019 
hight 0.8643 1 7 2951 
hight 0.8650 1 7 3018 
hight 0.8658 1 7 3021 
hight 0.8676 1 7 3010 
hight 0.8604 1 7 3016 
hight 0.8900 1 7 3015 
hight 0.8930 1 7 3014 
hight 0.8962 1 7 3011 
hight 0.8990 1 7 3013 
hight 0.9000 1 7 3016 
hight 0.9188 1 7 3015 
low 0.6212 1 7 3186 
low 0.6291 1 7 3230 
low 0.6308 2 12 6404 
low 0.6270 1 7 3259 
low 0.6329 2 14 9647 
low 0.6317 1 7 3193 
low 0.6228 1 7 3455 
low 0.6238 1 7 3182 
low 0.6290 1 7 3260 
low 0.6218 2 14 6287 
low 0.6128 2 14 6614 
low 0.6173 1 7 3180 
low 0.6124 2 14 9937 
low 0.6122 1 7 3070 
low 0.6187 1 7 3235 
low 0.6170 1 7 3244 
low 0.6151 1 7 3186 
low 0.6049 1 7 3168 
low 0.6001 1 7 3408 
low 0.5954 2 14 6656 
low 0.6025 1 7 3193 
low 0.6088 2 14 9061 
low 0.6002 1 7 3153 
low 0.5958 1 7 3126 
low 0.6048 1 7 3228 
low 0.6083 1 7 3306 
low 0.6121 2 14 9677 
low 0.6133 1 7 3532 
low 0.6171 1 7 3460 
low 0.6283 1 7 3266 
low 0.6265 1 7 3537 
low 0.6070 1 7 3250 
low 0.6146 1 7 3314 
low 0.6239 2 14 8950 
low 0.6159 1 7 3329 
low 0.6177 1 7 3202 
low 0.6222 1 7 3131 
low 0.6217 1 7 3170 
low 0.6199 1 7 3237 
low 0.6134 1 7 3189 
low 0.6097 1 7 3366 
low 0.6098 1 7 3390 
low 0.6184 2 14 11083 
low 0.6211 1 7 5938 
low 0.6176 1 7 5874 
low 0.6058 1 7 6786 
low 0.6053 1 7 8548 
low 0.6111 1 7 5667 
low 0.6069 1 7 6193 
low 0.6107 1 7 6349 
low 0.6082 1 7 6178 
low 0.6084 1 7 6230 
low 0.6085 1 7 6022 
low 0.6112 1 7 6057 
low 0.6167 1 7 6015 
low 0.6127 1 7 6160 
low 0.6099 1 7 6172 
low 0.6100 1 7 6492 
low 0.6109 1 7 6704 
low 0.6115 1 7 6795 
low 0.6129 1 7 6739 
low 0.6157 1 7 6675 
low 0.6206 1 7 6482 
low 0.6209 1 7 6338 
low 0.6293 1 7 6463 
low 0.6352 1 7 6213 
low 0.6415 1 7 6209 
low 0.6364 1 7 6276 
low 0.6379 1 7 6237 
low 0.6408 1 7 5884 
low 0.6387 1 7 6126 
low 0.6351 1 7 6242 
low 0.6311 1 7 6080 
low 0.6241 1 7 5713 
low 0.6273 1 7 5936 
low 0.6359 1 7 5720 
low 0.6363 1 7 6129 
low 0.6322 1 7 6189 
low 0.6260 1 7 6181 
low 0.6244 1 7 6138 
low 0.6282 1 7 6050 
low 0.6255 1 7 6264 
low 0.6245 1 7 6721 
low 0.6294 1 7 6804 
low 0.6252 1 7 6807 
low 0.6277 1 7 6917 
low 0.6306 1 7 7026 
low 0.6344 1 7 6584 
low 0.6302 1 7 6623 
low 0.6340 1 7 6632 
low 0.6346 1 7 6603 
low 0.6389 1 7 6225 
low 0.6384 1 7 6433 
low 0.6463 1 7 8113 
low 0.6468 1 7 6959 
low 0.6484 1 7 6194 
low 0.6560 1 7 6447 
low 0.6588 1 7 6599 
low 0.6512 1 7 6432 
low 0.6548 1 7 6336 
low 0.6623 2 14 9518 
low 0.6706 2 14 9312 
low 0.6796 1 7 6394 
low 0.6815 1 7 6187 
low 0.6727 3 21 11728 
low 0.6714 2 14 8500 
low 0.6756 2 14 8871 
low 0.6811 2 14 8531 
low 0.6813 2 14 8727 
low 0.6866 1 7 6197 
low 0.6882 1 7 5721 
low 0.6936 1 7 5584 
low 0.7062 1 7 5303 
low 0.7012 2 14 8438 
low 0.7102 1 7 5612 
low 0.7146 1 7 5215 
low 0.7009 1 7 5314 
low 0.6984 2 14 8522 
low 0.6905 3 21 13105 
low 0.6862 2 14 8578 
low 0.6855 2 14 8853 
low 0.6907 1 7 5063 
low 0.6994 1 7 4739 
low 0.7036 2 13 7963 
low 0.6954 1 7 5156 
low 0.7020 1 7 4938 
low 0.6982 1 7 5119 
low 0.6889 3 21 10881 
low 0.6886 1 7 5393 
low 0.6871 2 14 7774 
low 0.6985 1 7 4815 
low 0.6922 1 7 4663 
low 0.6897 2 14 7701 
low 0.6943 1 7 4819 
low 0.6996 1 7 4892 
low 0.6913 4 28 13852 
low 0.6865 1 7 5063 
low 0.6806 1 7 5174 
low 0.6803 1 7 5194 
low 0.6933 2 14 8103 
low 0.6931 1 7 5247 
low 0.6979 1 7 5075 
low 0.6960 1 7 4881 
low 0.6995 1 7 5273 
low 0.7004 1 7 7140 
low 0.6983 2 14 8935 
low 0.6890 1 7 3075 
low 0.6868 2 14 6027 
low 0.6778 2 14 6076 
low 0.6731 1 7 3062 
low 0.6697 1 7 3053 
low 0.6633 1 7 3063 
low 0.6610 1 7 3064 
low 0.6650 1 7 3068 
low 0.6639 2 14 6037 
low 0.6564 1 7 3039 
low 0.6546 1 7 3058 
low 0.6557 1 7 3059 
low 0.6622 1 7 3045 
low 0.6638 2 14 6107 
low 0.6686 1 7 3049 
low 0.6667 1 7 3049 
low 0.6542 1 7 3015 
low 0.6547 1 7 3023 
low 0.6637 1 7 3027 
low 0.6665 1 7 3025 
low 0.6631 1 7 3030 
low 0.6627 1 7 3029 
low 0.6583 1 7 3030 
low 0.6578 1 7 3021 
low 0.6590 1 7 3030 
low 0.6669 1 7 3022 
low 0.6708 1 7 3033 
low 0.6703 1 7 3020 
low 0.6750 1 7 3022 
low 0.6783 1 7 3032 
low 0.6777 1 7 3019 
low 0.6781 2 14 6047 
low 0.6789 1 7 3024 
low 0.6850 1 7 3034 
low 0.6895 1 7 3083 
low 0.6898 1 7 3027 
low 0.6944 1 7 3027 
low 0.6946 1 7 3029 
low 0.6873 1 7 3040 
low 0.6869 1 7 3037 
low 0.6841 1 7 3022 
low 0.6923 1 7 3023 
low 0.7042 2 14 7359 
low 0.6967 1 7 3027 
low 0.6969 1 7 3019 
low 0.6893 2 14 6054 
low 0.6847 1 7 3014 
low 0.6853 1 7 3036 
low 0.6864 1 7 3027 
low 0.6860 1 7 3013 
low 0.6854 1 7 3026 
low 0.6883 1 7 2972 
low 0.6824 2 14 6044 
low 0.6794 1 7 3026 
low 0.6736 2 14 6035 
low 0.6773 1 7 3036 
low 0.6793 1 7 3018 
low 0.6762 2 14 6104 
low 0.6682 1 7 3021 
low 0.6655 1 7 3011 
low 0.6629 1 7 3027 
low 0.6607 1 7 3028 
low 0.6624 1 7 3015 
low 0.6772 1 7 3025 
low 0.6840 2 14 6048 
low 0.6892 2 14 6036 
low 0.6880 2 14 6031 
low 0.6875 2 14 6035 
low 0.6804 1 7 3017 
low 0.6763 1 7 3029 
low 0.6780 2 13 6035 
low 0.6759 1 7 3026 
low 0.6711 3 21 9068 
low 0.6738 1 6 3016 
low 0.6768 1 7 3025 
low 0.6770 1 7 3036 
low 0.6819 2 14 6049 
low 0.6748 4 28 12089 
low 0.6739 2 14 6039 
low 0.6704 1 7 3023 
low 0.6749 1 7 3009 
low 0.6825 1 7 3026 
low 0.6719 1 7 3015 
low 0.6741 2 14 6050 
low 0.6752 3 21 9026 
low 0.6843 1 7 3023 
low 0.6823 2 14 6045 
low 0.6808 2 14 6056 
low 0.6842 1 7 3015 
low 0.6814 2 14 6043 
low 0.6784 1 7 3018 
low 0.6817 1 7 3016 
low 0.6790 2 14 6045 
low 0.6792 1 7 3019 
low 0.6852 1 7 3027 
low 0.6826 2 14 6042 
low 0.6797 1 6 3017 
low 0.6751 1 7 3016 
low 0.6798 2 14 6043 
low 0.6809 1 6 3020 
low 0.6903 1 7 3028 
low 0.6835 1 7 3027 
low 0.6720 2 14 6048 
low 0.6723 2 14 6058 
low 0.6733 2 14 6069 
low 0.6760 1 7 3026 
low 0.6683 1 7 3021 
low 0.6690 2 14 6034 
low 0.6696 1 7 3028 
low 0.6688 2 14 6047 
low 0.6668 1 7 3079 
low 0.6675 1 7 3034 
low 0.6692 1 7 3031 
low 0.6742 3 21 9045 
low 0.6715 1 7 3015 
low 0.6728 2 13 6029 
low 0.6694 1 7 4403 
low 0.6695 2 14 7413 
low 0.6575 1 7 3017 
low 0.6533 1 7 3025 
low 0.6566 1 7 3028 
low 0.6572 1 7 3019 
low 0.6582 1 7 3030 
low 0.6676 1 7 3024 
low 0.6717 1 7 3019 
low 0.6769 1 7 3032 
low 0.6745 1 6 3020 
low 0.6807 1 7 3023 
low 0.6754 2 14 6047 
low 0.6766 1 7 3027 
low 0.6687 1 7 3018 
low 0.6677 1 7 3023 
low 0.6718 1 7 3011 
low 0.6744 1 7 3042 
low 0.6802 1 7 3014 
low 0.6929 1 7 3014 
low 0.6925 1 7 3029 
low 0.6942 1 7 3024 
low 0.6935 2 14 6084 
low 0.6917 1 7 3015 
low 0.6948 1 7 3009 
low 0.7041 1 6 3011 
low 0.7159 1 7 3033 
low 0.7087 1 7 3011 
low 0.7150 1 7 3020 
low 0.7112 1 7 3023 
low 0.7128 1 7 4405 
low 0.7270 1 7 5832 
low 0.7344 1 7 3023 
low 0.7445 1 7 3015 
low 0.7395 1 7 3015 
low 0.7389 1 7 3012 
low 0.7411 1 7 3015 
low 0.7423 1 7 3024 
low 0.7402 1 6 3011 
low 0.7514 1 7 3019 
low 0.7535 1 7 3008 
low 0.7594 2 14 6067 
low 0.7625 1 6 3008 
low 0.7744 1 6 3013 
low 0.7779 1 7 2948 
low 0.7821 1 7 3011 
low 0.7960 1 7 3016 
low 0.7874 1 6 3007 
low 0.7827 1 7 3011 
low 0.7764 2 14 7809 
low 0.7820 1 7 3012 
low 0.7923 2 14 6051 
low 0.7924 1 6 3019 
low 0.7831 2 13 6067 
low 0.7864 1 6 3010 
low 0.7859 1 7 3013 
low 0.7846 2 10 6015 
low 0.7869 1 6 3016 
low 0.7900 3 20 9093 
low 0.7922 1 7 3016 
low 0.7905 1 7 3014 
low 0.7839 1 7 3020 
low 0.7844 1 7 3014 
low 0.7791 1 7 3014 
low 0.7849 2 14 6033 
low 0.7897 1 6 3007 
low 0.7959 2 13 6015 
low 0.8002 1 5 3003 
low 0.7906 1 6 3002 
low 0.7842 1 7 3007 
low 0.7700 1 7 3004 
low 0.7717 1 3 2999 
low 0.7692 2 13 6016 
low 0.7816 1 5 3072 
low 0.7805 1 5 3005 
low 0.8004 2 12 6033 
low 0.8128 1 5 3001 
low 0.8335 1 4 3001 
low 0.8233 1 5 3002 
low 0.8507 2 12 6018 
low 0.8723 1 6 3004 
low 0.8984 2 12 6013 
low 0.9433 1 6 4613 
low 0.9020 1 5 4680 
low 0.8836 2 10 6036 
low 0.8843 1 4 3001 
low 0.9263 1 3 3000 
low 0.8822 1 5 3001 
low 0.8637 2 12 6055 
low 0.8810 3 13 9003 
low 0.8727 2 12 6032 
low 0.8852 1 5 3003 
low 0.9143 1 6 3003 
low 0.9156 1 3 3001 
low 0.9161 1 6 2944 
low 0.8988 1 5 3004 
low 0.8887 1 6 3005 
low 0.8784 1 5 3001 
low 0.8825 1 5 3006 
low 0.8762 2 11 6021 
low 0.8763 4 25 12110 
low 0.8721 2 14 6015 
low 0.8600 2 11 6010 
low 0.8574 2 13 6019 
low 0.8420 1 7 3008 
low 0.8398 1 7 3010 
low 0.8435 1 6 3009 
low 0.8511 1 6 3006 
low 0.8535 1 7 3009 
low 0.8549 1 6 3004 
low 0.8572 1 7 3006 
low 0.8461 3 21 9073 
low 0.8454 2 13 6028 
low 0.8521 1 5 3006 
low 0.8528 3 20 9071 
low 0.8745 2 14 6025 
low 0.8702 2 9 6008 
low 0.8881 1 6 3006 
low 0.8982 1 4 3001 
low 0.9076 1 6 3004 
low 0.9158 1 6 3013 
low 0.9068 1 6 3005 
low 0.8995 1 5 3061 
low 0.8910 1 6 3002 
low 0.8895 1 6 3005 
low 0.8832 1 7 3007 
low 0.8976 1 6 3008 
low 0.8989 1 6 3011 
low 0.8925 2 13 6023 
low 0.8849 1 5 3002 
low 0.8912 1 6 4629 
low 0.8855 3 20 10656 
low 0.8920 1 7 3009 
low 0.8710 3 21 9057 
low 0.8648 2 13 6024 
low 0.8686 1 6 3004 
low 0.8656 1 7 3012 
low 0.8661 1 5 3003 
low 0.8750 1 6 3004 
low 0.8978 1 7 3009 
low 0.9023 1 6 3005 
low 0.8913 2 13 6026 
low 0.8878 1 7 2948 
low 0.8704 1 7 3011 
low 0.8732 1 7 3012 
low 0.8601 2 13 6030 
low 0.8564 1 5 3007 
low 0.8425 2 10 6012 
low 0.8443 2 11 6014 
low 0.8493 1 6 3003 
low 0.8321 1 5 3008 
low 0.8209 1 6 3005 
low 0.8208 2 13 6018 
low 0.8273 1 6 3007 
low 0.8065 1 6 3007 
low 0.8088 1 7 3010 
low 0.8289 1 5 3006 
low 0.8318 1 7 3006 
low 0.8315 2 12 6025 
low 0.8253 1 7 3011 
low 0.8272 2 14 6039 
low 0.8172 1 7 3019 
low 0.8140 1 7 3040 
low 0.8153 1 7 3011 
low 0.8247 1 7 3030 
low 0.8200 1 7 3026 
low 0.8308 1 7 3045 
low 0.8560 2 11 6155 
low 0.8687 1 7 3168 
low 0.8703 1 6 3010 
low 0.8726 3 21 9085 
low 0.8650 1 7 3070 
low 0.8587 1 7 3015 
low 0.8448 2 12 6500 
low 0.8338 1 6 3160 
low 0.8332 2 13 6030 
low 0.8346 1 7 3028 
low 0.8444 3 20 9028 
low 0.8459 2 14 6543 
low 0.8502 2 14 6542 
low 0.8283 1 7 3009 
low 0.8298 2 14 6036 
low 0.8375 1 6 3046 
low 0.8508 1 4 3007 
low 0.8386 1 6 3007 
low 0.8354 2 14 6025 
low 0.8356 1 7 3024 
low 0.8533 2 13 6021 
low 0.8659 1 5 3004 
low 0.8652 2 14 5976 
low 0.8712 1 6 3009 
low 0.8717 1 6 3008 
low 0.8740 1 7 3063 
low 0.8777 2 14 6081 
low 0.8845 1 6 3012 
low 0.8718 2 13 6108 
low 0.8671 2 14 6030 
low 0.8662 1 6 3003 
low 0.8609 1 6 3003 
low 0.8742 3 20 9031 
low 0.8782 1 6 3005 
low 0.8720 1 5 3005 
low 0.8847 2 14 6035 
low 0.8964 2 13 6474 
low 0.8747 1 7 3011 
low 0.8760 3 21 9058 
low 0.8698 1 6 3004 
low 0.8641 1 6 3003 
low 0.8729 1 7 3010 
low 0.8651 2 12 6014 
low 0.8731 3 20 9113 
low 0.8529 1 7 3086 
low 0.8649 1 5 3019 
low 0.8590 1 5 3029 
low 0.8688 2 14 6107 
low 0.8668 1 6 3004 
low 0.8546 1 7 3101 
low 0.8555 1 7 3004 
low 0.8483 1 6 3022 
low 0.8518 2 13 6078 
low 0.8527 1 5 3003 
low 0.8400 2 14 6018 
low 0.8337 2 12 6010 
low 0.8300 1 6 3702 
low 0.8326 2 13 6441 
low 0.8219 1 6 3011 
low 0.8237 1 7 3010 
low 0.8281 2 12 6025 
low 0.8279 1 6 3005 
low 0.8262 1 7 3014 
low 0.8328 2 13 7462 
low 0.8275 1 5 3005 
low 0.8376 1 6 3005 
low 0.8312 1 6 3011 
low 0.8322 1 6 3010 
low 0.8297 1 7 2949 
low 0.8292 1 7 3027 
low 0.8227 1 7 3031 
low 0.8142 1 7 3013 
low 0.8120 1 7 3018 
low 0.8033 2 14 6021 
low 0.7951 1 6 3010 
low 0.7948 1 6 3017 
low 0.7978 1 7 3018 
low 0.7969 2 13 6024 
low 0.8010 1 6 3009 
low 0.8021 1 7 3021 
low 0.7982 2 13 6036 
low 0.7983 1 7 3007 
low 0.7890 2 13 6149 
low 0.7829 2 14 5975 
low 0.7761 1 7 3014 
low 0.7776 1 7 3014 
low 0.7822 1 6 3009 
low 0.7826 1 7 3013 
low 0.7810 1 7 3021 
low 0.7875 1 5 3006 
low 0.7885 1 7 3035 
low 0.7934 1 6 3008 
low 0.7921 1 7 3014 
low 0.7994 1 7 3017 
low 0.8020 1 7 3032 
low 0.8106 1 7 3029 
low 0.7999 1 7 3074 
low 0.7958 2 14 6029 
low 0.7998 1 7 3018 
low 0.8060 2 14 6028 
low 0.8113 1 7 4784 
low 0.8101 1 7 3085 
low 0.8083 1 7 3013 
low 0.8131 1 7 3011 
low 0.8264 2 13 6029 
low 0.8377 1 7 3011 
low 0.8551 1 6 3008 
low 0.8569 2 13 6021 
low 0.8586 1 6 3007 
low 0.8617 2 13 6034 
low 0.8503 1 7 3007 
low 0.8456 1 6 3008 
low 0.8409 1 7 2950 
low 0.8433 1 7 3013 
low 0.8488 2 14 6017 
low 0.8501 2 14 6023 
low 0.8396 1 7 3008 
low 0.8399 1 6 3010 
low 0.8429 1 7 3014 
low 0.8419 1 5 3004 
low 0.8516 1 7 3010 
low 0.8500 1 7 3010 
low 0.8475 2 14 6031 
low 0.8468 1 6 3011 
low 0.8469 2 10 6020 
low 0.8467 1 7 3131 
low 0.8480 1 7 3011 
low 0.8573 1 7 3736 
low 0.8580 1 7 3016 
low 0.8585 1 7 3021 
low 0.8616 1 7 3013 
low 0.8390 2 13 6071 
low 0.8350 1 7 3021 
low 0.8330 1 7 3022 
low 0.8427 1 5 3012 
low 0.8431 1 7 3030 
low 0.8482 2 14 6026 
low 0.8355 1 7 3026 
low 0.8314 1 7 3048 
low 0.8250 1 7 3030 
low 0.8361 1 7 3014 
low 0.8299 2 14 8009 
low 0.8269 1 7 4456 
low 0.8229 2 14 6038 
low 0.8212 1 7 3016 
low 0.8166 1 7 3018 
low 0.8186 1 7 3020 
low 0.8156 1 7 3028 
low 0.8213 1 7 3022 
low 0.8189 1 7 3014 
low 0.8202 1 7 3019 
low 0.8323 1 7 3009 
low 0.8327 1 7 3015 
low 0.8245 1 7 2960 
low 0.8231 1 7 3024 
low 0.8196 1 6 3024 
low 0.8199 1 7 3032 
low 0.8193 1 7 3016 
low 0.8133 1 7 3018 
low 0.8118 1 7 3017 
low 0.8080 1 7 3023 
low 0.8104 1 7 3022 
low 0.8062 1 7 3022 
low 0.7967 1 7 3021 
low 0.7971 1 7 3016 
low 0.7913 1 7 3015 
low 0.7909 1 7 3020 
low 0.7887 1 7 3018 
low 0.7872 2 14 6074 
low 0.7907 1 7 3026 
low 0.7916 1 7 3030 
low 0.7950 1 7 3028 
low 0.7901 1 7 3088 
low 0.7938 1 7 3027 
low 0.7786 2 13 16033 
low 0.7765 1 7 3088 
low 0.7876 1 6 3020 
low 0.7860 2 14 6122 
low 0.7798 1 7 3035 
low 0.7797 1 7 3025 
low 0.7800 1 6 3024 
low 0.7895 1 7 3053 
low 0.7812 1 7 3059 
low 0.7743 1 7 5846 
low 0.7755 1 7 3052 
low 0.7403 1 7 3056 
low 0.7440 1 7 4431 
low 0.7407 1 7 3051 
low 0.7371 1 7 3050 
low 0.7315 1 7 3052 
low 0.7238 1 7 3060 
low 0.7084 1 7 3067 
low 0.7152 1 7 3018 
low 0.7221 1 6 2952 
low 0.7229 1 7 3015 
low 0.7180 1 7 3009 
low 0.7162 1 7 3011 
low 0.7115 1 5 3009 
low 0.7135 1 6 3013 
low 0.7139 1 6 3007 
low 0.7121 1 6 3007 
low 0.7059 2 14 6022 
low 0.7054 1 7 3007 
low 0.7251 1 7 3238 
low 0.7175 1 7 3011 
low 0.7080 1 7 3012 
low 0.6986 1 7 3012 
low 0.7035 1 7 3011 
low 0.6962 1 7 3013 
low 0.6949 1 7 3009 
low 0.7025 1 5 3013 
low 0.7252 1 7 3010 
low 0.7240 1 6 3011 
low 0.7239 2 13 6017 
low 0.7195 1 6 3008 
low 0.7234 1 5 3008 
low 0.7353 1 7 3012 
low 0.7331 1 7 3022 
low 0.7303 1 7 3016 
low 0.7167 1 7 3071 
low 0.7098 1 7 3014 
low 0.6988 1 7 3013 
low 0.6981 1 7 3017 
low 0.7002 1 6 3014 
low 0.7029 1 6 3009 
low 0.7202 1 7 3018 
low 0.7308 1 7 4517 
low 0.7312 1 6 4571 
low 0.7318 1 7 3011 
low 0.7467 1 5 3004 
low 0.7525 2 12 6025 
low 0.7539 1 7 3013 
low 0.7694 1 5 3008 
low 0.7707 1 6 3011 
low 0.7758 1 6 3010 
low 0.7654 2 12 6019 
low 0.7773 1 6 3008 
low 0.7833 1 6 3009 
low 0.7880 1 7 3013 
low 0.7733 1 7 3008 
low 0.7737 1 7 3015 
low 0.7799 1 7 3015 
low 0.7609 1 7 3024 
low 0.7563 1 7 3029 
low 0.7669 1 6 3032 
low 0.7794 1 6 3010 
low 0.7599 1 5 3004 
low 0.8204 1 7 3008 
low 0.8252 1 6 3007 
low 0.8348 1 7 3007 
low 0.8343 1 6 3013 
low 0.8515 1 7 3010 
low 0.8561 1 6 3006 
low 0.8485 1 7 3007 
low 0.8334 1 7 3011 
low 0.8373 1 6 3009 
low 0.8470 1 6 3010 
low 0.8588 1 7 3013 
low 0.8775 1 7 3008 
low 0.8879 1 6 3008 
low 0.8894 1 7 3068 
low 0.8857 1 6 3019 
low 0.8568 1 6 3012 
low 0.8490 1 7 3019 
low 0.8303 1 6 3015 
low 0.8340 1 5 3016 
low 0.8336 1 7 3017 
low 0.8397 1 7 3798 
low 0.8481 1 5 3013 
low 0.8624 1 4 3013 
low 0.8492 1 6 3017 
low 0.8440 1 7 3020 
low 0.8402 1 6 3017 
low 0.8509 1 7 3020 
low 0.8604 1 7 2962 
low 0.8486 1 7 3009 
low 0.8403 1 7 3018 
low 0.8383 1 7 3011 
low 0.8524 1 6 3004 
low 0.8683 1 7 3022 
low 0.8756 1 6 3020 
low 0.8755 1 7 3016 
low 0.8828 2 14 7545 
low 0.8889 1 7 3019 
low 0.9006 1 6 3007 
low 0.9062 1 6 3014 
low 0.9159 1 7 3026 
low 0.9131 1 7 3016 
low 0.8772 1 7 3011 
low 0.8757 1 6 3007 
low 0.8848 2 14 6034 
low 0.8885 1 6 3008 
low 0.8798 2 13 6048 
low 0.8840 1 7 3023 
low 0.8846 1 7 3697 
low 0.8754 1 7 3047 
low 0.8690 1 7 3024 
low 0.8853 2 13 7959 
low 0.8808 1 7 3029 
low 0.8812 1 7 3024 
low 0.8716 2 14 6270 
low 0.8804 1 7 3011 
low 0.8770 2 14 6031 
low 0.8676 1 5 2949 
low 0.8711 2 14 6023 
low 0.8691 1 7 3011 
low 0.8619 1 7 3014 
low 0.8642 1 7 3011 
low 0.8679 1 7 4265 
low 0.8752 1 7 3091 
low 0.8696 2 13 6092 
low 0.8738 1 6 3011 
low 0.8724 1 7 3019 
low 0.8795 1 6 3009 
low 0.8815 2 13 6110 
low 0.8873 1 7 3023 
low 0.8863 2 14 6054 
low 0.8898 1 7 3038 
low 0.8899 1 7 3029 
low 0.8961 1 7 3021 
low 0.8937 1 6 3022 
low 0.8886 1 7 3030 
low 0.8862 1 7 3026 
low 0.8733 1 7 3021 
low 0.8722 1 7 3025 
low 0.8655 1 6 3017 
low 0.8666 1 7 3024 
low 0.8835 1 7 3028 
low 0.8811 1 6 3023 
low 0.8875 1 7 3022 
low 0.8953 1 7 3022 
low 0.8927 1 7 3210 
low 0.8942 1 6 3005 
low 0.8759 1 7 3012 
low 0.8562 1 7 3015 
low 0.8471 1 6 3012 
low 0.8519 1 7 3019 
low 0.8589 2 14 6031 
low 0.8634 1 7 3017 
low 0.8494 1 7 3016 
low 0.8559 1 7 3019 
low 0.8667 1 7 3015 
low 0.8797 1 7 3015 
low 0.8833 1 7 3014 
low 0.8870 1 7 3022 
low 0.8871 1 7 3011 
low 0.8919 1 7 3013 
low 0.8952 1 7 3016 
low 0.8954 1 7 3016 
low 0.8951 1 7 3021 
low 0.8890 1 7 3015 
close 0.6337 1 7 3186 
close 0.6398 2 14 9853 
close 0.6368 1 5 3064 
close 0.6332 1 7 3259 
close 0.6377 1 7 3134 
close 0.6339 1 7 3193 
close 0.6294 1 7 3455 
close 0.6358 2 14 9645 
close 0.6360 1 7 3340 
close 0.6308 1 7 3260 
close 0.6335 1 7 3140 
close 0.6229 1 7 3147 
close 0.6258 2 14 6347 
close 0.6202 2 14 6424 
close 0.6164 1 7 3821 
close 0.6239 2 14 8536 
close 0.6224 1 7 3235 
close 0.6167 1 7 3186 
close 0.6054 1 7 3168 
close 0.6014 1 7 3408 
close 0.6040 1 7 3194 
close 0.6211 1 7 3193 
close 0.6097 1 7 3102 
close 0.6094 1 7 3153 
close 0.6020 1 7 3126 
close 0.6058 2 14 10248 
close 0.6137 2 14 10023 
close 0.6140 1 7 3306 
close 0.6147 2 14 9635 
close 0.6185 1 7 3532 
close 0.6315 1 7 3460 
close 0.6311 2 14 10183 
close 0.6280 1 7 3537 
close 0.6151 1 7 3469 
close 0.6166 1 7 3250 
close 0.6313 1 7 3314 
close 0.6274 1 7 3239 
close 0.6250 1 7 3329 
close 0.6265 1 7 3131 
close 0.6244 1 7 3170 
close 0.6230 1 7 3237 
close 0.6135 1 7 3189 
close 0.6112 1 7 3366 
close 0.6218 1 7 3390 
close 0.6256 1 7 5938 
close 0.6199 1 7 5617 
close 0.6195 1 7 5874 
close 0.6119 1 7 8548 
close 0.6205 1 7 5667 
close 0.6127 2 14 12608 
close 0.6204 1 7 6202 
close 0.6116 2 14 12308 
close 0.6125 2 14 12897 
close 0.6121 2 14 12200 
close 0.6095 1 7 6230 
close 0.6183 1 7 6057 
close 0.6194 1 7 6015 
close 0.6123 1 7 6172 
close 0.6175 1 7 6739 
close 0.6228 1 7 6675 
close 0.6225 1 7 6482 
close 0.6296 1 7 6338 
close 0.6437 1 7 6213 
close 0.6440 1 7 6209 
close 0.6385 1 7 6276 
close 0.6512 1 7 6237 
close 0.6419 1 7 5884 
close 0.6418 1 7 6126 
close 0.6422 1 7 6242 
close 0.6323 1 7 6080 
close 0.6255 1 7 5713 
close 0.6275 1 7 5711 
close 0.6397 1 7 5936 
close 0.6400 1 7 5720 
close 0.6411 2 14 12732 
close 0.6363 1 7 6189 
close 0.6262 1 7 6181 
close 0.6317 1 7 6138 
close 0.6284 1 7 6050 
close 0.6286 1 7 6264 
close 0.6307 1 7 6721 
close 0.6321 2 14 13611 
close 0.6395 1 7 7026 
close 0.6366 1 7 6584 
close 0.6347 2 14 13145 
close 0.6423 1 7 6225 
close 0.6465 1 7 6433 
close 0.6506 1 7 8113 
close 0.6487 1 7 6959 
close 0.6580 1 7 6194 
close 0.6627 1 7 6447 
close 0.6599 1 7 6599 
close 0.6598 1 7 6432 
close 0.6629 1 7 6336 
close 0.6712 1 7 6493 
close 0.6833 1 7 6288 
close 0.6907 2 14 9469 
close 0.6869 2 14 9205 
close 0.6794 1 7 5650 
close 0.6762 1 7 5462 
close 0.6919 1 7 5851 
close 0.6892 1 7 5506 
close 0.6877 4 28 16778 
close 0.6952 1 7 6197 
close 0.6937 2 14 8755 
close 0.7074 1 7 5584 
close 0.7163 1 7 5303 
close 0.7143 1 7 5393 
close 0.7206 1 7 5612 
close 0.7202 1 7 5215 
close 0.7067 1 7 5314 
close 0.7000 1 7 5512 
close 0.6914 1 7 5271 
close 0.6949 2 14 8547 
close 0.6917 3 21 11939 
close 0.7016 2 14 9739 
close 0.7091 1 7 4739 
close 0.7045 1 7 4956 
close 0.7056 1 7 5156 
close 0.7038 1 7 4938 
close 0.7011 1 7 5119 
close 0.6928 2 14 9492 
close 0.6894 2 14 8430 
close 0.7047 2 14 7756 
close 0.7037 1 7 4815 
close 0.7080 1 7 4819 
close 0.7014 1 7 4892 
close 0.6963 1 7 4794 
close 0.6819 1 7 5174 
close 0.6913 2 14 8247 
close 0.7023 1 7 4817 
close 0.6939 1 7 5084 
close 0.6987 2 14 8274 
close 0.7013 1 7 5075 
close 0.7028 1 7 4881 
close 0.7030 1 7 5273 
close 0.7042 2 14 10151 
close 0.6989 1 7 5912 
close 0.6915 2 14 6083 
close 0.6822 1 7 3062 
close 0.6787 3 21 9093 
close 0.6743 1 7 3062 
close 0.6706 1 7 3053 
close 0.6637 2 14 6093 
close 0.6746 2 14 6115 
close 0.6768 1 7 3063 
close 0.6663 2 14 6093 
close 0.6667 1 7 3005 
close 0.6578 1 7 3039 
close 0.6560 1 7 3058 
close 0.6636 1 7 3059 
close 0.6655 1 7 3045 
close 0.6737 2 14 6082 
close 0.6760 3 21 9086 
close 0.6676 1 7 3049 
close 0.6651 1 7 3032 
close 0.6633 1 7 3015 
close 0.6650 1 7 3023 
close 0.6684 1 7 3027 
close 0.6673 1 7 3025 
close 0.6654 1 7 3029 
close 0.6615 1 7 3030 
close 0.6603 1 7 3021 
close 0.6691 1 7 3030 
close 0.6752 3 21 9065 
close 0.6739 2 13 6046 
close 0.6814 1 7 3022 
close 0.6817 1 7 3032 
close 0.6860 2 14 6037 
close 0.6791 3 21 9021 
close 0.6904 1 7 3024 
close 0.6950 1 7 3030 
close 0.6946 1 7 3027 
close 0.7001 1 7 3023 
close 0.6959 1 7 3029 
close 0.6900 1 7 3040 
close 0.6929 2 14 6047 
close 0.7057 1 7 3023 
close 0.7050 2 13 7355 
close 0.6980 1 7 3027 
close 0.6976 1 7 3019 
close 0.6957 1 7 3015 
close 0.6924 1 7 3033 
close 0.6882 2 14 6029 
close 0.6866 1 7 3036 
close 0.6936 2 14 6051 
close 0.6863 3 21 9065 
close 0.6916 1 7 3026 
close 0.6956 1 7 3019 
close 0.6895 1 7 2972 
close 0.6837 1 7 3019 
close 0.6825 1 7 3025 
close 0.6812 1 7 3026 
close 0.6811 1 7 3020 
close 0.6803 1 7 3019 
close 0.6831 2 14 6067 
close 0.6876 1 7 3025 
close 0.6769 1 7 3024 
close 0.6695 1 7 3021 
close 0.6656 2 14 6038 
close 0.6640 1 7 3028 
close 0.6784 3 21 9061 
close 0.6880 1 7 3025 
close 0.6925 1 7 3025 
close 0.6921 2 14 6038 
close 0.6824 1 7 3017 
close 0.6838 2 13 6036 
close 0.6764 2 14 6048 
close 0.6733 1 7 3020 
close 0.6738 1 7 3038 
close 0.6798 1 6 3016 
close 0.6775 2 14 6034 
close 0.6835 1 7 3025 
close 0.6809 4 28 12143 
close 0.6753 1 7 3019 
close 0.6861 1 7 3009 
close 0.6852 1 7 3026 
close 0.6766 1 7 3019 
close 0.6742 1 7 3015 
close 0.6759 2 14 6043 
close 0.6847 2 14 6049 
close 0.6836 1 7 3021 
close 0.6848 1 7 3031 
close 0.6878 1 7 3015 
close 0.6826 1 7 3012 
close 0.6823 1 7 3025 
close 0.6799 1 7 3022 
close 0.6881 1 7 3023 
close 0.6923 1 7 3018 
close 0.6888 1 7 2959 
close 0.6982 1 7 3016 
close 0.6940 1 7 3019 
close 0.6858 1 7 3027 
close 0.6834 2 14 6042 
close 0.6807 1 6 3017 
close 0.6887 1 7 3025 
close 0.6827 1 6 3020 
close 0.6901 1 7 3024 
close 0.6930 1 7 3021 
close 0.6846 1 7 3027 
close 0.6832 1 7 3025 
close 0.6727 2 14 6053 
close 0.6748 1 7 3040 
close 0.6780 1 7 3029 
close 0.6751 2 14 6061 
close 0.6765 1 7 3026 
close 0.6735 2 14 6042 
close 0.6693 1 7 3021 
close 0.6750 1 7 3019 
close 0.6758 2 14 6036 
close 0.6700 2 14 6062 
close 0.6701 1 7 3021 
close 0.6688 1 7 3079 
close 0.6756 1 7 3031 
close 0.6747 2 14 6039 
close 0.6699 2 14 6030 
close 0.6703 2 14 7421 
close 0.6726 1 7 4398 
close 0.6585 2 14 6036 
close 0.6569 1 7 3025 
close 0.6604 1 7 3028 
close 0.6696 1 7 3030 
close 0.6717 1 7 3024 
close 0.6840 1 7 3032 
close 0.6749 1 6 3020 
close 0.6808 1 7 3031 
close 0.6804 3 21 9061 
close 0.6843 1 7 3023 
close 0.6789 1 7 3033 
close 0.6779 1 7 3027 
close 0.6732 1 7 3015 
close 0.6734 1 7 3023 
close 0.6793 1 7 3011 
close 0.6792 1 7 3042 
close 0.6796 1 7 3014 
close 0.6942 1 7 3014 
close 0.7006 1 7 3014 
close 0.6935 1 7 3029 
close 0.6973 2 14 6032 
close 0.6951 1 7 3024 
close 0.6979 1 7 3071 
close 0.7175 1 6 3011 
close 0.7173 1 7 3033 
close 0.7167 1 7 3011 
close 0.7197 1 7 3020 
close 0.7152 1 7 3023 
close 0.7280 1 7 4405 
close 0.7344 2 14 8841 
close 0.7454 1 7 3023 
close 0.7548 1 7 3015 
close 0.7470 1 7 3015 
close 0.7424 1 7 3012 
close 0.7457 1 7 3015 
close 0.7440 1 7 3024 
close 0.7557 1 6 3011 
close 0.7549 1 7 3019 
close 0.7656 1 7 3008 
close 0.7644 1 7 3012 
close 0.7783 1 6 3008 
close 0.7796 1 6 3013 
close 0.7893 2 14 5961 
close 0.7979 1 7 3011 
close 0.8045 2 14 6033 
close 0.8004 1 6 3007 
close 0.7910 1 7 3011 
close 0.7871 2 13 6025 
close 0.7948 1 7 3012 
close 0.7950 1 7 3011 
close 0.7940 2 11 6025 
close 0.7913 4 23 12044 
close 0.7926 1 7 3013 
close 0.7900 2 14 6033 
close 0.7915 1 6 3016 
close 0.7955 2 13 6037 
close 0.7933 1 7 3016 
close 0.7922 1 7 3014 
close 0.7869 2 14 6034 
close 0.7909 2 14 6021 
close 0.7863 1 7 3014 
close 0.7962 1 6 3007 
close 0.8146 1 7 3007 
close 0.8027 1 5 3003 
close 0.7924 1 6 3002 
close 0.7781 1 7 3004 
close 0.7815 1 3 2999 
close 0.7827 1 6 3004 
close 0.7990 1 5 3072 
close 0.8138 1 5 3005 
close 0.8133 1 5 3001 
close 0.8436 1 5 3001 
close 0.8447 1 4 3001 
close 0.8528 1 5 3002 
close 0.8757 1 5 3001 
close 0.9017 1 6 3004 
close 0.9458 1 5 3006 
close 0.9774 1 6 4613 
close 0.9058 1 5 4680 
close 0.9083 1 4 3001 
close 0.9270 1 4 3001 
close 0.9315 1 3 3000 
close 0.9015 1 5 3001 
close 0.8874 1 5 3001 
close 0.8833 2 11 6027 
close 0.8858 2 12 6018 
close 0.8934 1 4 3001 
close 0.9221 1 5 3003 
close 0.9271 1 6 3003 
close 0.9168 1 3 3001 
close 0.9230 1 6 2944 
close 0.9008 1 5 3004 
close 0.8901 1 6 3005 
close 0.8820 1 5 3001 
close 0.8977 1 5 3002 
close 0.8834 1 5 3006 
close 0.8935 1 4 3002 
close 0.8802 1 5 3003 
close 0.8776 2 14 6030 
close 0.8631 1 5 3005 
close 0.8619 1 7 3008 
close 0.8433 1 7 3008 
close 0.8559 2 14 6019 
close 0.8524 1 6 3009 
close 0.8633 1 6 3006 
close 0.8642 1 6 3004 
close 0.8630 2 14 6025 
close 0.8499 1 7 3008 
close 0.8582 2 12 6024 
close 0.8535 2 12 6025 
close 0.8747 1 6 3010 
close 0.8796 1 7 3010 
close 0.8781 3 20 9098 
close 0.8892 2 14 6056 
close 0.9039 1 6 3006 
close 0.9135 1 4 3001 
close 0.9244 1 6 3004 
close 0.9317 1 6 3013 
close 0.9114 1 6 3005 
close 0.9041 1 5 3061 
close 0.8962 1 6 3002 
close 0.8951 1 6 3005 
close 0.8844 2 14 6032 
close 0.9022 1 6 3035 
close 0.9075 1 6 3008 
close 0.9036 1 6 3011 
close 0.8933 1 6 3010 
close 0.8927 1 5 3002 
close 0.9021 1 6 4629 
close 0.8983 1 6 4623 
close 0.8960 1 7 3009 
close 0.8729 1 7 3011 
close 0.8715 1 7 3009 
close 0.8739 2 13 6075 
close 0.8779 1 6 3004 
close 0.8716 2 14 6023 
close 0.8753 1 5 3003 
close 0.9093 1 6 3004 
close 0.9064 1 7 3009 
close 0.9031 1 6 3005 
close 0.8971 1 6 3007 
close 0.8903 3 20 8981 
close 0.8772 1 6 3005 
close 0.8846 2 14 6030 
close 0.8742 2 13 6021 
close 0.8637 1 6 3008 
close 0.8569 3 19 9123 
close 0.8462 2 10 6013 
close 0.8521 1 4 3003 
close 0.8564 3 19 9024 
close 0.8339 3 17 9033 
close 0.8284 1 6 3005 
close 0.8321 1 6 3008 
close 0.8280 1 6 3007 
close 0.8094 1 6 3007 
close 0.8330 1 7 3010 
close 0.8371 1 5 3006 
close 0.8432 1 7 3006 
close 0.8332 1 6 3012 
close 0.8292 1 7 3011 
close 0.8311 1 7 3025 
close 0.8265 1 7 3019 
close 0.8198 1 7 3040 
close 0.8261 1 7 3011 
close 0.8258 1 7 3030 
close 0.8361 1 7 3026 
close 0.8486 2 14 6075 
close 0.8584 1 7 3050 
close 0.8704 1 5 3148 
close 0.8798 2 14 6181 
close 0.8746 1 6 3010 
close 0.8741 1 7 3059 
close 0.8749 2 13 6074 
close 0.8611 1 7 3015 
close 0.8489 1 6 3004 
close 0.8473 1 7 3011 
close 0.8343 1 6 3160 
close 0.8417 2 13 6030 
close 0.8481 2 13 6036 
close 0.8465 2 14 6019 
close 0.8526 1 7 3525 
close 0.8532 3 21 9540 
close 0.8312 2 14 6036 
close 0.8382 2 12 6016 
close 0.8646 2 13 6056 
close 0.8565 1 4 3007 
close 0.8478 1 6 3007 
close 0.8362 1 7 3006 
close 0.8457 1 7 3024 
close 0.8601 2 14 6026 
close 0.8692 1 6 3007 
close 0.8664 2 12 6090 
close 0.8812 2 14 5966 
close 0.8721 2 13 6033 
close 0.8902 1 6 3008 
close 0.8894 1 7 3075 
close 0.8991 1 6 3012 
close 0.8800 1 6 3084 
close 0.8777 2 14 6051 
close 0.8710 1 6 3003 
close 0.8762 1 6 3003 
close 0.8931 1 6 3007 
close 0.8821 2 13 6021 
close 0.8864 1 5 3005 
close 0.8979 1 7 3007 
close 0.8976 1 6 3269 
close 0.8774 1 7 3011 
close 0.8782 2 9 6011 
close 0.8828 1 7 3006 
close 0.8705 1 6 3004 
close 0.8814 2 13 6032 
close 0.8754 2 14 6101 
close 0.8850 1 7 3012 
close 0.8699 1 7 3054 
close 0.8683 1 5 3019 
close 0.8615 2 13 6055 
close 0.8752 1 5 3029 
close 0.8688 1 6 3004 
close 0.8591 3 21 9090 
close 0.8549 2 13 6032 
close 0.8639 1 6 3005 
close 0.8540 3 18 9030 
close 0.8414 1 7 3008 
close 0.8348 3 20 8975 
close 0.8341 2 12 6713 
close 0.8340 1 6 3436 
close 0.8246 1 6 3011 
close 0.8306 1 7 3010 
close 0.8300 1 6 3005 
close 0.8338 1 7 3014 
close 0.8366 1 6 3006 
close 0.8463 1 6 3005 
close 0.8326 1 6 3010 
close 0.8244 1 7 3031 
close 0.8237 1 7 3010 
close 0.8171 1 7 3013 
close 0.8158 1 7 3018 
close 0.8041 1 7 3010 
close 0.7961 1 6 3010 
close 0.8038 1 6 3017 
close 0.7980 1 7 3018 
close 0.8093 1 6 3008 
close 0.8030 1 6 3009 
close 0.8064 1 7 3021 
close 0.7988 1 6 3010 
close 0.8032 1 7 3007 
close 0.7894 1 6 3008 
close 0.7849 1 7 3016 
close 0.7779 1 7 3014 
close 0.7846 1 7 3014 
close 0.7931 1 6 3009 
close 0.7857 1 7 3013 
close 0.7914 1 7 3022 
close 0.7998 1 7 3035 
close 0.8029 1 7 3016 
close 0.7965 1 6 3008 
close 0.8005 1 7 3014 
close 0.8125 1 7 3032 
close 0.8139 1 7 3029 
close 0.8059 1 7 3074 
close 0.8008 2 14 6047 
close 0.8001 1 7 3012 
close 0.8044 1 7 3018 
close 0.8075 1 7 3032 
close 0.8131 1 7 3016 
close 0.8070 1 7 3011 
close 0.8137 2 14 6029 
close 0.8167 1 7 4784 
close 0.8123 1 7 3085 
close 0.8144 1 7 3013 
close 0.8278 1 7 3011 
close 0.8407 1 6 3011 
close 0.8556 1 7 3011 
close 0.8668 1 6 3008 
close 0.8577 1 7 3013 
close 0.8677 1 6 3006 
close 0.8634 1 6 3011 
close 0.8623 1 6 3007 
close 0.8517 1 7 3007 
close 0.8488 1 7 2950 
close 0.8537 1 7 3013 
close 0.8574 1 7 3005 
close 0.8475 1 7 3008 
close 0.8445 2 13 6035 
close 0.8496 1 7 3014 
close 0.8519 2 12 6011 
close 0.8508 1 7 3012 
close 0.8560 1 6 3011 
close 0.8483 1 5 3004 
close 0.8563 2 14 6206 
close 0.8685 1 7 3736 
close 0.8598 1 7 3016 
close 0.8702 2 14 6108 
close 0.8667 1 7 3013 
close 0.8583 2 14 6026 
close 0.8609 1 7 3017 
close 0.8461 1 6 3009 
close 0.8430 1 7 3054 
close 0.8395 1 7 3019 
close 0.8442 1 7 3021 
close 0.8456 1 5 3012 
close 0.8396 2 13 6043 
close 0.8367 1 7 3048 
close 0.8287 1 7 3030 
close 0.8365 1 7 3014 
close 0.8357 1 7 4456 
close 0.8301 1 7 4760 
close 0.8299 1 7 4456 
close 0.8317 1 7 3018 
close 0.8228 1 7 3016 
close 0.8241 1 7 3018 
close 0.8276 1 7 3020 
close 0.8289 1 7 3018 
close 0.8247 1 7 3028 
close 0.8240 1 7 3022 
close 0.8245 1 7 3014 
close 0.8335 1 7 3019 
close 0.8394 1 7 3009 
close 0.8360 2 14 6264 
close 0.8293 2 12 5964 
close 0.8234 1 7 3024 
close 0.8257 1 7 3020 
close 0.8205 1 6 3024 
close 0.8208 1 7 3032 
close 0.8202 1 7 3016 
close 0.8141 1 7 3018 
close 0.8109 1 7 3023 
close 0.8136 1 7 3022 
close 0.8082 1 7 3022 
close 0.7986 1 7 3017 
close 0.7975 1 7 3016 
close 0.7945 1 7 3015 
close 0.7888 1 7 3018 
close 0.7911 1 7 3013 
close 0.7918 2 14 6079 
close 0.7951 1 7 3030 
close 0.8013 1 7 3040 
close 0.7957 1 7 3028 
close 0.7971 1 7 3141 
close 0.8028 1 7 3088 
close 0.7966 1 7 3027 
close 0.7786 2 13 16033 
close 0.7868 1 7 3088 
close 0.7887 1 6 3020 
close 0.7892 1 7 3108 
close 0.7841 2 14 8881 
close 0.7835 1 7 3025 
close 0.8018 1 6 3024 
close 0.7939 1 7 3056 
close 0.7895 1 7 3056 
close 0.7942 1 7 3061 
close 0.7842 1 7 3059 
close 0.7764 1 7 4795 
close 0.7765 1 7 3052 
close 0.7625 1 7 3055 
close 0.7486 1 7 3056 
close 0.7563 1 7 4431 
close 0.7415 1 7 3051 
close 0.7433 1 7 3050 
close 0.7337 1 7 3052 
close 0.7275 1 7 3060 
close 0.7090 1 7 3067 
close 0.7181 1 7 3045 
close 0.7350 1 7 3018 
close 0.7240 1 6 2952 
close 0.7301 1 7 3015 
close 0.7207 1 7 3009 
close 0.7192 1 7 3011 
close 0.7153 1 5 3009 
close 0.7368 1 6 3013 
close 0.7156 1 6 3007 
close 0.7184 1 6 3007 
close 0.7071 1 7 3012 
close 0.7267 2 14 6025 
close 0.7329 1 7 3238 
close 0.7186 1 7 3011 
close 0.7099 1 7 3012 
close 0.7094 1 7 3012 
close 0.7116 1 7 3010 
close 0.7027 1 7 3013 
close 0.7083 1 7 3013 
close 0.6994 2 14 6023 
close 0.7086 1 7 3009 
close 0.7041 1 5 3013 
close 0.7343 1 6 3007 
close 0.7381 1 7 3010 
close 0.7278 1 6 3011 
close 0.7248 1 6 3008 
close 0.7425 1 5 3008 
close 0.7396 1 7 3012 
close 0.7463 1 7 3022 
close 0.7348 1 7 3016 
close 0.7215 1 7 3071 
close 0.7109 1 7 3014 
close 0.7092 1 7 3018 
close 0.7054 1 7 3017 
close 0.7255 1 6 3009 
close 0.7389 1 6 3008 
close 0.7372 1 7 4517 
close 0.7324 1 6 4571 
close 0.7515 1 7 3011 
close 0.7700 1 5 3004 
close 0.7575 1 5 3006 
close 0.7578 1 7 3013 
close 0.7802 1 7 3019 
close 0.7785 1 5 3008 
close 0.7855 1 6 3011 
close 0.7787 1 6 3010 
close 0.7743 1 7 3012 
close 0.7844 1 7 3015 
close 0.7889 1 6 3008 
close 0.7847 1 7 2959 
close 0.8036 1 6 3009 
close 0.7977 1 6 3008 
close 0.7749 1 7 3008 
close 0.7906 1 7 3015 
close 0.7824 1 7 3015 
close 0.7617 1 7 3024 
close 0.7687 1 7 3029 
close 0.7807 1 6 3032 
close 0.7937 1 6 3010 
close 0.7669 1 5 3004 
close 0.8337 1 7 3005 
close 0.8403 2 13 6017 
close 0.8405 1 7 3007 
close 0.8545 1 6 3013 
close 0.8374 1 7 3011 
close 0.8500 2 12 6505 
close 0.8586 1 6 3010 
close 0.9038 1 7 3008 
close 0.8924 2 14 6105 
close 0.8939 1 6 3008 
close 0.9030 1 7 3068 
close 0.8607 1 6 3012 
close 0.8553 1 7 3019 
close 0.8523 1 7 3018 
close 0.8452 1 6 3015 
close 0.8392 1 5 3016 
close 0.8397 1 7 3017 
close 0.8520 1 7 3798 
close 0.8666 1 5 3013 
close 0.8626 1 4 3013 
close 0.8536 1 6 3017 
close 0.8479 1 6 3020 
close 0.8446 2 14 6038 
close 0.8658 1 7 3020 
close 0.8724 1 7 3021 
close 0.8659 1 6 3015 
close 0.8680 2 14 5989 
close 0.8490 1 7 3009 
close 0.8354 1 6 3013 
close 0.8514 1 6 3006 
close 0.8587 1 7 3011 
close 0.8628 1 6 3004 
close 0.8722 1 7 3022 
close 0.8735 1 7 3022 
close 0.8790 1 6 3010 
close 0.8816 1 7 3024 
close 0.8780 1 6 3020 
close 0.8921 1 7 3016 
close 0.8859 2 14 6041 
close 0.8937 1 7 3020 
close 0.8938 1 7 3019 
close 0.9050 1 7 3013 
close 0.9121 1 6 3007 
close 0.9173 1 6 3014 
close 0.9260 1 7 3026 
close 0.9139 1 7 3016 
close 0.9001 1 7 3007 
close 0.8876 1 7 3011 
close 0.8760 1 6 3007 
close 0.8868 1 7 3015 
close 0.8943 1 7 3018 
close 0.8920 1 7 3011 
close 0.8957 1 6 3008 
close 0.8765 2 14 6112 
close 0.8799 1 6 3019 
close 0.8959 1 6 3025 
close 0.8863 1 7 3023 
close 0.8869 1 7 3697 
close 0.8795 2 14 6066 
close 0.8815 1 7 3024 
close 0.8865 1 7 4525 
close 0.8872 1 7 4951 
close 0.8888 1 7 3024 
close 0.8871 1 7 3251 
close 0.8793 1 7 3015 
close 0.8936 1 7 3006 
close 0.8870 2 14 6047 
close 0.8743 2 14 6022 
close 0.8751 1 5 2949 
close 0.8725 1 7 3015 
close 0.8652 1 7 3014 
close 0.8807 1 7 4265 
close 0.8755 1 7 3014 
close 0.8768 1 7 3008 
close 0.8745 1 6 3005 
close 0.8809 1 7 3019 
close 0.8836 1 6 3009 
close 0.8847 1 7 3023 
close 0.8889 1 6 3024 
close 0.8885 1 7 3023 
close 0.8907 1 7 3023 
close 0.8961 2 14 6035 
close 0.8919 1 7 3038 
close 0.8967 1 7 3029 
close 0.9085 1 7 3021 
close 0.9007 1 6 3022 
close 0.8908 1 7 3030 
close 0.8926 1 7 3028 
close 0.8896 1 7 3026 
close 0.8744 1 7 3021 
close 0.8696 1 6 3017 
close 0.8890 1 7 3024 
close 0.8917 1 6 3023 
close 0.9061 1 7 3022 
close 0.8986 1 7 3022 
close 0.8995 1 7 3205 
close 0.8998 1 7 3210 
close 0.8996 1 6 3005 
close 0.8873 1 6 3008 
close 0.8767 1 7 3012 
close 0.8748 1 7 3025 
close 0.8810 1 7 3022 
close 0.8784 2 14 6044 
close 0.8592 1 7 3015 
close 0.8554 1 6 3012 
close 0.8533 1 7 2951 
close 0.8629 1 7 3018 
close 0.8650 1 7 3021 
close 0.8674 1 7 3017 
close 0.8599 1 7 3010 
close 0.8561 1 7 3016 
close 0.8679 1 7 3019 
close 0.8909 1 7 3022 
close 0.8956 1 7 3011 
close 0.8992 1 7 3016 
close 0.9033 1 7 3016 
close 0.8964 1 7 3021 
close 0.9176 1 7 3015 
body 0.0009 3 21 9258 
body 0.0060 5 35 15284 
body -0.0029 8 54 27832 
body -0.0036 4 27 12340 
body 0.0045 6 42 18210 
body -0.0038 6 42 22262 
body -0.0045 10 66 34100 
body 0.0063 5 34 18221 
body 0.0002 4 28 12391 
body -0.0053 4 28 15283 
body 0.0027 6 40 20446 
body -0.0106 4 27 13622 
body 0.0029 6 41 18287 
body -0.0057 3 21 9228 
body 0.0075 6 41 21011 
body -0.0015 6 41 18317 
body -0.0022 5 34 15370 
body -0.0035 5 35 15221 
body -0.0113 2 14 6187 
body -0.0040 4 28 12478 
body 0.0171 1 7 3193 
body -0.0114 4 28 12221 
body -0.0003 2 14 6172 
body -0.0074 6 41 20851 
body 0.0038 7 49 25783 
body 0.0079 1 7 3228 
body 0.0003 8 56 30294 
body 0.0006 2 14 6497 
body 0.0130 2 13 6470 
body -0.0004 7 46 23551 
body -0.0031 5 35 20909 
body -0.0129 2 14 6473 
body 0.0015 6 37 18362 
body 0.0146 1 7 3314 
body -0.0039 7 45 21339 
body -0.0025 7 49 21445 
body 0.0008 5 35 17304 
body 0.0007 6 36 18081 
body -0.0021 4 27 12744 
body -0.0014 7 49 26704 
body -0.0095 5 34 15281 
body -0.0023 3 21 9400 
body 0.0106 2 14 6398 
body 0.0021 6 42 25772 
body 0.0016 3 19 11959 
body -0.0056 6 41 23949 
body -0.0005 5 34 17930 
body -0.0137 3 21 12808 
body 0.0061 8 56 33641 
body 0.0086 5 33 17723 
body -0.0078 4 27 15209 
body 0.0076 4 28 20150 
body -0.0087 4 27 14994 
body 0.0010 4 25 17299 
body -0.0008 5 33 19094 
body 0.0005 10 70 38272 
body -0.0026 4 28 17756 
body 0.0026 3 18 12048 
body 0.0062 4 28 15357 
body 0.0011 5 35 24423 
body -0.0046 2 12 9166 
body -0.0024 6 42 21251 
body -0.0002 8 54 31943 
body 0.0012 8 55 27943 
body 0.0053 5 34 18748 
body 0.0072 1 7 6338 
body 0.0078 2 14 9233 
body 0.0128 3 20 13653 
body -0.0089 3 21 11910 
body 0.0000 6 41 25001 
body 0.0004 6 42 22715 
body -0.0099 3 19 12113 
body -0.0068 9 59 29815 
body 0.0020 4 28 14774 
body 0.0122 2 14 9734 
body -0.0048 1 7 6189 
body -0.0101 2 14 9240 
body 0.0054 1 7 6138 
body -0.0033 8 55 29624 
body 0.0001 5 35 20602 
body 0.0013 9 62 35064 
body -0.0010 5 30 18956 
body 0.0084 4 28 20290 
body -0.0030 5 34 18653 
body -0.0019 4 28 19502 
body 0.0051 2 13 9634 
body -0.0051 5 35 20496 
body 0.0064 4 28 21061 
body 0.0041 8 53 32635 
body 0.0093 3 21 14397 
body 0.0047 4 27 15484 
body -0.0001 5 35 27019 
body 0.0031 6 42 23213 
body 0.0120 2 13 9320 
body 0.0074 4 27 15455 
body 0.0157 3 19 11868 
body 0.0136 1 7 5584 
body 0.0089 1 7 5303 
body -0.0020 4 28 14469 
body -0.0136 2 13 8327 
body -0.0067 4 27 14522 
body -0.0086 4 28 16368 
body 0.0034 4 28 14620 
body 0.0100 3 18 11080 
body -0.0017 2 14 7944 
body -0.0028 6 40 20194 
body -0.0082 1 7 4829 
body 0.0152 1 7 4747 
body -0.0011 7 47 22939 
body -0.0107 4 24 13693 
body 0.0088 4 28 13772 
body -0.0065 3 20 10926 
body -0.0059 3 20 11222 
body 0.0110 3 20 10844 
body -0.0085 1 7 5084 
body 0.0048 3 21 11295 
body 0.0014 6 41 20100 
body -0.0083 2 14 6088 
body -0.0092 2 14 6089 
body -0.0044 4 28 12170 
body -0.0069 4 28 12122 
body 0.0109 2 14 6073 
body 0.0022 10 70 31655 
body -0.0105 4 28 12119 
body -0.0088 1 7 3039 
body -0.0018 5 35 15125 
body 0.0018 3 21 9118 
body 0.0082 4 25 12070 
body -0.0084 2 14 6063 
body 0.0033 5 31 15092 
body 0.0017 5 35 15322 
body -0.0012 6 41 18139 
body -0.0013 4 28 12158 
body 0.0043 4 26 12063 
body 0.0113 3 20 9107 
body -0.0041 11 72 33336 
body -0.0006 7 47 21165 
body 0.0035 3 21 9070 
body 0.0129 2 13 6034 
body -0.0007 5 35 16404 
body -0.0070 5 33 15096 
body -0.0016 8 51 25659 
body 0.0070 2 14 6038 
body -0.0073 3 21 9033 
body 0.0040 6 37 18077 
body -0.0058 5 34 15109 
body 0.0028 3 20 9067 
body 0.0037 6 38 18083 
body 0.0144 2 14 6037 
body 0.0097 3 20 9087 
body -0.0009 3 21 9051 
body 0.0039 3 21 9059 
body -0.0097 3 21 9046 
body -0.0032 3 21 9052 
body 0.0059 2 10 6019 
body -0.0047 2 14 6036 
body 0.0023 4 25 12102 
body 0.0030 5 35 15097 
body -0.0042 7 43 21099 
body -0.0052 4 25 12050 
body 0.0094 5 34 16703 
body 0.0019 3 21 9009 
body -0.0027 2 13 6032 
body 0.0052 4 26 12115 
body -0.0049 2 14 6050 
body -0.0072 5 33 15193 
body -0.0104 5 29 15072 
body 0.0032 4 26 12080 
body 0.0057 5 34 15173 
body 0.0056 2 14 6059 
body 0.0111 2 13 6038 
body 0.0055 3 20 9055 
body -0.0054 2 14 6042 
body 0.0050 4 27 12062 
body -0.0034 4 28 12071 
body 0.0058 1 7 3011 
body 0.0138 2 12 6043 
body 0.0118 3 20 9052 
body 0.0139 1 6 3008 
body 0.0098 1 7 2948 
body 0.0066 4 27 12053 
body -0.0093 2 14 6020 
body 0.0042 2 12 6015 
body 0.0049 4 27 12052 
body 0.0184 1 7 3007 
body -0.0118 1 5 3003 
body -0.0102 1 6 3002 
body 0.0162 1 5 3072 
body 0.0149 1 5 3005 
body 0.0304 1 5 3001 
body 0.0230 1 5 3001 
body 0.0260 1 6 3004 
body 0.0440 1 5 3006 
body 0.0317 1 6 4613 
body -0.0717 1 5 4680 
body 0.0188 2 10 6010 
body 0.0044 5 29 15043 
body -0.0299 1 5 3001 
body -0.0142 3 17 9018 
body 0.0024 1 5 3003 
body 0.0077 5 31 16538 
body 0.0286 1 5 3003 
body -0.0221 2 12 6013 
body -0.0080 3 16 9082 
body -0.0132 3 18 9079 
body -0.0146 2 12 6016 
body -0.0186 1 7 3008 
body 0.0127 1 7 3010 
body 0.0108 3 19 9024 
body -0.0130 1 7 3008 
body 0.0212 2 13 6025 
body 0.0112 2 14 6023 
body 0.0148 2 13 5961 
body 0.0095 3 17 9186 
body -0.0203 2 13 6029 
body -0.0079 2 13 6013 
body 0.0179 1 6 3035 
body -0.0037 3 19 10645 
body -0.0231 1 7 3011 
body -0.0062 4 28 12112 
body 0.0339 1 6 3004 
body -0.0061 4 25 12052 
body 0.0073 1 7 3011 
body -0.0224 1 5 3008 
body 0.0036 3 19 9032 
body -0.0185 2 13 6074 
body 0.0237 1 7 3010 
body -0.0100 1 6 3012 
body 0.0102 1 7 3026 
body 0.0125 1 7 3045 
body 0.0119 2 11 6157 
body -0.0123 1 6 3004 
body -0.0131 1 6 3160 
body 0.0065 1 7 3028 
body 0.0263 1 6 3046 
body -0.0115 2 13 6013 
body 0.0096 3 21 9056 
body 0.0135 1 7 3015 
body 0.0091 3 20 9094 
body -0.0091 2 13 6022 
body 0.0180 1 6 3008 
body -0.0122 2 13 6074 
body -0.0190 1 6 3084 
body 0.0170 1 6 3007 
body -0.0109 2 12 5957 
body 0.0114 1 7 3007 
body -0.0202 1 7 3011 
body -0.0124 2 11 6010 
body -0.0060 1 7 3010 
body 0.0101 2 14 6022 
body -0.0120 1 7 3101 
body 0.0090 2 13 6050 
body -0.0177 1 7 3008 
body -0.0066 3 20 9104 
body -0.0094 1 6 3011 
body 0.0080 2 13 6037 
body -0.0117 1 7 3010 
body -0.0081 3 19 9046 
body -0.0063 2 12 6017 
body -0.0076 1 6 3010 
body -0.0138 1 6 3008 
body 0.0067 3 21 9048 
body -0.0050 1 7 3026 
body 0.0134 1 7 3011 
body 0.0150 1 7 3011 
body 0.0099 1 6 3006 
body -0.0226 1 7 3007 
body -0.0077 3 18 10811 
body 0.0081 2 14 6219 
body 0.0105 3 21 9287 
body -0.0148 1 6 3009 
body -0.0167 1 6 3017 
body -0.0055 2 14 7779 
body -0.0179 1 6 5953 
body 0.0087 1 7 3022 
body 0.0183 3 20 9048 
body 0.0046 2 14 6072 
body -0.0075 2 14 6074 
body -0.0140 2 14 6111 
body -0.0147 1 7 3051 
body 0.0169 1 7 3018 
body 0.0215 1 6 3013 
body -0.0211 1 6 3007 
body -0.0112 1 7 3012 
body 0.0196 1 7 3007 
body 0.0302 1 6 3007 
body -0.0103 1 6 3011 
body 0.0177 1 5 3008 
body -0.0096 1 7 3013 
body 0.0205 1 6 3009 
body 0.0123 1 6 3008 
body 0.0190 1 7 3011 
body 0.0186 1 5 3004 
body 0.0225 1 7 3019 
body 0.0068 1 6 3011 
body -0.0043 2 14 6022 
body -0.0145 1 7 3008 
body -0.0208 1 7 3024 
body 0.0069 1 7 3029 
body -0.0267 1 5 3004 
body 0.0623 1 5 3004 
body 0.0239 1 7 3008 
body -0.0193 1 7 3005 
body 0.0140 2 13 6029 
body 0.0126 1 6 3009 
body 0.0240 1 7 3008 
body -0.0128 1 6 3019 
body -0.0296 1 6 3012 
body 0.0164 1 5 3013 
body 0.0160 2 12 6031 
body 0.0071 1 6 3007 
body -0.0121 2 13 6024 
body -0.0126 1 7 3011 
body -0.0192 1 7 3075 
body 0.0142 1 7 3006 
body -0.0127 1 7 3011 
body 0.0092 2 14 6097 
body -0.0152 1 7 3021 
body 0.0191 1 7 3024 
body 0.0025 1 7 3017 
body 0.0117 1 7 3019 
up 0.0039 14 94 44464 
up 0.0041 4 26 17386 
up 0.0035 5 33 15167 
up 0.0021 28 190 94188 
up 0.0052 10 66 30529 
up 0.0042 7 48 26629 
up 0.0017 13 88 49106 
up 0.0022 15 102 58927 
up 0.0005 22 148 70900 
up 0.0007 25 170 83691 
up 0.0009 25 166 94267 
up 0.0054 5 32 15272 
up 0.0013 26 174 86319 
up 0.0037 8 52 27014 
up 0.0040 15 100 49233 
up 0.0026 15 104 55494 
up 0.0045 12 80 40876 
up 0.0046 13 86 41172 
up 0.0006 21 145 69659 
up 0.0003 25 174 89370 
up 0.0032 12 81 41502 
up 0.0031 11 73 45057 
up 0.0015 25 172 81511 
up 0.0047 7 48 26999 
up 0.0024 25 169 90742 
up 0.0016 20 137 80396 
up 0.0008 11 77 40871 
up 0.0029 17 119 60401 
up 0.0033 20 136 65100 
up 0.0020 20 134 63793 
up 0.0000 9 62 48410 
up 0.0072 1 7 5667 
up 0.0069 3 21 12404 
up 0.0010 28 187 93942 
up 0.0018 26 178 99144 
up 0.0027 16 109 57964 
up 0.0048 10 69 36100 
up 0.0002 14 94 55008 
up 0.0014 14 96 51195 
up 0.0019 17 114 58846 
up 0.0055 4 28 17209 
up 0.0012 17 116 61184 
up 0.0004 25 171 80993 
up 0.0028 15 100 48255 
up 0.0038 9 59 30941 
up 0.0034 8 55 30102 
up 0.0025 14 93 46496 
up 0.0049 11 70 37542 
up 0.0001 13 91 44836 
up 0.0030 12 82 40536 
up 0.0058 5 31 17421 
up 0.0066 3 21 11444 
up 0.0011 20 136 62618 
up 0.0063 8 55 24151 
up 0.0074 2 14 6076 
up 0.0068 3 21 9021 
up 0.0076 3 20 9082 
up 0.0053 4 24 12060 
up 0.0023 14 94 44089 
up 0.0043 8 55 26986 
up 0.0056 6 39 18161 
up 0.0036 10 70 30474 
up 0.0085 3 19 9075 
up 0.0126 2 13 6038 
up 0.0096 3 16 9048 
up 0.0087 3 21 8987 
up 0.0081 3 18 9029 
up 0.0118 1 6 3010 
up 0.0044 5 31 15021 
up 0.0062 6 36 18177 
up 0.0077 5 33 15477 
up 0.0106 2 13 6016 
up 0.0253 1 3 2999 
up 0.0202 1 5 3072 
up 0.0075 2 9 6002 
up 0.0224 1 5 3001 
up 0.0117 2 10 6497 
up 0.0097 2 12 6012 
up 0.0090 2 10 6021 
up 0.0203 1 3 3000 
up 0.0057 2 11 6008 
up 0.0195 1 4 3000 
up 0.0216 1 3 3001 
up 0.0185 1 6 2944 
up 0.0102 1 5 3002 
up 0.0100 1 4 3002 
up 0.0082 2 10 6016 
up 0.0065 9 59 27086 
up 0.0235 2 10 6007 
up 0.0070 1 5 3006 
up 0.0164 2 11 6020 
up 0.0092 3 16 9034 
up 0.0125 2 12 6074 
up 0.0051 6 39 18099 
up 0.0112 1 7 3007 
up 0.0064 4 27 12546 
up 0.0061 7 47 21096 
up 0.0067 4 25 12062 
up 0.0094 2 12 6012 
up 0.0207 1 6 3003 
up 0.0192 1 7 3059 
up 0.0105 2 12 6027 
up 0.0113 2 13 6532 
up 0.0114 2 13 6018 
up 0.0050 6 41 18174 
up 0.0103 1 6 3269 
up 0.0089 1 7 3054 
up 0.0093 1 5 3019 
up 0.0140 1 7 3101 
up 0.0080 2 13 6024 
up 0.0059 3 20 9237 
up 0.0060 1 7 3007 
up 0.0083 1 7 3016 
up 0.0137 1 6 3011 
up 0.0079 2 12 6016 
up 0.0098 1 6 3007 
up 0.0107 1 7 3011 
up 0.0073 2 12 6017 
up 0.0086 2 14 6024 
up 0.0071 1 6 3010 
up 0.0099 1 6 3007 
up 0.0228 1 7 3008 
up 0.0084 1 6 3008 
up 0.0119 1 6 3012 
up 0.0181 1 4 3013 
up 0.0108 2 14 5971 
up 0.0135 1 6 3019 
up 0.0110 1 7 3697 
down 0.0116 3 20 9210 
down 0.0047 6 36 18286 
down 0.0060 4 25 12161 
down 0.0062 6 41 21259 
down 0.0003 19 131 63719 
down 0.0022 14 98 52922 
down 0.0066 4 27 12952 
down 0.0057 6 39 18213 
down 0.0050 9 61 32776 
down 0.0018 20 133 72166 
down 0.0090 2 14 6155 
down 0.0011 28 188 96166 
down 0.0101 3 18 9153 
down 0.0029 18 123 60934 
down 0.0040 14 96 49095 
down 0.0042 5 33 15135 
down 0.0037 10 64 36889 
down 0.0032 8 55 24379 
down 0.0016 24 165 86282 
down 0.0005 21 140 81264 
down 0.0013 26 178 81109 
down 0.0059 5 34 15293 
down 0.0015 21 141 72119 
down 0.0009 27 183 95681 
down 0.0092 4 27 14329 
down 0.0010 22 148 79383 
down 0.0054 8 55 29626 
down 0.0020 20 133 67377 
down 0.0014 28 183 92720 
down 0.0028 9 63 31153 
down 0.0023 17 115 59642 
down 0.0081 3 21 11760 
down 0.0021 13 87 44541 
down 0.0035 9 60 27369 
down 0.0091 7 45 21465 
down 0.0073 3 14 9204 
down 0.0036 7 46 21160 
down 0.0027 14 95 42534 
down 0.0031 17 114 56348 
down 0.0001 13 88 43762 
down 0.0034 10 65 41906 
down 0.0019 19 127 70689 
down 0.0000 7 48 36681 
down 0.0008 24 161 86533 
down 0.0007 27 181 96796 
down 0.0046 11 70 37813 
down 0.0024 17 115 59271 
down 0.0004 21 141 66995 
down 0.0067 9 59 33106 
down 0.0012 23 153 78567 
down 0.0002 21 144 82069 
down 0.0038 12 79 40559 
down 0.0041 13 87 46783 
down 0.0030 11 76 37912 
down 0.0069 2 14 9818 
down 0.0045 6 42 21747 
down 0.0086 2 14 9441 
down 0.0048 7 47 23563 
down 0.0006 27 183 91519 
down 0.0064 4 28 16256 
down 0.0055 7 47 23804 
down 0.0131 2 14 8418 
down 0.0056 4 27 14252 
down 0.0058 6 37 20372 
down 0.0053 7 48 23695 
down 0.0039 14 93 44095 
down 0.0052 8 51 26382 
down 0.0074 2 14 7834 
down 0.0017 17 115 53590 
down 0.0025 17 111 55990 
down 0.0051 6 42 18113 
down 0.0099 1 7 3051 
down 0.0085 3 19 9043 
down 0.0026 9 60 27369 
down 0.0044 7 47 21120 
down 0.0033 9 62 27170 
down 0.0043 7 47 21120 
down 0.0080 2 13 6022 
down 0.0075 2 13 6020 
down 0.0072 4 27 11983 
down 0.0130 1 6 3007 
down 0.0083 5 32 15093 
down 0.0107 2 12 6017 
down 0.0065 5 30 16300 
down 0.0122 1 6 3004 
down 0.0184 1 5 3005 
down 0.0129 1 5 3001 
down 0.0102 1 4 3001 
down 0.0213 1 5 3002 
down 0.0221 1 4 3001 
down 0.0239 1 4 3001 
down 0.0193 1 5 3001 
down 0.0237 1 5 3001 
down 0.0079 4 26 12064 
down 0.0089 2 13 6017 
down 0.0078 1 5 3002 
down 0.0128 1 6 4623 
down 0.0077 3 18 9049 
down 0.0093 1 7 3019 
down 0.0070 5 34 15181 
down 0.0068 2 11 5956 
down 0.0049 2 12 6035 
down 0.0082 1 6 3084 
down 0.0106 1 7 3003 
down 0.0098 3 18 9045 
down 0.0135 1 7 3086 
down 0.0087 1 7 3048 
down 0.0133 1 7 3013 
down 0.0071 2 12 6022 
down 0.0108 1 7 3012 
down 0.0061 1 7 3249 
down 0.0063 3 20 9036 
down 0.0149 1 6 3015 
down 0.0095 1 7 3012 
down 0.0084 1 6 3010 
down 0.0117 1 7 3013 
down 0.0104 1 7 3011 
down 0.0103 1 7 3024 
down 0.0140 1 7 3046 
