open 0.5616 1 7 4522 
open 0.5630 1 7 4709 
open 0.5547 1 7 4049 
open 0.5515 1 7 5112 
open 0.5468 2 14 11094 
open 0.5503 1 7 4608 
open 0.5327 1 7 4820 
open 0.5240 1 7 4219 
open 0.5253 1 7 4725 
open 0.5159 1 7 4394 
open 0.5033 1 7 4109 
open 0.5030 1 7 4210 
open 0.4977 1 7 4243 
open 0.4860 1 7 4279 
open 0.4964 1 7 5471 
open 0.5036 1 7 3803 
open 0.5055 1 7 4532 
open 0.5175 1 7 4807 
open 0.5163 2 14 9020 
open 0.5212 1 7 4186 
open 0.5229 1 7 4840 
open 0.5185 1 7 4390 
open 0.5093 5 35 32627 
open 0.5251 1 7 4196 
open 0.5209 1 7 4365 
open 0.5213 2 14 9432 
open 0.5095 1 7 4759 
open 0.5092 1 7 5325 
open 0.5087 1 7 6148 
open 0.5151 1 7 5895 
open 0.5355 1 7 5602 
open 0.5292 1 7 5597 
open 0.5207 1 7 5939 
open 0.5169 1 7 6186 
open 0.4961 1 7 5955 
open 0.4939 1 7 5501 
open 0.4950 1 7 5163 
open 0.4994 1 7 5078 
open 0.5125 1 7 5106 
open 0.5062 1 7 5650 
open 0.5042 1 7 5082 
open 0.5129 1 7 5374 
open 0.5218 1 7 5708 
open 0.5203 1 7 6713 
open 0.5225 2 14 14715 
open 0.5138 1 7 7123 
open 0.5164 1 7 7421 
open 0.5147 1 7 8020 
open 0.5067 1 7 9175 
open 0.5234 1 7 7257 
open 0.5172 1 7 7465 
open 0.5197 2 14 15142 
open 0.5084 1 7 7462 
open 0.5184 1 7 7567 
open 0.5126 1 7 7673 
open 0.5202 1 7 7599 
open 0.5277 1 7 7472 
open 0.5338 1 7 7540 
open 0.5305 1 7 7731 
open 0.5331 1 7 7693 
open 0.5375 1 7 7638 
open 0.5384 1 7 7640 
open 0.5390 1 7 7542 
open 0.5482 1 7 7757 
open 0.5549 1 7 7354 
open 0.5613 1 7 7235 
open 0.5742 1 7 7211 
open 0.5690 1 7 7244 
open 0.5646 1 7 6465 
open 0.5747 1 7 6238 
open 0.5629 1 7 6660 
open 0.5673 1 7 6906 
open 0.5574 1 7 6664 
open 0.5417 1 7 6255 
open 0.5436 1 7 6396 
open 0.5294 1 7 6615 
open 0.5369 1 7 6391 
open 0.5461 1 7 6789 
open 0.5528 2 14 14121 
open 0.5460 1 7 6711 
open 0.5469 1 7 6765 
open 0.5450 1 7 6846 
open 0.5453 1 7 7032 
open 0.5466 1 7 7268 
open 0.5471 1 7 7019 
open 0.5570 1 7 7132 
open 0.5605 2 14 14257 
open 0.5590 2 14 14459 
open 0.5595 1 7 7128 
open 0.5596 1 7 6939 
open 0.5661 1 7 7171 
open 0.5638 1 7 8509 
open 0.5615 1 7 7373 
open 0.5733 1 7 6670 
open 0.5849 1 7 7152 
open 0.5883 2 14 14523 
open 0.5909 1 7 7255 
open 0.5910 1 7 7229 
open 0.5893 1 7 7159 
open 0.6050 1 7 7208 
open 0.6154 1 7 6949 
open 0.6029 1 7 6340 
open 0.5936 1 7 6457 
open 0.5972 1 7 6753 
open 0.6055 1 7 6617 
open 0.6011 1 7 6806 
open 0.6081 1 7 7131 
open 0.6206 1 7 6687 
open 0.6221 1 7 6693 
open 0.6414 1 7 6267 
open 0.6465 1 7 6225 
open 0.6591 1 7 6457 
open 0.6554 2 10 8716 
open 0.6607 1 7 5944 
open 0.6550 2 14 12518 
open 0.6695 1 7 6164 
open 0.6632 1 7 6200 
open 0.6755 1 7 6350 
open 0.6603 1 7 5596 
open 0.6504 1 7 5773 
open 0.6506 1 7 5711 
open 0.6636 1 7 5522 
open 0.6478 1 7 5572 
open 0.6552 1 7 5669 
open 0.6441 1 7 5959 
open 0.6369 1 7 5573 
open 0.6573 1 7 5705 
open 0.6620 1 7 5647 
open 0.6742 1 7 5556 
open 0.6821 1 7 5683 
open 0.6893 1 7 5856 
open 0.6894 1 7 6009 
open 0.6986 3 17 12088 
open 0.7047 2 10 8826 
open 0.7109 2 10 8937 
open 0.7148 1 7 5692 
open 0.7236 1 7 5770 
open 0.7191 1 7 6042 
open 0.7322 1 7 6006 
open 0.7403 1 7 5708 
open 0.7430 1 7 5500 
open 0.7387 1 7 7455 
open 0.7514 2 10 8938 
open 0.7682 1 7 3077 
open 0.7783 1 7 3052 
open 0.7686 1 7 3061 
open 0.7792 1 7 3066 
open 0.7642 2 12 6134 
open 0.7808 1 7 3087 
open 0.7976 1 7 3066 
open 0.7794 2 10 6076 
open 0.7606 3 14 9090 
open 0.7577 2 12 6752 
open 0.7424 1 7 3081 
open 0.7539 3 17 9101 
open 0.7617 2 13 6102 
open 0.7532 1 7 3061 
open 0.7326 3 13 9050 
open 0.7356 1 7 3071 
open 0.7290 1 7 3064 
open 0.6872 1 7 3066 
open 0.7072 1 7 3038 
open 0.7083 1 7 3030 
open 0.7000 1 7 3034 
open 0.6961 1 7 3035 
open 0.6880 2 10 6033 
open 0.6910 1 7 3047 
open 0.7145 1 7 3033 
open 0.7241 1 7 3031 
open 0.7281 1 7 3039 
open 0.7008 1 7 3034 
open 0.7054 1 7 3036 
open 0.7125 1 7 3038 
open 0.7156 1 7 3032 
open 0.7053 2 10 6027 
open 0.7046 1 7 3036 
open 0.6927 2 11 6043 
open 0.7033 1 7 3034 
open 0.7034 1 7 3032 
open 0.7174 1 7 3030 
open 0.7235 1 7 3026 
open 0.7291 1 7 3034 
open 0.7279 1 7 3024 
open 0.7464 2 10 6088 
open 0.7482 2 10 6041 
open 0.7592 1 7 3028 
open 0.7720 1 7 3029 
open 0.7862 1 7 3032 
open 0.7730 1 7 3024 
open 0.7749 1 7 3021 
open 0.7565 2 10 6032 
open 0.7661 3 15 10553 
open 0.7780 1 7 4342 
open 0.7645 2 10 6018 
open 0.7621 3 14 9021 
open 0.7543 1 3 2999 
open 0.7656 3 10 9004 
open 0.7733 1 3 2999 
open 0.7871 1 3 2999 
open 0.7938 2 6 5998 
open 0.7878 2 6 6006 
open 0.7982 1 3 2999 
open 0.7900 1 3 2999 
open 0.7802 2 7 5939 
open 0.7713 2 8 6002 
open 0.7670 1 3 2999 
open 0.7745 1 4 3004 
open 0.7710 2 6 5998 
open 0.7773 2 6 5998 
open 0.7729 1 3 2999 
open 0.7767 1 3 2999 
open 0.7544 1 3 2999 
open 0.7601 2 8 7252 
open 0.7557 2 6 6009 
open 0.7679 1 3 2999 
open 0.7632 1 3 2999 
open 0.7789 1 3 2999 
open 0.7637 1 3 2999 
open 0.7431 1 3 2999 
open 0.7551 1 3 2999 
open 0.7503 2 7 6238 
open 0.7575 1 3 2999 
open 0.7649 1 3 2999 
open 0.7613 2 6 5998 
open 0.7694 2 8 6003 
open 0.7561 1 3 2999 
open 0.7470 1 3 2999 
open 0.7680 2 6 5998 
open 0.7687 2 7 6009 
open 0.7554 1 3 2999 
open 0.7622 2 6 5998 
open 0.7510 2 6 5998 
open 0.7468 1 3 2999 
open 0.7562 1 3 3059 
open 0.7427 1 3 2999 
open 0.7341 1 3 2999 
open 0.7379 2 6 6007 
open 0.7370 2 6 5998 
open 0.7527 1 3 2999 
open 0.7537 2 6 5998 
open 0.7337 2 6 6007 
open 0.7248 1 3 2999 
open 0.7404 2 6 5998 
open 0.7494 1 4 3000 
open 0.7526 1 3 2999 
open 0.7508 1 3 2999 
open 0.7580 1 4 3001 
open 0.7396 1 3 2999 
open 0.7415 1 3 2999 
open 0.7382 1 3 2999 
open 0.7423 2 6 6008 
open 0.7325 1 4 3003 
open 0.7373 1 3 2999 
open 0.7187 3 11 8963 
open 0.7061 1 3 2999 
open 0.7205 1 3 2999 
open 0.7418 2 6 6009 
open 0.7448 1 3 2999 
open 0.7603 2 7 5999 
open 0.7738 1 3 2999 
open 0.7667 1 4 3000 
open 0.7509 1 4 3000 
open 0.7409 1 3 2999 
open 0.7371 1 3 2999 
open 0.7372 1 3 2999 
open 0.7314 1 3 2999 
open 0.7433 2 6 5998 
open 0.7521 1 3 2999 
open 0.7465 2 8 6003 
open 0.7530 1 3 2999 
open 0.7572 1 3 2999 
open 0.7647 1 4 3001 
open 0.7635 1 3 2999 
open 0.7697 1 4 3000 
open 0.7513 2 6 5998 
open 0.7428 2 6 5998 
open 0.7531 1 4 3003 
open 0.7589 1 3 3059 
open 0.7737 1 3 2999 
open 0.7722 1 3 2999 
open 0.7651 1 3 3000 
open 0.7830 1 3 2999 
open 0.7856 1 3 2999 
open 0.7865 1 3 2999 
open 0.7839 1 4 4380 
open 0.7815 1 4 4380 
open 0.7960 1 3 2999 
open 0.7798 1 3 2999 
open 0.7816 1 3 2999 
open 0.7925 1 3 2999 
open 0.7715 1 4 3000 
open 0.7788 1 3 2999 
open 0.7861 1 3 2999 
open 0.7872 1 3 2999 
open 0.7746 1 3 2999 
open 0.8029 1 3 2939 
open 0.8078 1 3 2999 
open 0.8118 1 3 2999 
open 0.8260 1 3 2999 
open 0.8361 1 3 2999 
open 0.8277 1 3 2999 
open 0.8267 1 3 2999 
open 0.8272 2 6 5998 
open 0.8333 1 3 2999 
open 0.8196 1 3 2999 
open 0.8180 1 3 2999 
open 0.8367 1 3 2999 
open 0.8398 1 3 2999 
open 0.8456 1 3 2999 
open 0.8458 1 3 2999 
open 0.8553 1 4 3007 
open 0.8587 1 3 2999 
open 0.8723 2 6 5998 
open 0.8823 1 3 2999 
open 0.8512 1 3 3002 
open 0.8548 1 3 2999 
open 0.8341 1 4 3016 
open 0.7988 1 4 3001 
open 0.8135 1 3 2999 
open 0.8248 1 3 2999 
open 0.8331 1 3 2999 
open 0.8498 1 3 2999 
open 0.8736 1 4 3000 
open 0.8834 1 3 2999 
open 0.8993 2 7 5999 
open 0.8895 2 8 6001 
open 0.8980 2 8 6061 
open 0.9197 1 3 2999 
open 0.9309 1 3 2999 
open 0.8989 1 3 2999 
open 0.8943 2 7 7616 
open 0.8764 2 10 6081 
open 0.8715 2 11 6032 
open 0.8739 1 3 2999 
open 0.8613 1 5 4380 
open 0.8707 2 8 8818 
open 0.8760 1 5 3001 
open 0.8793 1 3 2999 
open 0.8810 1 3 2999 
open 0.8698 1 3 2999 
open 0.8872 1 3 2999 
open 0.8962 1 3 2999 
open 0.9039 1 3 2999 
open 0.9205 1 3 2999 
open 0.9340 1 3 2999 
open 0.9250 1 4 3000 
open 0.9292 1 3 2999 
open 0.9299 1 3 2999 
open 0.9162 2 7 5939 
open 0.9069 2 6 5999 
open 0.9307 1 3 2999 
open 0.9251 1 3 2999 
open 0.9455 1 3 2999 
open 0.9325 1 3 2999 
open 0.9498 1 4 3000 
open 0.9410 1 4 3000 
open 0.9571 1 3 2999 
open 0.9585 1 3 2999 
open 0.9510 1 3 2999 
open 0.9458 1 3 2999 
open 0.9441 2 6 5999 
open 0.9567 1 3 2999 
open 0.9543 1 4 3000 
open 0.9530 1 3 2999 
open 0.9786 1 3 2999 
open 0.9714 1 3 2999 
open 0.9519 1 3 2999 
open 0.9160 1 4 3000 
open 0.8711 1 3 2999 
open 0.8550 1 3 2999 
open 0.8360 1 3 2999 
open 0.8049 1 3 2999 
open 0.7951 1 3 2999 
open 0.8390 1 3 2999 
open 0.7922 1 3 2999 
open 0.7098 1 3 2999 
open 0.7010 1 3 2999 
open 0.6774 1 4 3071 
open 0.6489 1 4 3002 
open 0.6968 1 3 2999 
open 0.6553 1 3 2999 
open 0.6505 1 3 2999 
open 0.6500 1 3 2999 
open 0.6437 1 3 2999 
open 0.6572 1 3 2999 
open 0.6780 1 5 4609 
open 0.6912 1 5 4678 
open 0.7202 1 3 2999 
open 0.6663 1 3 2999 
open 0.6462 1 3 2999 
open 0.6630 1 3 2999 
open 0.6503 1 3 2999 
open 0.6365 1 3 2999 
open 0.6528 1 3 2999 
open 0.6370 1 3 2999 
open 0.6473 1 3 2999 
open 0.6625 1 3 2999 
open 0.6913 1 3 2999 
open 0.7117 1 3 2999 
open 0.7231 1 3 2999 
open 0.7086 1 3 2999 
open 0.7058 1 3 2999 
open 0.7658 1 4 3000 
open 0.7744 1 4 3000 
open 0.7876 1 3 2999 
open 0.8203 1 3 2999 
open 0.8015 1 3 2999 
open 0.7923 1 3 2999 
open 0.7931 1 3 2999 
open 0.8056 1 3 2999 
open 0.7882 2 7 5999 
open 0.7935 1 3 2999 
open 0.8156 1 3 2999 
open 0.8241 1 3 2999 
open 0.8435 1 3 2999 
open 0.8294 1 3 2999 
open 0.8264 1 3 2999 
open 0.8343 1 3 2999 
open 0.8637 1 3 2999 
open 0.8630 1 3 2999 
open 0.8753 1 3 2999 
open 0.9063 1 4 3000 
open 0.9228 1 3 3059 
open 0.9026 1 3 2999 
open 0.9300 2 7 6000 
open 0.9298 1 3 3027 
open 0.9204 1 3 2999 
open 0.9244 1 3 2999 
open 0.9038 1 3 2999 
open 0.9062 2 6 5999 
open 0.8750 1 4 4618 
open 0.9116 1 3 2999 
open 0.9210 1 3 2999 
open 0.9234 1 3 2999 
open 0.8860 1 3 2999 
open 0.8780 1 3 2999 
open 0.9009 1 3 2999 
open 0.8918 1 3 2999 
open 0.9032 1 3 2999 
open 0.9150 1 3 2999 
open 0.9188 1 3 2999 
open 0.9190 1 3 2939 
open 0.9183 1 3 2999 
open 0.9274 1 4 3000 
open 0.9281 1 4 3002 
open 0.9310 2 9 6122 
open 0.9161 2 7 6724 
open 0.9092 1 3 2999 
open 0.8946 1 3 3000 
open 0.8620 1 3 2999 
open 0.8275 1 3 2999 
open 0.8325 1 4 3000 
open 0.8256 1 3 2999 
open 0.8636 1 3 2999 
open 0.8726 1 3 2999 
open 0.8502 1 3 2999 
open 0.8504 1 3 2999 
open 0.8838 1 4 3001 
open 0.8822 1 4 3004 
open 0.9007 1 7 3004 
open 0.9126 1 7 3003 
open 0.9131 1 5 3001 
open 0.9049 1 5 3023 
open 0.8830 1 4 3000 
open 0.8929 1 6 3005 
open 0.9104 1 4 3010 
open 0.9392 1 4 3033 
open 0.9534 1 5 3024 
open 0.9667 1 5 3137 
open 0.9713 1 6 3151 
open 0.9863 1 3 3002 
open 0.9705 1 6 3047 
open 0.9862 1 3 3059 
open 0.9990 1 5 3001 
open 1.0022 1 3 2999 
open 0.9759 1 5 3002 
open 0.9730 1 5 3151 
open 0.9586 1 5 3002 
open 0.9827 2 9 6011 
open 0.9983 1 5 3002 
open 0.9971 1 5 3515 
open 1.0088 2 8 6459 
open 1.0055 1 4 3002 
open 0.9823 1 4 3004 
open 0.9982 1 5 3041 
open 0.9959 1 5 3001 
open 1.0103 1 4 3000 
open 1.0141 1 3 2999 
open 0.9966 1 5 3009 
open 0.9986 1 4 3001 
open 1.0128 1 3 2999 
open 1.0096 2 6 5998 
open 0.9889 1 3 2999 
open 1.0288 1 3 2999 
open 1.0318 1 4 3000 
open 1.0449 1 6 3050 
open 1.0534 3 13 9319 
open 1.0793 1 3 3008 
open 1.0852 1 5 3080 
open 1.0849 1 3 2999 
open 1.0633 1 3 2999 
open 1.0555 1 3 2999 
open 1.0679 1 4 3000 
open 1.0715 1 3 2999 
open 1.0686 1 3 2999 
open 1.0595 1 3 2999 
open 1.0690 1 3 2999 
open 1.0586 1 3 2999 
open 1.0739 1 3 2999 
open 1.0956 1 3 2999 
open 1.0746 1 3 2999 
open 1.0379 1 4 3001 
open 1.0472 1 3 2999 
open 1.0518 2 10 7766 
open 1.0672 1 5 3040 
open 1.0490 1 7 3080 
open 1.0310 1 7 3046 
open 1.0247 2 7 6016 
open 0.9902 2 8 6043 
open 0.9552 1 4 3025 
open 0.9955 1 7 3069 
open 1.0424 1 5 3093 
open 1.0287 1 3 2999 
open 1.0376 1 4 3015 
open 1.0169 1 4 3001 
open 0.9840 1 3 2999 
open 1.0034 1 5 3061 
open 1.0241 1 3 2999 
open 1.0002 1 3 2999 
open 1.0065 1 4 3686 
open 1.0140 1 4 3420 
open 1.0363 2 8 6011 
open 1.0301 2 6 5999 
open 1.0372 1 3 2999 
open 1.0483 1 5 3001 
open 1.0624 1 3 2999 
open 1.0802 1 3 2999 
open 1.0689 1 3 2999 
open 1.0646 1 4 3000 
open 1.0771 1 3 2999 
open 1.0545 1 3 2999 
open 1.0549 1 3 3008 
open 1.0479 1 4 2940 
open 1.0441 1 5 3015 
open 1.0313 1 6 3017 
open 1.0235 1 3 2999 
open 1.0401 1 3 2999 
open 1.0326 1 3 2999 
open 1.0329 1 3 2999 
open 0.9933 1 3 2999 
open 0.9795 1 3 2999 
open 0.9750 1 3 2999 
open 0.9963 1 4 3003 
open 1.0184 1 3 2999 
open 1.0057 1 4 3000 
open 1.0280 1 3 2999 
open 1.0183 1 3 2999 
open 1.0211 1 3 2999 
open 1.0488 1 3 2999 
open 1.0548 1 3 2999 
open 1.0487 1 4 3000 
open 1.0467 1 3 2999 
open 1.0214 1 5 3021 
open 1.0430 2 6 5998 
open 1.0438 1 3 2999 
open 1.0377 1 3 3000 
open 1.0257 1 4 3001 
open 1.0200 1 5 3017 
open 1.0297 1 5 3010 
open 1.0264 1 4 3060 
open 1.0369 2 9 6063 
open 1.0426 1 3 2999 
open 1.0383 2 7 6008 
open 1.0442 1 3 2999 
open 1.0464 2 6 6008 
open 1.0375 1 4 3000 
open 1.0504 1 3 2999 
open 1.0560 1 3 2999 
open 1.0561 1 4 3001 
open 1.0311 1 3 2999 
open 1.0352 1 4 3000 
open 1.0226 1 3 2999 
open 1.0253 1 3 2999 
open 1.0315 1 3 2999 
open 1.0366 1 3 2999 
open 1.0478 1 3 2939 
open 1.0450 1 3 2999 
open 1.0494 1 3 2999 
open 1.0385 1 3 2999 
open 1.0265 1 3 2999 
open 1.0371 1 3 3008 
open 1.0177 1 4 3000 
open 0.9809 1 3 2999 
open 0.9602 1 3 2999 
open 0.9650 1 3 2999 
open 0.9454 1 3 2999 
open 0.9485 1 3 2999 
open 0.9254 1 4 3118 
open 0.9141 1 3 3000 
open 0.9238 1 4 3005 
open 0.9285 1 4 3001 
open 0.9093 1 3 3000 
open 0.8979 1 3 3000 
open 0.9055 1 4 3030 
open 0.9301 1 4 3001 
open 0.9353 1 4 3001 
open 0.9384 1 3 3000 
open 0.9395 1 3 3000 
open 0.9501 1 5 3009 
open 0.9702 1 4 3063 
open 0.9479 1 3 3002 
open 0.9505 1 4 3004 
open 0.9297 2 9 6017 
open 0.9430 1 6 3017 
open 0.9124 1 5 3009 
open 0.9134 1 3 3001 
open 0.9147 1 4 3002 
open 0.8897 1 5 4441 
open 0.8910 1 6 4741 
open 0.8888 1 4 4441 
open 0.8914 2 8 6006 
open 0.8953 1 3 3000 
open 0.8800 1 3 3002 
open 0.8788 1 4 3003 
open 0.9031 1 4 3004 
open 0.9019 1 3 3001 
open 0.9014 1 3 3002 
open 0.8952 1 4 3001 
open 0.8967 1 3 3001 
open 0.9128 1 3 2999 
open 0.9159 1 3 2939 
open 0.9241 1 4 3001 
open 0.9347 1 4 3001 
open 0.9354 1 3 3001 
open 0.9362 1 3 3001 
open 0.9267 1 3 3000 
open 0.9343 1 3 3000 
open 0.9360 1 3 3000 
open 0.9231 1 3 3000 
open 0.9259 1 3 3001 
open 0.9262 1 3 3000 
open 0.9370 1 4 3001 
open 0.9337 1 5 3003 
open 0.9364 1 3 3000 
open 0.9492 1 3 3000 
open 0.9402 1 5 3002 
open 0.9368 1 4 3001 
open 0.9389 1 3 3000 
open 0.9383 1 3 3000 
open 0.9266 1 7 3011 
open 0.9278 1 4 3059 
open 0.9207 1 5 3007 
open 0.9075 1 6 5947 
open 0.8735 2 12 13147 
open 0.8809 1 6 3401 
open 0.8709 1 4 3007 
open 0.8851 1 6 3022 
open 0.8754 1 4 3006 
open 0.8691 1 3 3008 
open 0.8531 1 6 3030 
open 0.8446 1 6 3037 
open 0.8293 1 7 3041 
open 0.8219 1 6 3038 
open 0.8109 1 6 4762 
open 0.8167 1 7 5837 
open 0.8074 1 6 3035 
open 0.8164 2 14 6082 
open 0.7926 1 7 4413 
open 0.7768 2 13 6061 
open 0.7811 1 6 3030 
open 0.7827 1 7 3034 
open 0.7812 1 7 3043 
open 0.7630 1 6 3029 
open 0.7869 1 6 2947 
open 0.7641 1 4 3001 
open 0.7615 2 8 6001 
open 0.8013 1 5 3002 
open 0.7924 1 4 3003 
open 0.7980 1 3 3000 
open 0.7915 1 3 3000 
open 0.7740 1 4 3003 
open 0.7766 1 6 3199 
open 0.7750 1 5 3002 
open 0.7736 1 3 3000 
open 0.7447 1 5 3004 
open 0.7450 1 3 3001 
open 0.7420 1 3 3000 
open 0.7338 1 3 3000 
open 0.7378 1 5 3002 
open 0.7313 1 4 3001 
open 0.7334 1 4 3001 
open 0.7130 1 4 3001 
open 0.7016 1 3 3000 
open 0.7031 1 4 3001 
open 0.7135 1 4 3001 
open 0.7077 2 6 6000 
open 0.6996 1 4 3001 
open 0.7157 1 4 3001 
open 0.7215 1 5 3002 
open 0.7262 1 3 3061 
open 0.7198 1 4 3004 
open 0.7183 2 7 6491 
open 0.7029 1 3 3001 
open 0.7255 1 4 3002 
open 0.7318 1 4 3003 
open 0.7213 1 3 3003 
open 0.7190 1 4 3003 
open 0.7234 1 4 4498 
open 0.7288 1 5 4561 
open 0.7159 1 3 3001 
open 0.6975 1 3 3001 
open 0.6907 1 3 3001 
open 0.6992 2 6 6000 
open 0.7030 1 3 3002 
open 0.7071 1 3 3003 
open 0.7113 1 3 3003 
open 0.7189 1 3 3001 
open 0.7175 1 3 3001 
open 0.7425 1 5 3003 
open 0.7610 1 3 2940 
open 0.7638 2 6 6009 
open 0.7542 1 3 2999 
open 0.7684 1 3 2999 
open 0.7796 2 6 5998 
open 0.7742 1 3 2999 
open 0.7498 1 5 3004 
open 0.7312 1 6 3016 
open 0.7237 1 6 3026 
open 0.7444 1 4 3007 
open 0.7351 1 3 2999 
open 0.7446 1 3 2999 
open 0.7397 1 3 2999 
open 0.7438 1 3 2999 
open 0.7599 1 3 2999 
open 0.7515 1 3 2999 
open 0.7666 2 7 6000 
open 0.7696 1 3 2999 
open 0.7614 1 3 2999 
open 0.7675 1 3 2999 
open 0.7459 1 4 3000 
open 0.7556 2 6 6009 
open 0.7665 1 4 3000 
open 0.7548 1 3 3011 
open 0.7654 2 6 6019 
open 0.7760 1 3 3009 
open 0.7400 1 3 3010 
open 0.7458 1 3 3009 
open 0.7497 1 3 3009 
open 0.7258 1 4 3789 
open 0.7217 2 6 6017 
open 0.7366 1 3 3009 
open 0.7564 1 3 3008 
open 0.7581 1 3 3010 
open 0.7583 1 3 3009 
open 0.7626 1 3 3009 
open 0.7673 1 3 3009 
open 0.7586 1 3 3010 
open 0.7685 3 9 8886 
open 0.7634 1 3 2999 
open 0.7500 1 3 2999 
open 0.7553 1 3 2999 
open 0.7344 1 3 2999 
open 0.7476 1 3 2999 
open 0.7457 1 4 3001 
open 0.7512 1 3 2999 
open 0.7533 1 3 2999 
open 0.7578 1 3 2999 
open 0.7585 1 4 3001 
open 0.7636 1 5 3875 
open 0.7911 1 4 3000 
open 0.7957 2 7 6009 
open 0.7909 1 3 2999 
open 0.7819 1 3 2999 
open 0.7910 1 3 2999 
open 0.7953 1 3 2999 
open 0.8001 1 3 2999 
open 0.8017 1 3 2999 
open 0.8005 1 3 2999 
open 0.7831 1 3 2999 
open 0.7778 1 3 2999 
open 0.7840 1 3 2999 
open 0.7774 1 3 3060 
open 0.7657 1 3 3010 
open 0.7629 1 4 3010 
open 0.7593 1 4 3029 
open 0.7558 1 3 3009 
open 0.7726 1 5 4931 
open 0.7828 1 3 3009 
open 0.7822 1 3 3010 
open 0.7999 1 5 3016 
open 0.8080 1 7 3210 
open 0.7904 1 4 3033 
open 0.7853 2 6 5998 
open 0.7762 1 3 2999 
open 0.7765 1 3 2999 
open 0.7485 1 3 3075 
open 0.7442 1 3 2999 
open 0.7576 1 3 3074 
open 0.7484 1 3 2999 
open 0.7574 1 3 2999 
open 0.7388 2 6 5998 
open 0.7384 1 3 3008 
open 0.7426 1 3 3008 
open 0.7414 1 3 3009 
open 0.7239 1 3 3008 
open 0.7357 1 3 3009 
open 0.7178 1 3 3008 
open 0.7115 1 4 3009 
open 0.7226 1 3 3008 
open 0.7247 1 3 3008 
open 0.7102 1 3 3008 
open 0.7139 1 3 3009 
open 0.7079 1 3 3068 
open 0.7103 1 4 3010 
open 0.7242 1 3 3008 
open 0.7210 1 3 3009 
open 0.7223 1 3 3008 
open 0.7336 1 3 3008 
open 0.7203 1 3 3009 
open 0.7176 1 4 3187 
open 0.7037 1 4 3187 
open 0.7051 1 3 3000 
open 0.7138 1 3 3000 
open 0.7201 1 3 3000 
open 0.7121 1 3 3009 
open 0.7155 1 3 3009 
open 0.7232 1 3 3009 
open 0.7093 1 3 3008 
open 0.7161 1 4 3000 
open 0.7196 1 3 2999 
open 0.7074 1 3 2999 
open 0.7087 1 3 2999 
open 0.7136 1 3 2939 
open 0.7126 1 3 2999 
open 0.7163 1 3 2999 
open 0.7095 1 3 2999 
open 0.7007 1 3 2999 
open 0.6934 1 3 2999 
open 0.6925 1 3 2999 
open 0.6990 1 3 2999 
open 0.6958 1 3 2999 
open 0.6879 1 3 2999 
open 0.6960 1 3 2999 
open 0.6921 1 3 2999 
open 0.7015 1 3 2999 
open 0.6993 1 3 2999 
hight 0.5721 1 7 4522 
hight 0.5632 1 7 4709 
hight 0.5624 1 7 4049 
hight 0.5546 2 14 11901 
hight 0.5562 1 7 4477 
hight 0.5506 1 7 4608 
hight 0.5327 1 7 4820 
hight 0.5281 1 7 4219 
hight 0.5296 1 7 4725 
hight 0.5176 1 7 4394 
hight 0.5044 1 7 4109 
hight 0.5036 1 7 4210 
hight 0.5004 1 7 4243 
hight 0.4993 1 7 4279 
hight 0.5116 2 14 14646 
hight 0.5196 2 14 8529 
hight 0.5187 1 7 4532 
hight 0.5240 2 14 10746 
hight 0.5266 1 7 4294 
hight 0.5316 1 7 4186 
hight 0.5231 1 7 4840 
hight 0.5205 1 7 4390 
hight 0.5268 2 14 11720 
hight 0.5299 1 7 4196 
hight 0.5224 1 7 4365 
hight 0.5219 1 7 4254 
hight 0.5124 1 7 4759 
hight 0.5181 1 7 5325 
hight 0.5115 1 7 6148 
hight 0.5208 2 14 13117 
hight 0.5226 1 7 5895 
hight 0.5375 1 7 5178 
hight 0.5391 1 7 5602 
hight 0.5346 1 7 5597 
hight 0.5203 1 7 6186 
hight 0.4961 1 7 5955 
hight 0.4972 1 7 5501 
hight 0.5081 1 7 5163 
hight 0.5167 1 7 5078 
hight 0.5158 1 7 5106 
hight 0.5090 1 7 5650 
hight 0.5146 1 7 5082 
hight 0.5221 1 7 5374 
hight 0.5243 1 7 5708 
hight 0.5232 1 7 6713 
hight 0.5235 1 7 7244 
hight 0.5195 1 7 7123 
hight 0.5154 1 7 8020 
hight 0.5241 1 7 7308 
hight 0.5201 1 7 7465 
hight 0.5214 1 7 7512 
hight 0.5121 1 7 7462 
hight 0.5136 1 7 7627 
hight 0.5191 1 7 7533 
hight 0.5185 1 7 7567 
hight 0.5211 1 7 7673 
hight 0.5261 1 7 7599 
hight 0.5262 1 7 7630 
hight 0.5334 1 7 7471 
hight 0.5356 1 7 7472 
hight 0.5351 1 7 7540 
hight 0.5364 1 7 7731 
hight 0.5420 1 7 7693 
hight 0.5453 1 7 7638 
hight 0.5428 1 7 7640 
hight 0.5484 1 7 7542 
hight 0.5572 1 7 7757 
hight 0.5625 1 7 7354 
hight 0.5769 2 14 14608 
hight 0.5773 1 7 7211 
hight 0.5717 1 7 7244 
hight 0.5792 1 7 6465 
hight 0.5780 1 7 6238 
hight 0.5692 1 7 6660 
hight 0.5710 1 7 6906 
hight 0.5578 1 7 6664 
hight 0.5455 1 7 6255 
hight 0.5480 1 7 6396 
hight 0.5409 1 7 6615 
hight 0.5468 1 7 6391 
hight 0.5543 1 7 6845 
hight 0.5514 1 7 6711 
hight 0.5533 1 7 6617 
hight 0.5519 1 7 6765 
hight 0.5474 1 7 6846 
hight 0.5505 1 7 7032 
hight 0.5496 1 7 7268 
hight 0.5566 1 7 7019 
hight 0.5592 1 7 7276 
hight 0.5633 1 7 7132 
hight 0.5670 1 7 7021 
hight 0.5648 1 7 7236 
hight 0.5646 1 7 7091 
hight 0.5621 1 7 7128 
hight 0.5637 1 7 7368 
hight 0.5688 1 7 6939 
hight 0.5667 1 7 7171 
hight 0.5662 1 7 8509 
hight 0.5862 1 7 6670 
hight 0.5926 1 7 7152 
hight 0.5941 1 7 7314 
hight 0.5924 1 7 7209 
hight 0.5934 1 7 7255 
hight 0.5969 1 7 7229 
hight 0.6080 1 7 7159 
hight 0.6159 1 7 7208 
hight 0.6179 1 7 6949 
hight 0.6058 1 7 6340 
hight 0.5978 1 7 6457 
hight 0.6059 1 7 6753 
hight 0.6061 1 7 6617 
hight 0.6085 1 7 6806 
hight 0.6228 1 7 7131 
hight 0.6230 1 7 6687 
hight 0.6430 1 7 6693 
hight 0.6503 1 7 6267 
hight 0.6595 1 7 6225 
hight 0.6622 1 7 6457 
hight 0.6614 2 10 8716 
hight 0.6706 1 7 5944 
hight 0.6719 1 7 6461 
hight 0.6734 1 7 6164 
hight 0.6777 1 7 6200 
hight 0.6844 1 7 6350 
hight 0.6630 1 7 5596 
hight 0.6575 1 7 5773 
hight 0.6675 1 7 5711 
hight 0.6638 1 7 5522 
hight 0.6608 1 7 5572 
hight 0.6617 1 7 6057 
hight 0.6620 1 7 5669 
hight 0.6493 1 7 5959 
hight 0.6604 1 7 5573 
hight 0.6666 1 7 5705 
hight 0.6833 1 7 5647 
hight 0.6868 1 7 5556 
hight 0.6918 1 7 5683 
hight 0.6955 1 7 5856 
hight 0.7001 1 7 6009 
hight 0.7072 1 7 6089 
hight 0.7114 1 7 5827 
hight 0.7174 1 7 5936 
hight 0.7243 2 10 8701 
hight 0.7264 2 12 10448 
hight 0.7329 1 7 6042 
hight 0.7429 1 7 6006 
hight 0.7452 1 7 5708 
hight 0.7432 1 7 5500 
hight 0.7514 1 7 7455 
hight 0.7725 1 7 5939 
hight 0.7810 3 21 9175 
hight 0.7801 1 7 3052 
hight 0.7809 1 7 3066 
hight 0.7835 1 7 3072 
hight 0.7985 2 10 6086 
hight 0.8002 1 7 3066 
hight 0.7815 1 7 3077 
hight 0.7656 2 10 6080 
hight 0.7592 1 7 3063 
hight 0.7555 1 7 3081 
hight 0.7556 1 7 3029 
hight 0.7689 1 7 3073 
hight 0.7691 1 7 3099 
hight 0.7539 1 7 3061 
hight 0.7373 2 11 6052 
hight 0.7361 2 12 6073 
hight 0.7340 1 7 3064 
hight 0.7022 1 7 3060 
hight 0.7097 2 10 6065 
hight 0.7199 1 7 3038 
hight 0.7093 1 7 3030 
hight 0.7011 1 7 3034 
hight 0.6974 1 7 3035 
hight 0.7024 1 7 3034 
hight 0.7185 1 7 3047 
hight 0.7281 1 7 3033 
hight 0.7345 1 7 3031 
hight 0.7286 1 7 3039 
hight 0.7075 3 14 9220 
hight 0.7175 1 7 3036 
hight 0.7193 2 10 6046 
hight 0.7260 1 7 3032 
hight 0.7090 1 7 3028 
hight 0.7061 1 7 3036 
hight 0.7046 3 13 9039 
hight 0.7040 1 7 3034 
hight 0.7190 2 10 6031 
hight 0.7283 1 7 3030 
hight 0.7379 2 11 6027 
hight 0.7331 2 10 6037 
hight 0.7501 2 10 6023 
hight 0.7507 1 7 3089 
hight 0.7636 1 7 3032 
hight 0.7742 1 7 3028 
hight 0.7874 1 7 3029 
hight 0.7945 1 7 3032 
hight 0.7830 2 10 6023 
hight 0.7755 1 7 3021 
hight 0.7681 1 7 3033 
hight 0.7836 1 7 4342 
hight 0.7679 2 10 6018 
hight 0.7695 2 8 6024 
hight 0.7724 1 3 2999 
hight 0.7800 1 4 3006 
hight 0.7786 1 3 2999 
hight 0.7888 1 3 2999 
hight 0.7954 2 6 5998 
hight 0.7944 2 6 5998 
hight 0.7987 1 3 3007 
hight 0.7983 1 3 2999 
hight 0.7807 2 6 5938 
hight 0.7774 1 3 2999 
hight 0.7770 1 3 2999 
hight 0.7802 1 4 3004 
hight 0.7838 1 3 2999 
hight 0.7824 2 6 5998 
hight 0.7789 2 7 6002 
hight 0.7637 1 3 2999 
hight 0.7645 1 3 2999 
hight 0.7696 1 3 2999 
hight 0.7702 1 3 2999 
hight 0.7796 1 3 2999 
hight 0.7644 2 7 5999 
hight 0.7573 1 3 2999 
hight 0.7561 1 3 2999 
hight 0.7685 2 7 5999 
hight 0.7657 1 3 2999 
hight 0.7737 1 3 2999 
hight 0.7752 1 3 2999 
hight 0.7704 1 4 3000 
hight 0.7612 2 7 6002 
hight 0.7693 5 15 15026 
hight 0.7761 1 3 2999 
hight 0.7734 1 3 3008 
hight 0.7726 1 3 2999 
hight 0.7643 2 8 6688 
hight 0.7630 2 7 6009 
hight 0.7562 2 7 6000 
hight 0.7571 1 3 2999 
hight 0.7599 1 3 3059 
hight 0.7437 4 14 12010 
hight 0.7377 1 3 2999 
hight 0.7392 1 3 2999 
hight 0.7451 2 6 6008 
hight 0.7541 1 3 2999 
hight 0.7567 2 6 6008 
hight 0.7576 1 3 2999 
hight 0.7366 1 3 2999 
hight 0.7412 1 3 2999 
hight 0.7550 1 3 2999 
hight 0.7574 1 4 3000 
hight 0.7542 1 3 2999 
hight 0.7585 2 6 5998 
hight 0.7580 1 4 3001 
hight 0.7435 2 6 6007 
hight 0.7440 2 6 6007 
hight 0.7434 1 3 2999 
hight 0.7484 1 3 2999 
hight 0.7378 1 4 3003 
hight 0.7407 1 3 2999 
hight 0.7209 1 3 2939 
hight 0.7219 2 6 5999 
hight 0.7341 1 3 2999 
hight 0.7426 1 3 3000 
hight 0.7480 1 3 3000 
hight 0.7635 1 3 2999 
hight 0.7745 1 3 2999 
hight 0.7790 1 3 2999 
hight 0.7722 1 4 3000 
hight 0.7649 1 3 2999 
hight 0.7444 2 6 5998 
hight 0.7418 1 3 2999 
hight 0.7467 1 3 2999 
hight 0.7531 1 3 2999 
hight 0.7564 2 6 5998 
hight 0.7672 1 3 2999 
hight 0.7713 1 3 2999 
hight 0.7697 1 4 3001 
hight 0.7667 1 3 2999 
hight 0.7718 1 3 2999 
hight 0.7708 2 8 6000 
hight 0.7572 1 3 2999 
hight 0.7577 1 3 2999 
hight 0.7525 1 3 2999 
hight 0.7481 1 3 2999 
hight 0.7552 1 3 2999 
hight 0.7751 1 3 3059 
hight 0.7765 1 3 2999 
hight 0.7730 2 6 6008 
hight 0.7712 1 3 3000 
hight 0.7842 1 3 2999 
hight 0.7924 1 3 2999 
hight 0.7928 1 3 2999 
hight 0.7891 2 6 5998 
hight 0.7895 3 10 10378 
hight 0.7968 1 4 4380 
hight 0.7977 1 3 2999 
hight 0.7858 2 10 6042 
hight 0.7935 1 3 2999 
hight 0.7925 1 3 2999 
hight 0.7779 1 4 3000 
hight 0.7818 1 3 2999 
hight 0.7884 1 3 2999 
hight 0.7881 1 3 2999 
hight 0.8038 1 4 3000 
hight 0.8106 2 6 5938 
hight 0.8178 1 3 2999 
hight 0.8264 1 3 2999 
hight 0.8383 1 3 2999 
hight 0.8389 1 3 2999 
hight 0.8356 1 3 2999 
hight 0.8306 1 3 2999 
hight 0.8349 1 3 2999 
hight 0.8338 1 3 2999 
hight 0.8265 1 3 2999 
hight 0.8405 1 3 2999 
hight 0.8474 1 3 2999 
hight 0.8467 2 6 5998 
hight 0.8508 1 3 2999 
hight 0.8595 1 3 2999 
hight 0.8635 1 4 3007 
hight 0.8757 1 3 2999 
hight 0.8860 1 3 2999 
hight 0.8868 2 7 6000 
hight 0.8601 1 3 3002 
hight 0.8659 1 3 2999 
hight 0.8344 1 4 3016 
hight 0.8331 1 4 3001 
hight 0.8268 1 3 2999 
hight 0.8347 1 3 2999 
hight 0.8527 1 3 2999 
hight 0.8742 1 3 2999 
hight 0.8946 1 4 3000 
hight 0.9030 1 3 2999 
hight 0.9075 1 4 3000 
hight 0.8991 1 3 2999 
hight 0.9269 1 4 3060 
hight 0.9340 1 3 2999 
hight 0.9397 2 7 6058 
hight 0.9066 3 10 9002 
hight 0.8943 1 3 2999 
hight 0.8917 2 7 5999 
hight 0.8893 1 4 3001 
hight 0.8903 1 3 2999 
hight 0.8716 1 5 4380 
hight 0.8789 1 5 5819 
hight 0.8845 1 5 3001 
hight 0.9016 1 3 2999 
hight 0.8878 1 3 2999 
hight 0.8902 1 3 2999 
hight 0.9098 1 3 2999 
hight 0.9083 2 9 8946 
hight 0.9235 1 3 2999 
hight 0.9347 1 3 2999 
hight 0.9494 1 3 2999 
hight 0.9382 2 7 6000 
hight 0.9469 1 3 2999 
hight 0.9351 1 3 2999 
hight 0.9250 1 4 2940 
hight 0.9319 1 3 2999 
hight 0.9343 1 3 2999 
hight 0.9471 1 3 2999 
hight 0.9539 1 3 2999 
hight 0.9504 1 3 2999 
hight 0.9500 1 4 3000 
hight 0.9615 1 4 3000 
hight 0.9651 1 3 2999 
hight 0.9635 1 3 2999 
hight 0.9645 1 3 2999 
hight 0.9490 1 3 2999 
hight 0.9584 1 3 2999 
hight 0.9665 1 3 2999 
hight 0.9648 1 4 3000 
hight 0.9847 1 3 2999 
hight 0.9813 1 3 2999 
hight 0.9727 1 3 2999 
hight 0.9525 1 3 2999 
hight 0.9203 1 4 3000 
hight 0.8793 1 3 2999 
hight 0.8810 1 3 2999 
hight 0.8691 1 3 2999 
hight 0.8400 1 3 2999 
hight 0.8259 1 3 2999 
hight 0.8517 1 3 2999 
hight 0.8422 1 3 2999 
hight 0.8017 1 3 2999 
hight 0.7236 1 3 2999 
hight 0.7073 1 3 2999 
hight 0.6823 1 4 3071 
hight 0.7012 1 4 3002 
hight 0.7009 1 3 2999 
hight 0.6693 1 3 2999 
hight 0.6602 1 3 2999 
hight 0.6689 1 3 2999 
hight 0.6983 1 3 2999 
hight 0.7134 1 4 3004 
hight 0.6966 1 5 4609 
hight 0.7265 2 8 6015 
hight 0.6839 1 3 2999 
hight 0.6716 1 3 2999 
hight 0.6729 1 3 2999 
hight 0.6847 1 3 2999 
hight 0.6639 1 3 2999 
hight 0.6545 1 3 2999 
hight 0.6552 1 3 2999 
hight 0.6524 1 3 2999 
hight 0.6635 1 3 2999 
hight 0.7091 1 3 2999 
hight 0.7048 1 3 2939 
hight 0.7227 1 3 2999 
hight 0.7322 1 3 2999 
hight 0.7313 2 6 6007 
hight 0.7237 1 3 2999 
hight 0.7476 1 3 2999 
hight 0.7711 1 3 2999 
hight 0.7782 2 7 6060 
hight 0.7880 1 4 3000 
hight 0.8228 1 3 2999 
hight 0.8261 1 3 2999 
hight 0.8235 1 3 2999 
hight 0.8116 1 3 2999 
hight 0.8153 1 3 2999 
hight 0.7946 1 3 2999 
hight 0.8189 1 3 2999 
hight 0.8336 1 3 2999 
hight 0.8458 1 3 2999 
hight 0.8476 1 3 2999 
hight 0.8427 1 3 2999 
hight 0.8468 1 3 2999 
hight 0.8655 1 3 2999 
hight 0.8673 1 3 2999 
hight 0.8773 1 3 2999 
hight 0.8787 1 3 2999 
hight 0.9124 1 5 3002 
hight 0.9309 1 4 3000 
hight 0.9325 1 3 3059 
hight 0.9204 1 3 2999 
hight 0.9321 1 3 2999 
hight 0.9404 1 3 2999 
hight 0.9335 1 3 3027 
hight 0.9320 2 6 5998 
hight 0.9192 1 3 2999 
hight 0.8990 1 4 4618 
hight 0.9172 2 7 7616 
hight 0.9323 1 3 2999 
hight 0.9326 1 3 2999 
hight 0.9237 1 3 2999 
hight 0.9045 1 3 2999 
hight 0.8913 1 3 2999 
hight 0.9024 2 6 6001 
hight 0.9068 1 3 2999 
hight 0.9057 1 3 2999 
hight 0.9155 1 3 2999 
hight 0.9214 1 3 2999 
hight 0.9249 1 3 2999 
hight 0.9213 1 3 2939 
hight 0.9286 1 3 2999 
hight 0.9379 1 4 3000 
hight 0.9362 1 4 3002 
hight 0.9336 1 5 3001 
hight 0.9322 1 3 2999 
hight 0.9116 1 3 2999 
hight 0.9023 1 3 3000 
hight 0.8636 1 3 2999 
hight 0.8548 1 3 2999 
hight 0.8519 1 4 3000 
hight 0.8664 1 3 2999 
hight 0.8857 1 3 2999 
hight 0.8778 1 3 2999 
hight 0.8563 1 3 2999 
hight 0.8838 1 3 2999 
hight 0.9147 1 7 3004 
hight 0.9219 1 7 3003 
hight 0.9132 1 5 3001 
hight 0.9052 1 5 3023 
hight 0.9028 1 4 3000 
hight 0.9179 1 6 3005 
hight 0.9454 1 4 3010 
hight 0.9561 1 4 3033 
hight 0.9683 1 5 3024 
hight 0.9747 1 5 3137 
hight 0.9914 1 6 3151 
hight 1.0000 1 3 3002 
hight 0.9971 1 6 3047 
hight 1.0021 1 3 3059 
hight 1.0180 1 5 3001 
hight 1.0088 1 3 2999 
hight 0.9951 1 5 3002 
hight 0.9850 1 5 3151 
hight 0.9962 1 5 3002 
hight 1.0026 1 6 3011 
hight 0.9990 1 5 3002 
hight 1.0149 2 8 6514 
hight 1.0253 1 5 3520 
hight 1.0073 1 4 3002 
hight 1.0017 1 4 3004 
hight 1.0074 1 5 3041 
hight 1.0145 1 5 3001 
hight 1.0198 1 4 3000 
hight 1.0155 1 5 3009 
hight 1.0199 2 8 6004 
hight 1.0186 1 3 2999 
hight 1.0156 1 3 2999 
hight 1.0125 1 3 2999 
hight 1.0312 1 3 2939 
hight 1.0414 1 3 2999 
hight 1.0579 1 4 3000 
hight 1.0576 1 6 3050 
hight 1.0794 1 5 3057 
hight 1.1009 1 3 3008 
hight 1.0874 1 5 3080 
hight 1.0886 1 3 2999 
hight 1.0708 1 3 2999 
hight 1.0754 1 3 2999 
hight 1.0772 1 4 3000 
hight 1.0716 1 3 2999 
hight 1.0711 1 3 2999 
hight 1.0648 1 3 2999 
hight 1.0788 1 4 3262 
hight 1.0786 1 3 2999 
hight 1.0797 1 3 2999 
hight 1.0966 1 3 2999 
hight 1.1078 1 3 2999 
hight 1.0783 1 3 2999 
hight 1.0511 1 4 3001 
hight 1.0599 1 3 2999 
hight 1.0718 1 3 2999 
hight 1.0763 1 5 3040 
hight 1.0659 1 7 3080 
hight 1.0396 1 7 3046 
hight 1.0289 1 4 3017 
hight 0.9952 1 5 3044 
hight 1.0012 1 4 3025 
hight 1.0369 1 7 3069 
hight 1.0498 1 3 2999 
hight 1.0750 1 5 3093 
hight 1.0443 1 3 2999 
hight 1.0395 2 9 6027 
hight 1.0182 1 4 3001 
hight 1.0075 1 3 2999 
hight 1.0328 1 5 3061 
hight 1.0377 1 3 2999 
hight 1.0092 1 3 2999 
hight 1.0216 1 4 3686 
hight 1.0384 1 4 3420 
hight 1.0371 1 3 2999 
hight 1.0447 2 8 6020 
hight 1.0571 1 3 2999 
hight 1.0685 1 5 3001 
hight 1.0820 1 3 2999 
hight 1.0842 1 3 2999 
hight 1.0813 1 3 2999 
hight 1.0785 1 4 3000 
hight 1.0854 1 3 2999 
hight 1.0667 1 3 2999 
hight 1.0634 1 3 3008 
hight 1.0555 1 4 2940 
hight 1.0463 1 5 3015 
hight 1.0354 1 6 3017 
hight 1.0450 1 3 2999 
hight 1.0413 1 3 2999 
hight 1.0472 2 6 5999 
hight 1.0353 1 3 2999 
hight 1.0141 1 3 2999 
hight 0.9966 1 3 2999 
hight 0.9895 1 3 2999 
hight 0.9837 1 3 3000 
hight 1.0003 1 3 2999 
hight 1.0221 1 3 2999 
hight 1.0294 1 4 3000 
hight 1.0326 1 3 2999 
hight 1.0317 1 3 2999 
hight 1.0442 1 3 3000 
hight 1.0536 1 3 2999 
hight 1.0601 1 3 2999 
hight 1.0611 1 3 2999 
hight 1.0526 1 4 3000 
hight 1.0542 1 3 2999 
hight 1.0622 1 3 2999 
hight 1.0517 1 3 2999 
hight 1.0272 1 4 3001 
hight 1.0304 1 5 3017 
hight 1.0409 1 5 3010 
hight 1.0394 1 4 3060 
hight 1.0445 1 4 3002 
hight 1.0478 1 3 2999 
hight 1.0456 1 3 2999 
hight 1.0487 1 4 3009 
hight 1.0482 1 3 2999 
hight 1.0538 1 3 2999 
hight 1.0583 1 4 3000 
hight 1.0530 1 7 4767 
hight 1.0406 1 5 3061 
hight 1.0525 1 4 3000 
hight 1.0596 1 3 2999 
hight 1.0577 1 3 2999 
hight 1.0565 1 4 3001 
hight 1.0473 1 3 3009 
hight 1.0398 1 3 2999 
hight 1.0372 1 3 2999 
hight 1.0365 1 4 3000 
hight 1.0287 1 3 2999 
hight 1.0332 1 3 2999 
hight 1.0411 1 3 2999 
hight 1.0495 1 3 2999 
hight 1.0480 1 3 2939 
hight 1.0507 1 3 2999 
hight 1.0580 1 3 2999 
hight 1.0392 1 3 2999 
hight 1.0382 1 3 2999 
hight 1.0380 1 3 3008 
hight 1.0252 1 4 3000 
hight 0.9916 1 3 2999 
hight 0.9826 1 3 2999 
hight 0.9789 1 3 2999 
hight 0.9671 1 3 2999 
hight 0.9662 1 3 2999 
hight 0.9554 1 3 2999 
hight 0.9342 2 11 6129 
hight 0.9198 1 3 3000 
hight 0.9303 1 4 3725 
hight 0.9296 1 4 3005 
hight 0.9315 1 4 3001 
hight 0.9069 2 6 6000 
hight 0.9218 1 4 3001 
hight 0.9231 1 3 3000 
hight 0.9067 1 3 3000 
hight 0.9317 1 4 3030 
hight 0.9385 2 7 6001 
hight 0.9526 1 4 3001 
hight 0.9433 1 3 3000 
hight 0.9482 1 3 3000 
hight 0.9545 1 3 3000 
hight 0.9728 1 5 3009 
hight 0.9754 1 4 3063 
hight 0.9535 1 3 3002 
hight 0.9540 1 4 3004 
hight 0.9445 2 11 6030 
hight 0.9166 1 5 3009 
hight 0.9165 1 3 3001 
hight 0.9150 1 4 3002 
hight 0.8955 1 5 4441 
hight 0.8950 1 6 4741 
hight 0.9003 1 4 4441 
hight 0.9084 1 4 3002 
hight 0.8969 1 3 3000 
hight 0.8886 1 3 3002 
hight 0.8940 1 4 3003 
hight 0.9046 1 4 3004 
hight 0.9079 1 4 3004 
hight 0.9047 1 3 3001 
hight 0.9131 1 4 3001 
hight 0.9136 1 3 3001 
hight 0.9301 1 3 2939 
hight 0.9364 1 4 3001 
hight 0.9459 1 4 3001 
hight 0.9388 1 3 3001 
hight 0.9375 1 3 3001 
hight 0.9366 2 7 6001 
hight 0.9392 1 3 3000 
hight 0.9407 1 3 3000 
hight 0.9275 1 3 3000 
hight 0.9327 1 3 3001 
hight 0.9435 1 4 3001 
hight 0.9443 1 5 3003 
hight 0.9502 1 3 3000 
hight 0.9493 1 3 3000 
hight 0.9453 1 5 3002 
hight 0.9418 1 4 3001 
hight 0.9468 1 3 3000 
hight 0.9328 1 4 3004 
hight 0.9371 1 4 3121 
hight 0.9216 1 5 3007 
hight 0.8736 1 7 10080 
hight 0.8830 1 5 3067 
hight 0.8896 1 6 3401 
hight 0.8852 1 4 3007 
hight 0.8880 1 6 3081 
hight 0.8909 1 6 3022 
hight 0.8760 1 4 3006 
hight 0.8794 1 3 3008 
hight 0.8720 1 7 3031 
hight 0.8613 1 6 3030 
hight 0.8464 1 6 3037 
hight 0.8372 1 7 3041 
hight 0.8234 1 6 3038 
hight 0.8201 1 6 4762 
hight 0.8183 1 7 5837 
hight 0.8253 1 6 3035 
hight 0.8293 1 7 3043 
hight 0.8232 1 7 3039 
hight 0.8023 1 7 4413 
hight 0.7873 1 6 3031 
hight 0.7827 1 7 3030 
hight 0.7847 1 6 3030 
hight 0.7911 1 7 3034 
hight 0.7729 2 9 6028 
hight 0.7936 1 6 3008 
hight 0.7902 1 6 2947 
hight 0.7709 1 6 3003 
hight 0.7736 2 8 6004 
hight 0.7841 1 4 3001 
hight 0.8026 1 5 3003 
hight 0.8073 1 5 3002 
hight 0.8029 1 4 3003 
hight 0.8161 1 3 3000 
hight 0.7933 1 3 3000 
hight 0.7817 1 6 3199 
hight 0.7783 1 4 3001 
hight 0.7846 1 5 3002 
hight 0.7763 2 6 5999 
hight 0.7495 2 8 6014 
hight 0.7487 1 3 3001 
hight 0.7427 1 3 3000 
hight 0.7405 2 7 6000 
hight 0.7204 3 11 9000 
hight 0.7058 1 3 3000 
hight 0.7164 2 7 6000 
hight 0.7278 2 8 6004 
hight 0.7083 1 3 3001 
hight 0.7173 1 4 3001 
hight 0.7295 1 3 3061 
hight 0.7213 1 4 3004 
hight 0.7221 1 3 3002 
hight 0.7157 2 6 6010 
hight 0.7254 3 9 9005 
hight 0.7334 1 4 3002 
hight 0.7383 1 4 3003 
hight 0.7301 2 7 7506 
hight 0.7326 1 5 4561 
hight 0.7169 1 3 3001 
hight 0.7044 1 3 3001 
hight 0.7139 1 3 3001 
hight 0.7239 1 3 3002 
hight 0.7180 1 3 3003 
hight 0.7483 1 3 3001 
hight 0.7591 1 5 3003 
hight 0.7678 1 4 3002 
hight 0.7647 1 3 2940 
hight 0.7721 1 3 2999 
hight 0.7688 1 3 2999 
hight 0.7832 1 3 2999 
hight 0.7516 1 5 3004 
hight 0.7400 1 3 2999 
hight 0.7315 1 6 3016 
hight 0.7461 1 6 3026 
hight 0.7502 1 4 3007 
hight 0.7511 1 3 2999 
hight 0.7646 1 3 2999 
hight 0.7543 1 3 2999 
hight 0.7674 1 3 2999 
hight 0.7538 1 4 3239 
hight 0.7634 1 3 2999 
hight 0.7754 1 3 3000 
hight 0.7720 1 3 2999 
hight 0.7690 1 3 2999 
hight 0.7686 1 3 2999 
hight 0.7569 2 7 6010 
hight 0.7642 1 4 3000 
hight 0.7687 2 6 5959 
hight 0.7732 1 4 3000 
hight 0.7707 1 5 3062 
hight 0.7776 1 3 3009 
hight 0.7769 1 3 3009 
hight 0.7496 1 3 3009 
hight 0.7521 1 3 3009 
hight 0.7523 1 3 3009 
hight 0.7277 1 4 3789 
hight 0.7244 2 7 6498 
hight 0.7382 1 3 3009 
hight 0.7607 2 6 6007 
hight 0.7603 2 6 6009 
hight 0.7738 1 3 3009 
hight 0.7606 1 3 3010 
hight 0.7748 1 3 3010 
hight 0.7677 1 3 2999 
hight 0.7608 1 3 2999 
hight 0.7581 1 3 2999 
hight 0.7553 1 3 2999 
hight 0.7544 1 3 2999 
hight 0.7515 1 3 2999 
hight 0.7513 1 3 2999 
hight 0.7520 1 4 3001 
hight 0.7633 1 3 2999 
hight 0.7621 1 3 2999 
hight 0.7710 1 4 3001 
hight 0.7641 1 4 3000 
hight 0.7941 1 5 3875 
hight 0.7981 2 7 5999 
hight 0.8063 1 3 2999 
hight 0.7991 1 3 2999 
hight 0.7917 1 3 2999 
hight 0.7960 1 3 2999 
hight 0.8025 1 3 2999 
hight 0.8123 1 3 2999 
hight 0.8042 1 3 2999 
hight 0.8100 1 3 2999 
hight 0.7886 1 4 3000 
hight 0.7872 1 3 2999 
hight 0.7882 1 3 2999 
hight 0.7727 1 3 3010 
hight 0.7651 1 4 3029 
hight 0.7620 1 3 3009 
hight 0.7692 1 3 3009 
hight 0.7728 1 5 4507 
hight 0.7843 1 5 4931 
hight 0.7870 1 3 3009 
hight 0.7976 1 3 3010 
hight 0.8036 1 4 3010 
hight 0.8133 1 5 3016 
hight 0.8114 1 7 3210 
hight 0.7906 1 4 3033 
hight 0.7896 1 3 2999 
hight 0.7839 1 3 2999 
hight 0.7912 1 3 2999 
hight 0.7780 1 3 2939 
hight 0.7705 1 3 2999 
hight 0.7767 1 3 2999 
hight 0.7808 1 3 2999 
hight 0.7811 1 3 2999 
hight 0.7604 1 5 4253 
hight 0.7558 1 3 3075 
hight 0.7565 1 3 2999 
hight 0.7588 1 3 3074 
hight 0.7664 1 3 2999 
hight 0.7675 1 3 2999 
hight 0.7442 1 3 2999 
hight 0.7482 1 3 3008 
hight 0.7462 1 3 3009 
hight 0.7380 1 3 3008 
hight 0.7368 1 3 3009 
hight 0.7346 1 3 3008 
hight 0.7214 1 3 3008 
hight 0.7232 1 4 3009 
hight 0.7149 1 3 3008 
hight 0.7119 1 3 3068 
hight 0.7256 1 4 3010 
hight 0.7298 1 3 3008 
hight 0.7332 1 3 3008 
hight 0.7275 1 3 3009 
hight 0.7391 1 3 3008 
hight 0.7352 1 3 3008 
hight 0.7198 1 4 3187 
hight 0.7148 1 3 3000 
hight 0.7233 1 3 3000 
hight 0.7202 1 3 3009 
hight 0.7291 1 3 3009 
hight 0.7172 1 3 3008 
hight 0.7196 1 3 2999 
hight 0.7089 1 3 2999 
hight 0.7118 1 3 2999 
hight 0.7137 1 3 2939 
hight 0.7150 1 3 2999 
hight 0.7059 1 3 2999 
hight 0.7025 1 3 2999 
hight 0.6936 1 3 2999 
hight 0.6937 1 3 2999 
hight 0.7002 1 3 2999 
hight 0.7020 1 3 2999 
hight 0.6961 1 3 2999 
hight 0.6976 1 3 2999 
hight 0.7030 1 3 2999 
hight 0.7041 1 3 2999 
hight 0.6995 1 3 2999 
low 0.5547 1 7 4522 
low 0.5502 1 7 4709 
low 0.5494 1 7 4049 
low 0.5409 1 7 5112 
low 0.5446 1 7 4477 
low 0.5323 1 7 4608 
low 0.5212 1 7 4820 
low 0.5206 1 7 4219 
low 0.5159 1 7 4725 
low 0.5019 1 7 4394 
low 0.4904 1 7 4109 
low 0.4888 1 7 4210 
low 0.4774 1 7 4243 
low 0.4829 1 7 4279 
low 0.4950 1 7 5471 
low 0.4928 1 7 3803 
low 0.5024 1 7 4532 
low 0.5147 1 7 4807 
low 0.5153 1 7 4294 
low 0.5188 2 14 11785 
low 0.5080 1 7 4840 
low 0.5036 1 7 4390 
low 0.5088 1 7 4463 
low 0.5189 1 7 4196 
low 0.5146 2 14 11078 
low 0.5045 1 7 4254 
low 0.5040 1 7 4726 
low 0.5010 1 7 4759 
low 0.5042 1 7 5325 
low 0.5020 1 7 6148 
low 0.5081 2 14 13208 
low 0.5090 1 7 5895 
low 0.5210 1 7 5178 
low 0.5251 1 7 5602 
low 0.5183 1 7 5597 
low 0.5116 1 7 5939 
low 0.4930 1 7 6186 
low 0.4818 1 7 5955 
low 0.4848 1 7 5501 
low 0.4935 1 7 5163 
low 0.4959 1 7 5078 
low 0.5052 2 14 12568 
low 0.5000 1 7 5650 
low 0.5022 1 7 5082 
low 0.5105 1 7 5374 
low 0.5161 1 7 5708 
low 0.5131 1 7 7244 
low 0.5128 1 7 7123 
low 0.5143 1 7 7421 
low 0.5041 1 7 8020 
low 0.5056 1 7 9175 
low 0.5083 1 7 7308 
low 0.5164 1 7 7257 
low 0.5115 2 14 15032 
low 0.5055 1 7 7627 
low 0.5069 1 7 7533 
low 0.5119 1 7 7673 
low 0.5186 1 7 7630 
low 0.5216 1 7 7471 
low 0.5267 1 7 7472 
low 0.5258 1 7 7540 
low 0.5301 1 7 7731 
low 0.5331 1 7 7693 
low 0.5365 1 7 7638 
low 0.5341 1 7 7640 
low 0.5385 1 7 7542 
low 0.5445 1 7 7757 
low 0.5519 1 7 7354 
low 0.5609 1 7 7235 
low 0.5663 1 7 7211 
low 0.5558 1 7 7244 
low 0.5642 1 7 6465 
low 0.5584 1 7 6238 
low 0.5538 1 7 6660 
low 0.5549 1 7 6906 
low 0.5375 1 7 6664 
low 0.5345 1 7 6255 
low 0.5229 1 7 6396 
low 0.5287 1 7 6615 
low 0.5337 1 7 6391 
low 0.5386 1 7 6789 
low 0.5452 1 7 6845 
low 0.5394 1 7 6711 
low 0.5449 2 14 13885 
low 0.5414 1 7 6765 
low 0.5400 1 7 6846 
low 0.5417 1 7 7032 
low 0.5461 1 7 7019 
low 0.5516 1 7 7276 
low 0.5512 1 7 7132 
low 0.5579 1 7 7021 
low 0.5564 1 7 7236 
low 0.5570 1 7 7091 
low 0.5544 1 7 7128 
low 0.5583 1 7 7368 
low 0.5590 1 7 6939 
low 0.5598 1 7 7171 
low 0.5601 1 7 8509 
low 0.5613 1 7 7373 
low 0.5709 1 7 6670 
low 0.5823 1 7 7152 
low 0.5845 1 7 7314 
low 0.5825 1 7 7209 
low 0.5867 1 7 7255 
low 0.5869 1 7 7229 
low 0.5892 1 7 7159 
low 0.6029 1 7 7208 
low 0.6014 1 7 6949 
low 0.5879 1 7 6340 
low 0.5880 1 7 6457 
low 0.5961 1 7 6753 
low 0.5926 1 7 6617 
low 0.6010 1 7 6806 
low 0.6073 1 7 7131 
low 0.6137 1 7 6687 
low 0.6220 1 7 6693 
low 0.6340 2 14 11840 
low 0.6392 1 7 6225 
low 0.6525 1 7 6457 
low 0.6428 1 7 5717 
low 0.6532 1 7 5944 
low 0.6542 1 7 6461 
low 0.6613 1 7 6164 
low 0.6628 1 7 6200 
low 0.6558 1 7 6350 
low 0.6485 1 7 5596 
low 0.6441 2 14 11345 
low 0.6494 1 7 5711 
low 0.6409 1 7 5522 
low 0.6524 1 7 6057 
low 0.6419 1 7 5669 
low 0.6353 2 10 8958 
low 0.6543 1 7 5705 
low 0.6586 1 7 5647 
low 0.6680 1 7 5556 
low 0.6761 1 7 5683 
low 0.6824 1 7 5856 
low 0.6854 2 14 9048 
low 0.6964 1 7 6089 
low 0.6944 1 7 5827 
low 0.7036 1 7 5936 
low 0.7092 2 11 8701 
low 0.7154 1 7 5770 
low 0.7167 1 7 6042 
low 0.7311 1 7 6006 
low 0.7332 1 7 5708 
low 0.7324 1 7 5500 
low 0.7376 1 7 7455 
low 0.7501 1 7 5939 
low 0.7648 2 11 6083 
low 0.7529 3 17 9084 
low 0.7670 1 7 3061 
low 0.7542 2 10 6076 
low 0.7587 2 10 6020 
low 0.7764 1 7 3087 
low 0.7643 1 7 3066 
low 0.7588 4 17 12076 
low 0.7401 2 10 6080 
low 0.7254 1 7 3063 
low 0.7362 1 7 3081 
low 0.7371 2 11 6030 
low 0.7510 1 7 3073 
low 0.7525 1 7 3099 
low 0.7298 2 12 6065 
low 0.7233 3 13 9050 
low 0.7122 1 7 3071 
low 0.6904 1 7 3064 
low 0.6795 1 7 3060 
low 0.6872 1 7 3066 
low 0.7050 1 7 3038 
low 0.6845 2 14 6064 
low 0.6797 1 7 3034 
low 0.6775 1 7 3035 
low 0.6876 1 7 3047 
low 0.7131 2 12 7594 
low 0.7196 1 7 3031 
low 0.6976 1 7 3039 
low 0.6932 1 7 3034 
low 0.7013 2 10 6035 
low 0.7057 1 7 3038 
low 0.7022 1 7 3032 
low 0.6957 1 7 3028 
low 0.6889 1 7 3036 
low 0.6934 1 7 3034 
low 0.7032 1 7 3032 
low 0.7128 1 7 3030 
low 0.7204 1 7 3026 
low 0.7215 1 7 3034 
low 0.7262 1 7 3024 
low 0.7369 1 7 3089 
low 0.7442 2 10 6031 
low 0.7559 3 16 9056 
low 0.7717 1 7 3029 
low 0.7695 2 14 6056 
low 0.7443 2 10 6020 
low 0.7624 1 7 3037 
low 0.7632 1 7 4342 
low 0.7539 1 7 3019 
low 0.7504 1 5 3014 
low 0.7534 2 6 5998 
low 0.7613 1 3 2999 
low 0.7630 1 3 2999 
low 0.7785 1 3 2999 
low 0.7807 3 10 10389 
low 0.7770 1 3 3007 
low 0.7859 1 3 2999 
low 0.7793 1 3 2999 
low 0.7668 1 3 2939 
low 0.7628 1 3 2999 
low 0.7625 2 10 7412 
low 0.7635 4 15 12888 
low 0.7708 1 3 2999 
low 0.7721 1 3 2999 
low 0.7709 1 3 2999 
low 0.7536 1 3 2999 
low 0.7540 1 3 2999 
low 0.7472 1 3 2999 
low 0.7620 2 6 5998 
low 0.7390 1 3 2999 
low 0.7366 1 3 2999 
low 0.7470 1 3 2999 
low 0.7492 2 6 6007 
low 0.7527 1 3 2999 
low 0.7585 1 3 2999 
low 0.7606 1 3 2999 
low 0.7496 1 4 3000 
low 0.7463 1 3 2999 
low 0.7456 1 3 2999 
low 0.7652 1 3 2999 
low 0.7614 1 3 3008 
low 0.7528 1 3 2999 
low 0.7543 1 3 2999 
low 0.7507 1 3 2999 
low 0.7446 2 6 5998 
low 0.7438 1 3 2999 
low 0.7425 1 3 3059 
low 0.7284 2 6 5998 
low 0.7261 1 3 2999 
low 0.7279 1 3 2999 
low 0.7322 2 6 5998 
low 0.7370 3 11 9002 
low 0.7319 1 3 2999 
low 0.7247 1 3 2999 
low 0.7487 1 4 3000 
low 0.7477 2 6 5939 
low 0.7391 1 4 3001 
low 0.7355 1 3 2999 
low 0.7345 1 3 2999 
low 0.7342 1 3 2999 
low 0.7301 1 4 3003 
low 0.7147 2 8 6015 
low 0.7035 1 3 2939 
low 0.7201 2 6 6007 
low 0.7237 2 6 6009 
low 0.7356 1 3 3000 
low 0.7429 1 3 2999 
low 0.7603 1 3 2999 
low 0.7594 1 3 2999 
low 0.7465 1 4 3000 
low 0.7494 1 4 3000 
low 0.7393 1 3 2999 
low 0.7365 1 3 2999 
low 0.7343 1 3 2999 
low 0.7291 1 3 2999 
low 0.7269 1 3 2999 
low 0.7399 1 3 2999 
low 0.7444 1 3 2999 
low 0.7404 1 4 3001 
low 0.7524 1 3 2999 
low 0.7567 1 3 2999 
low 0.7564 1 3 2999 
low 0.7562 1 4 3001 
low 0.7550 3 10 9037 
low 0.7609 2 6 6009 
low 0.7500 2 7 6009 
low 0.7481 2 6 5998 
low 0.7489 2 6 5998 
low 0.7424 1 3 2999 
low 0.7414 1 3 2999 
low 0.7415 2 7 6001 
low 0.7523 1 4 3003 
low 0.7584 1 3 3059 
low 0.7669 1 3 2999 
low 0.7615 1 3 2999 
low 0.7629 1 3 3000 
low 0.7703 1 3 2999 
low 0.7818 1 3 2999 
low 0.7811 1 3 2999 
low 0.7780 2 6 5998 
low 0.7812 1 4 4380 
low 0.7759 1 3 2999 
low 0.7816 1 3 2999 
low 0.7701 2 6 5998 
low 0.7697 1 4 3000 
low 0.7707 1 3 2999 
low 0.7784 2 7 5999 
low 0.7852 1 3 2999 
low 0.7679 1 3 2999 
low 0.7739 1 3 2999 
low 0.7801 2 9 6002 
low 0.8000 1 3 2939 
low 0.8037 1 3 2999 
low 0.8064 1 3 2999 
low 0.8232 1 3 2999 
low 0.8233 1 3 2999 
low 0.8238 1 3 2999 
low 0.8169 1 3 2999 
low 0.8229 1 3 2999 
low 0.8179 1 3 2999 
low 0.8162 1 3 2999 
low 0.8171 1 3 2999 
low 0.8365 1 3 2999 
low 0.8332 1 3 2999 
low 0.8427 1 3 2999 
low 0.8354 1 3 2999 
low 0.8541 1 4 3007 
low 0.8581 1 3 2999 
low 0.8723 1 3 2999 
low 0.8458 1 3 2999 
low 0.8445 1 3 3002 
low 0.8330 1 3 2999 
low 0.7675 1 4 3016 
low 0.7972 1 4 3001 
low 0.8050 1 3 2999 
low 0.8172 1 3 2999 
low 0.8274 2 6 5998 
low 0.8486 1 3 2999 
low 0.8711 1 4 3000 
low 0.8793 1 3 2999 
low 0.8821 1 4 3000 
low 0.8750 1 3 2999 
low 0.8935 2 7 6061 
low 0.9106 1 3 2999 
low 0.8752 1 3 2999 
low 0.8758 1 3 2999 
low 0.8657 1 3 2999 
low 0.8695 1 4 3000 
low 0.8659 2 7 6003 
low 0.8552 1 3 2999 
low 0.8557 1 5 4380 
low 0.8697 1 5 5819 
low 0.8681 1 5 3001 
low 0.8780 1 3 2999 
low 0.8511 1 3 2999 
low 0.8610 1 3 2999 
low 0.8819 1 3 2999 
low 0.8872 2 7 6003 
low 0.8922 1 3 2999 
low 0.9111 2 7 6117 
low 0.9217 1 3 2999 
low 0.9147 1 4 3000 
low 0.9127 1 3 2999 
low 0.8952 1 3 2999 
low 0.9029 1 4 2940 
low 0.9054 1 3 2999 
low 0.9204 2 7 6000 
low 0.9248 1 3 2999 
low 0.9290 1 3 2999 
low 0.9273 1 3 2999 
low 0.9347 2 9 6002 
low 0.9289 1 4 3000 
low 0.9542 1 3 2999 
low 0.9500 1 3 2999 
low 0.9439 1 3 2999 
low 0.9326 1 3 2999 
low 0.9401 1 3 2999 
low 0.9511 1 3 2999 
low 0.9501 1 4 3000 
low 0.9474 1 3 2999 
low 0.9676 1 3 2999 
low 0.9497 2 8 6008 
low 0.9131 1 3 2999 
low 0.8701 1 4 3000 
low 0.8590 1 3 2999 
low 0.8493 1 3 2999 
low 0.8269 1 3 2999 
low 0.7980 1 3 2999 
low 0.7851 1 3 2999 
low 0.7799 1 3 2999 
low 0.7865 1 3 2999 
low 0.6993 1 3 2999 
low 0.6329 1 3 2999 
low 0.6495 1 3 2999 
low 0.6008 1 4 3071 
low 0.6338 1 4 3002 
low 0.6475 1 3 2999 
low 0.6339 1 3 2999 
low 0.6074 1 3 2999 
low 0.6333 1 3 2999 
low 0.6290 1 3 2999 
low 0.6489 1 3 2999 
low 0.6762 1 4 3004 
low 0.6759 1 5 4609 
low 0.6849 1 5 4678 
low 0.6574 1 3 2999 
low 0.6460 1 3 2999 
low 0.6417 1 3 2999 
low 0.6247 1 3 2999 
low 0.6331 1 3 2999 
low 0.6337 1 3 2999 
low 0.6285 2 6 5998 
low 0.6399 1 3 2999 
low 0.6564 1 3 2999 
low 0.6769 1 3 2939 
low 0.6855 1 3 2999 
low 0.7031 1 3 2999 
low 0.6952 1 3 2999 
low 0.6988 2 7 6000 
low 0.7053 2 6 5998 
low 0.7335 1 3 2999 
low 0.7449 1 4 3000 
low 0.7667 1 4 3000 
low 0.7743 1 3 2999 
low 0.7825 1 3 2999 
low 0.7860 1 3 2999 
low 0.7788 1 3 2999 
low 0.7915 1 3 2999 
low 0.7873 1 3 2999 
low 0.7923 1 3 2999 
low 0.8098 1 3 2999 
low 0.8124 1 3 2999 
low 0.8154 1 3 2999 
low 0.8174 1 3 2999 
low 0.8237 1 3 2999 
low 0.8239 1 3 2999 
low 0.8542 1 3 2999 
low 0.8588 1 3 2999 
low 0.8585 1 3 2999 
low 0.8567 1 3 2999 
low 0.8864 1 5 3002 
low 0.9052 1 4 3000 
low 0.9120 1 3 3059 
low 0.8914 1 3 2999 
low 0.8976 1 3 2999 
low 0.9209 1 3 2999 
low 0.9059 1 3 3027 
low 0.8945 1 3 2999 
low 0.9018 1 3 2999 
low 0.9013 1 3 2999 
low 0.8741 1 3 2999 
low 0.8733 1 4 4618 
low 0.8899 1 4 4617 
low 0.9097 1 3 2999 
low 0.9173 1 3 2999 
low 0.8936 2 7 6000 
low 0.8778 1 3 2999 
low 0.8577 1 3 2999 
low 0.8708 1 3 2999 
low 0.8877 1 3 2999 
low 0.8799 1 3 2999 
low 0.8977 1 3 2999 
low 0.9094 1 3 2999 
low 0.9083 1 3 2999 
low 0.8999 1 3 2939 
low 0.9129 1 3 2999 
low 0.9221 2 8 6001 
low 0.9156 1 4 3002 
low 0.9134 1 5 3001 
low 0.9070 1 3 2999 
low 0.8710 1 3 2999 
low 0.8600 1 3 3000 
low 0.8065 1 3 2999 
low 0.8187 1 3 2999 
low 0.8081 1 4 3000 
low 0.8193 1 3 2999 
low 0.8580 1 3 2999 
low 0.8464 1 3 2999 
low 0.8315 1 3 2999 
low 0.8448 1 3 2999 
low 0.8630 1 4 3001 
low 0.8736 1 4 3004 
low 0.8904 1 7 3004 
low 0.9057 1 7 3003 
low 0.8857 1 5 3001 
low 0.8795 1 5 3023 
low 0.8769 1 4 3000 
low 0.8910 1 6 3005 
low 0.9104 1 4 3010 
low 0.9329 2 8 6034 
low 0.9461 1 5 3024 
low 0.9541 1 5 3137 
low 0.9692 1 6 3151 
low 0.9660 1 3 3002 
low 0.9662 1 6 3047 
low 0.9650 1 3 3059 
low 0.9891 1 5 3001 
low 0.9723 1 3 2999 
low 0.9707 1 5 3002 
low 0.9543 1 5 3151 
low 0.9536 1 5 3002 
low 0.9751 1 6 3011 
low 0.9829 1 5 3002 
low 0.9949 1 5 3515 
low 1.0027 1 5 3520 
low 0.9803 1 4 3002 
low 0.9809 1 4 3004 
low 0.9830 1 5 3041 
low 0.9865 1 5 3001 
low 1.0054 1 4 3000 
low 0.9942 1 3 2999 
low 0.9963 1 5 3009 
low 0.9980 1 4 3001 
low 1.0052 1 3 2999 
low 0.9814 1 3 2999 
low 0.9705 1 3 2999 
low 1.0063 1 3 2939 
low 1.0267 1 3 2999 
low 1.0316 1 4 3000 
low 1.0427 1 6 3050 
low 1.0534 1 5 3057 
low 1.0778 1 3 3008 
low 1.0535 1 5 3080 
low 1.0504 1 3 2999 
low 1.0477 1 3 2999 
low 1.0439 2 6 5998 
low 1.0586 1 4 3000 
low 1.0523 3 9 8997 
low 1.0476 1 3 2999 
low 1.0389 1 3 2999 
low 1.0517 1 4 3262 
low 1.0559 1 3 2999 
low 1.0692 1 3 2999 
low 1.0731 1 3 2999 
low 0.9926 1 3 2999 
low 1.0110 1 4 3001 
low 1.0313 1 3 2999 
low 1.0416 1 3 2999 
low 1.0481 1 5 3040 
low 1.0254 1 7 3080 
low 1.0146 1 7 3046 
low 0.9620 1 4 3017 
low 0.9387 2 8 6044 
low 0.9486 1 4 3025 
low 0.9864 1 7 3069 
low 1.0145 1 3 2999 
low 1.0270 1 5 3093 
low 1.0201 1 3 2999 
low 1.0051 1 4 3015 
low 0.9807 1 4 3001 
low 0.9661 1 3 2999 
low 0.9941 1 5 3061 
low 0.9978 1 3 2999 
low 0.9859 1 3 2999 
low 1.0049 1 4 3686 
low 1.0043 1 4 3420 
low 1.0144 1 3 2999 
low 1.0230 2 9 6016 
low 1.0357 2 6 5998 
low 1.0443 1 5 3001 
low 1.0567 1 3 2999 
low 1.0627 1 3 2999 
low 1.0643 1 3 2999 
low 1.0596 1 4 3000 
low 1.0472 1 3 2999 
low 1.0421 1 3 3008 
low 1.0334 1 4 2940 
low 1.0299 1 5 3015 
low 1.0224 1 3 2999 
low 1.0245 1 3 2999 
low 1.0303 1 3 2999 
low 1.0086 1 3 2999 
low 0.9919 1 3 2999 
low 0.9780 1 3 2999 
low 0.9688 1 3 2999 
low 0.9580 1 3 3000 
low 0.9745 1 3 2999 
low 0.9920 1 4 3003 
low 0.9967 1 3 2999 
low 0.9994 1 4 3000 
low 1.0153 2 6 6007 
low 1.0098 1 3 2999 
low 1.0209 1 3 3000 
low 1.0175 1 3 2999 
low 1.0434 1 3 2999 
low 1.0478 1 3 2999 
low 1.0409 1 4 3000 
low 1.0343 2 8 6060 
low 1.0211 1 5 3012 
low 1.0165 1 5 3021 
low 1.0408 1 3 2999 
low 1.0365 1 3 2999 
low 1.0250 1 3 3000 
low 1.0147 1 4 3001 
low 1.0181 1 5 3017 
low 1.0234 1 5 3010 
low 1.0257 1 4 3060 
low 1.0329 1 4 3002 
low 1.0285 1 3 2999 
low 1.0336 1 4 3009 
low 1.0391 1 3 2999 
low 1.0506 1 4 3000 
low 1.0356 1 7 4767 
low 1.0373 1 4 3000 
low 1.0484 1 3 2999 
low 1.0483 1 3 2999 
low 1.0382 1 4 3001 
low 1.0359 1 3 3009 
low 1.0225 1 3 2999 
low 1.0273 1 3 2999 
low 1.0198 1 4 3000 
low 1.0113 1 3 2999 
low 1.0202 1 3 2999 
low 1.0280 1 3 2999 
low 1.0353 1 3 2999 
low 1.0384 1 3 2939 
low 1.0346 1 3 2999 
low 1.0289 1 3 2999 
low 1.0219 1 3 2999 
low 1.0229 1 3 2999 
low 0.9875 1 4 3000 
low 0.9709 1 3 2999 
low 0.9592 1 3 2999 
low 0.9526 1 3 2999 
low 0.9324 1 3 2999 
low 0.9413 1 3 2999 
low 0.9146 1 3 2999 
low 0.9036 2 7 6030 
low 0.8997 1 4 3725 
low 0.9136 1 4 3005 
low 0.9042 1 4 3001 
low 0.8846 1 3 3000 
low 0.8917 1 4 3001 
low 0.9025 1 3 3000 
low 0.8930 1 3 3000 
low 0.8890 1 3 3000 
low 0.9334 1 4 3001 
low 0.9279 1 3 3000 
low 0.9332 1 3 3000 
low 0.9472 1 4 3063 
low 0.9420 1 3 3002 
low 0.9269 1 4 3004 
low 0.9276 1 5 3013 
low 0.9087 1 6 3017 
low 0.9053 1 5 3009 
low 0.8988 1 3 3001 
low 0.8880 1 4 3002 
low 0.8820 1 5 4441 
low 0.8831 1 6 4741 
low 0.8841 1 4 4441 
low 0.8863 1 4 3002 
low 0.8755 1 3 3000 
low 0.8693 1 4 3003 
low 0.8926 1 4 3004 
low 0.8889 1 3 3002 
low 0.8923 1 3 3001 
low 0.8994 1 3 2999 
low 0.9152 1 3 2939 
low 0.9333 1 4 3001 
low 0.9314 1 3 3001 
low 0.9226 1 3 3001 
low 0.9201 1 3 3000 
low 0.9317 1 3 3000 
low 0.9230 1 3 3000 
low 0.9207 1 3 3000 
low 0.9211 1 3 3001 
low 0.9251 1 3 3000 
low 0.9321 1 5 3003 
low 0.9353 1 3 3000 
low 0.9330 1 3 3000 
low 0.9328 1 4 3001 
low 0.9373 1 3 3000 
low 0.9274 1 3 3000 
low 0.9237 1 4 3001 
low 0.9263 1 7 3011 
low 0.9240 1 4 3004 
low 0.9267 1 4 3121 
low 0.9187 1 4 3059 
low 0.8982 1 5 3007 
low 0.8734 2 13 16027 
low 0.8641 1 5 3067 
low 0.8652 1 6 3401 
low 0.8675 1 4 3007 
low 0.8717 1 6 3081 
low 0.8646 1 6 3022 
low 0.8539 1 4 3006 
low 0.8647 1 3 3008 
low 0.8512 1 7 3031 
low 0.8416 1 6 3030 
low 0.8222 1 6 3037 
low 0.8198 1 7 3041 
low 0.8087 1 6 3038 
low 0.8102 1 6 4762 
low 0.8034 1 7 5837 
low 0.8031 1 6 3035 
low 0.8066 1 7 3043 
low 0.7857 1 7 3039 
low 0.7732 2 9 6030 
low 0.7642 1 7 3030 
low 0.7738 1 6 3030 
low 0.7750 1 7 3034 
low 0.7602 1 7 3043 
low 0.7589 2 12 5955 
low 0.7531 3 13 9012 
low 0.7551 2 7 6010 
low 0.7570 3 12 9001 
low 0.7704 1 5 3003 
low 0.7862 1 4 3003 
low 0.7905 1 3 3000 
low 0.7726 1 3 3000 
low 0.7597 2 10 6202 
low 0.7637 1 4 3001 
low 0.7647 1 5 3002 
low 0.7396 1 4 3003 
low 0.7327 1 3 3001 
low 0.7255 1 3 3000 
low 0.7282 1 5 3002 
low 0.7230 1 4 3001 
low 0.7099 1 4 3001 
low 0.7011 1 4 3001 
low 0.6907 1 3 3000 
low 0.6949 1 4 3001 
low 0.7055 2 7 6000 
low 0.6938 1 3 3001 
low 0.7148 1 4 3001 
low 0.7205 1 5 3002 
low 0.7178 1 3 3061 
low 0.7066 1 4 3004 
low 0.7014 1 3 3002 
low 0.7025 1 3 3001 
low 0.7068 2 6 6004 
low 0.7169 1 4 3002 
low 0.7187 1 4 3003 
low 0.7158 2 7 6792 
low 0.7098 1 4 3003 
low 0.7208 1 4 4498 
low 0.6927 1 3 3001 
low 0.6825 1 3 3001 
low 0.6829 1 3 3001 
low 0.6992 1 3 3001 
low 0.6973 1 3 3002 
low 0.6984 1 3 3003 
low 0.7108 2 6 6000 
low 0.7165 1 3 3001 
low 0.7411 2 8 6002 
low 0.7508 1 3 2999 
low 0.7490 2 6 5998 
low 0.7618 1 3 2999 
low 0.7689 1 3 2999 
low 0.7252 1 3 2999 
low 0.7143 1 6 3016 
low 0.7200 2 9 6035 
low 0.7329 2 7 6006 
low 0.7305 1 3 2999 
low 0.7406 1 3 2999 
low 0.7474 2 6 5998 
low 0.7441 2 7 6238 
low 0.7420 1 3 2999 
low 0.7582 1 3 2999 
low 0.7499 2 6 5998 
low 0.7447 1 4 3000 
low 0.7533 1 3 2999 
low 0.7532 1 4 3000 
low 0.7505 1 3 3011 
low 0.7586 1 4 3000 
low 0.7556 1 5 3062 
low 0.7612 1 3 3009 
low 0.7511 2 6 6019 
low 0.7310 1 3 3010 
low 0.7363 1 3 3010 
low 0.7373 1 3 3009 
low 0.7417 1 3 3009 
low 0.7221 1 3 3009 
low 0.7162 1 4 3489 
low 0.7214 1 3 3009 
low 0.7351 1 3 3009 
low 0.7610 1 3 3009 
low 0.7645 1 3 3009 
low 0.7491 1 3 3010 
low 0.7553 1 3 3010 
low 0.7544 1 3 2999 
low 0.7471 2 8 7252 
low 0.7439 1 3 2999 
low 0.7333 1 3 2999 
low 0.7387 1 3 2999 
low 0.7416 1 3 2999 
low 0.7576 1 4 3001 
low 0.7874 1 4 3000 
low 0.7876 1 3 2999 
low 0.7886 1 3 2999 
low 0.7806 1 3 2999 
low 0.7819 1 3 2999 
low 0.7866 1 3 2999 
low 0.7870 1 3 2999 
low 0.7963 1 3 2999 
low 0.7938 1 3 2999 
low 0.7858 1 3 2999 
low 0.7769 2 6 5998 
low 0.7623 1 3 3060 
low 0.7626 1 3 3010 
low 0.7554 1 5 3689 
low 0.7650 2 8 7506 
low 0.7722 1 5 4931 
low 0.7804 1 3 3009 
low 0.7940 1 4 3010 
low 0.7992 1 5 3016 
low 0.7836 1 7 3210 
low 0.7758 1 4 3033 
low 0.7775 1 3 2999 
low 0.7782 1 3 2999 
low 0.7711 1 3 2999 
low 0.7771 1 3 2999 
low 0.7677 1 3 2999 
low 0.7671 1 3 2939 
low 0.7641 1 3 2999 
low 0.7736 1 3 2999 
low 0.7578 1 3 2999 
low 0.7432 1 3 3075 
low 0.7475 1 3 3074 
low 0.7480 1 3 2999 
low 0.7346 1 3 2999 
low 0.7344 1 3 2999 
low 0.7309 1 3 2999 
low 0.7360 1 3 3008 
low 0.7359 1 3 3008 
low 0.7317 1 3 3008 
low 0.7368 1 3 3009 
low 0.7347 1 3 3009 
low 0.7222 1 3 3009 
low 0.7156 1 3 3008 
low 0.7084 1 3 3008 
low 0.7212 1 3 3008 
low 0.7161 1 3 3008 
low 0.7040 1 3 3008 
low 0.7042 1 3 3008 
low 0.7054 1 3 3009 
low 0.7019 1 3 3068 
low 0.7069 1 4 3010 
low 0.7163 1 3 3008 
low 0.7186 1 3 3008 
low 0.7220 1 3 3008 
low 0.7177 1 3 3008 
low 0.7151 1 3 3009 
low 0.7033 1 4 3187 
low 0.7015 1 4 3187 
low 0.6748 1 3 3000 
low 0.7134 1 3 3000 
low 0.7114 1 3 3000 
low 0.7075 1 3 3009 
low 0.7149 1 3 3009 
low 0.7052 1 3 3009 
low 0.7079 2 6 6007 
low 0.7070 1 4 3000 
low 0.7059 1 3 2999 
low 0.7001 1 3 2999 
low 0.7039 1 3 2999 
low 0.7051 1 3 2939 
low 0.6987 1 3 2999 
low 0.6961 1 3 2999 
low 0.6933 1 3 2999 
low 0.6863 2 6 5998 
low 0.6897 1 3 2999 
low 0.6945 1 3 2999 
low 0.6830 1 3 2999 
low 0.6853 1 3 2999 
low 0.6950 1 3 2999 
low 0.6919 1 3 2999 
low 0.6909 1 3 2999 
low 0.6991 1 3 2999 
low 0.6867 1 3 2999 
close 0.5630 1 7 4522 
close 0.5546 1 7 4709 
close 0.5515 1 7 4049 
close 0.5468 3 21 18440 
close 0.5502 1 7 4477 
close 0.5327 1 7 4608 
close 0.5240 1 7 4820 
close 0.5253 1 7 4219 
close 0.5159 1 7 4725 
close 0.5034 1 7 4394 
close 0.5030 1 7 4109 
close 0.4977 1 7 4210 
close 0.4860 1 7 4243 
close 0.4965 1 7 4279 
close 0.5037 1 7 5471 
close 0.5055 1 7 3803 
close 0.5175 1 7 4532 
close 0.5163 2 14 9061 
close 0.5212 1 7 4294 
close 0.5229 1 7 4186 
close 0.5185 1 7 4840 
close 0.5095 2 14 9116 
close 0.5251 1 7 4463 
close 0.5210 1 7 4196 
close 0.5213 2 14 10260 
close 0.5092 1 7 4759 
close 0.5087 1 7 5325 
close 0.5093 4 28 30412 
close 0.5151 1 7 5696 
close 0.5355 1 7 5178 
close 0.5292 1 7 5602 
close 0.5207 1 7 5597 
close 0.5169 1 7 5939 
close 0.4961 1 7 6186 
close 0.4939 1 7 5955 
close 0.4950 1 7 5501 
close 0.4994 1 7 5163 
close 0.5125 1 7 5078 
close 0.5062 1 7 5106 
close 0.5042 1 7 5650 
close 0.5129 1 7 5082 
close 0.5218 1 7 5374 
close 0.5204 1 7 5708 
close 0.5225 1 7 6713 
close 0.5138 1 7 7244 
close 0.5164 1 7 7123 
close 0.5147 1 7 7421 
close 0.5067 1 7 8020 
close 0.5234 1 7 7308 
close 0.5172 1 7 7257 
close 0.5197 1 7 7465 
close 0.5084 1 7 7512 
close 0.5184 1 7 7533 
close 0.5127 1 7 7567 
close 0.5201 1 7 7673 
close 0.5198 1 7 7599 
close 0.5224 1 7 7630 
close 0.5278 1 7 7471 
close 0.5338 1 7 7472 
close 0.5304 1 7 7540 
close 0.5331 1 7 7731 
close 0.5375 1 7 7693 
close 0.5383 1 7 7638 
close 0.5391 1 7 7640 
close 0.5482 1 7 7542 
close 0.5549 1 7 7757 
close 0.5613 1 7 7354 
close 0.5741 1 7 7235 
close 0.5690 1 7 7211 
close 0.5646 1 7 7244 
close 0.5746 1 7 6465 
close 0.5629 1 7 6238 
close 0.5672 1 7 6660 
close 0.5574 1 7 6906 
close 0.5419 1 7 6664 
close 0.5436 1 7 6255 
close 0.5294 1 7 6396 
close 0.5369 1 7 6615 
close 0.5461 1 7 6391 
close 0.5529 2 14 13808 
close 0.5460 1 7 6845 
close 0.5451 1 7 6765 
close 0.5453 1 7 6846 
close 0.5465 1 7 7032 
close 0.5471 1 7 7268 
close 0.5570 1 7 7276 
close 0.5606 1 7 7132 
close 0.5605 1 7 7021 
close 0.5590 1 7 7236 
close 0.5595 1 7 7091 
close 0.5588 1 7 7128 
close 0.5596 1 7 7368 
close 0.5661 1 7 6939 
close 0.5638 1 7 7171 
close 0.5615 1 7 8509 
close 0.5733 1 7 7373 
close 0.5849 1 7 6670 
close 0.5883 1 7 7152 
close 0.5881 1 7 7314 
close 0.5909 1 7 7209 
close 0.5912 1 7 7255 
close 0.5894 1 7 7229 
close 0.6050 1 7 7159 
close 0.6154 1 7 7208 
close 0.6030 1 7 6949 
close 0.5937 1 7 6340 
close 0.5972 1 7 6457 
close 0.6056 1 7 6753 
close 0.6011 1 7 6617 
close 0.6080 1 7 6806 
close 0.6206 1 7 7131 
close 0.6220 1 7 6687 
close 0.6415 1 7 6693 
close 0.6466 1 7 6267 
close 0.6591 1 7 6225 
close 0.6553 1 7 6457 
close 0.6608 1 7 5717 
close 0.6551 2 14 11516 
close 0.6695 1 7 6461 
close 0.6631 2 10 9163 
close 0.6754 1 7 6200 
close 0.6604 1 7 6350 
close 0.6504 2 10 8595 
close 0.6506 1 7 5773 
close 0.6637 1 7 5711 
close 0.6477 1 7 5522 
close 0.6552 2 10 9056 
close 0.6441 1 7 5669 
close 0.6369 1 7 5959 
close 0.6572 1 7 5573 
close 0.6619 1 7 5705 
close 0.6741 1 7 5647 
close 0.6822 1 7 5556 
close 0.6894 1 7 5683 
close 0.6895 1 7 5856 
close 0.6986 1 7 6009 
close 0.7048 1 7 6089 
close 0.7110 2 10 8828 
close 0.7149 1 7 5936 
close 0.7234 1 7 5692 
close 0.7190 1 7 5770 
close 0.7323 1 7 6042 
close 0.7403 2 10 9005 
close 0.7431 2 10 8707 
close 0.7387 1 7 5500 
close 0.7514 4 17 16692 
close 0.7683 1 7 5939 
close 0.7783 1 7 3077 
close 0.7685 4 16 12000 
close 0.7791 1 7 3061 
close 0.7641 3 16 9079 
close 0.7808 1 7 3072 
close 0.7977 1 7 3087 
close 0.7794 2 10 6065 
close 0.7606 3 15 9107 
close 0.7578 2 10 6080 
close 0.7423 2 10 6062 
close 0.7539 2 10 6080 
close 0.7538 2 10 6028 
close 0.7617 2 13 6020 
close 0.7531 2 10 6098 
close 0.7326 3 13 9059 
close 0.7356 1 7 3051 
close 0.7290 1 7 3071 
close 0.6985 1 7 3064 
close 0.6872 1 7 3060 
close 0.7071 1 7 3066 
close 0.7082 1 7 3038 
close 0.6999 1 7 3030 
close 0.6961 1 7 3034 
close 0.6880 2 10 6034 
close 0.6910 1 7 3034 
close 0.7145 1 7 3047 
close 0.7241 1 7 3033 
close 0.7281 1 7 3031 
close 0.7007 1 7 3039 
close 0.7054 2 14 6066 
close 0.7126 2 10 6035 
close 0.7156 1 7 3038 
close 0.7045 1 7 3028 
close 0.6927 1 7 3036 
close 0.7032 1 7 3039 
close 0.7034 1 7 3034 
close 0.7174 1 7 3032 
close 0.7235 3 16 9049 
close 0.7291 1 7 3026 
close 0.7279 1 7 3034 
close 0.7464 1 7 3024 
close 0.7483 3 13 9173 
close 0.7593 2 12 6721 
close 0.7719 1 7 3028 
close 0.7862 1 7 3029 
close 0.7730 1 7 3032 
close 0.7750 2 11 6025 
close 0.7565 2 10 6020 
close 0.7661 2 10 6042 
close 0.7780 1 7 3037 
close 0.7645 2 10 7341 
close 0.7621 3 17 9049 
close 0.7543 1 5 3014 
close 0.7656 4 12 12066 
close 0.7733 1 4 3006 
close 0.7871 1 3 2999 
close 0.7938 1 3 2999 
close 0.7878 1 3 2999 
close 0.7983 1 3 3007 
close 0.7900 1 3 2999 
close 0.7801 1 3 2999 
close 0.7713 1 3 2939 
close 0.7670 1 3 2999 
close 0.7744 2 7 5999 
close 0.7710 2 7 6004 
close 0.7774 2 6 5998 
close 0.7729 1 3 2999 
close 0.7767 2 7 6002 
close 0.7545 1 3 2999 
close 0.7601 1 3 2999 
close 0.7556 3 10 9008 
close 0.7679 1 3 2999 
close 0.7632 1 3 2999 
close 0.7790 1 3 2999 
close 0.7637 2 6 5939 
close 0.7551 1 3 2999 
close 0.7503 1 3 2999 
close 0.7575 1 3 2999 
close 0.7648 1 3 2999 
close 0.7613 3 10 8998 
close 0.7694 1 3 2999 
close 0.7561 1 4 3000 
close 0.7470 1 3 2999 
close 0.7680 2 6 5998 
close 0.7687 2 9 6198 
close 0.7554 2 6 6008 
close 0.7622 1 3 2999 
close 0.7511 1 3 2999 
close 0.7468 1 3 2999 
close 0.7562 1 3 2999 
close 0.7428 2 6 6058 
close 0.7340 1 3 2999 
close 0.7380 1 3 2999 
close 0.7370 1 3 2999 
close 0.7527 1 3 2999 
close 0.7537 1 3 2999 
close 0.7336 2 6 6007 
close 0.7248 1 3 2999 
close 0.7494 1 3 2999 
close 0.7526 1 4 3000 
close 0.7508 1 3 2999 
close 0.7580 1 3 2999 
close 0.7396 1 4 3001 
close 0.7415 1 3 2999 
close 0.7382 1 3 2999 
close 0.7325 1 3 2999 
close 0.7373 1 4 3003 
close 0.7187 2 6 6002 
close 0.7061 1 3 2939 
close 0.7205 1 3 2999 
close 0.7418 2 6 6009 
close 0.7448 1 3 3000 
close 0.7603 1 3 2999 
close 0.7739 1 3 2999 
close 0.7667 2 6 6010 
close 0.7509 1 4 3000 
close 0.7409 1 3 2999 
close 0.7371 1 3 2999 
close 0.7372 1 3 2999 
close 0.7314 1 3 2999 
close 0.7433 2 6 5998 
close 0.7521 1 3 2999 
close 0.7465 1 3 2999 
close 0.7530 1 4 3001 
close 0.7572 2 6 5998 
close 0.7647 1 3 2999 
close 0.7635 1 3 2999 
close 0.7697 1 3 2999 
close 0.7512 2 8 6001 
close 0.7510 1 3 2999 
close 0.7427 1 3 2999 
close 0.7589 1 4 3003 
close 0.7737 1 3 3059 
close 0.7722 1 3 2999 
close 0.7651 1 3 2999 
close 0.7830 1 3 2999 
close 0.7856 1 3 2999 
close 0.7865 1 3 2999 
close 0.7839 1 3 2999 
close 0.7815 1 4 4380 
close 0.7960 1 4 4380 
close 0.7798 1 3 2999 
close 0.7816 1 3 2999 
close 0.7925 2 8 6001 
close 0.7715 1 3 2999 
close 0.7773 1 4 3000 
close 0.7788 1 3 2999 
close 0.7861 1 3 2999 
close 0.7872 1 3 2999 
close 0.7747 1 3 2999 
close 0.7802 1 3 2999 
close 0.8030 1 4 3000 
close 0.8078 1 3 2939 
close 0.8117 1 3 2999 
close 0.8260 1 3 2999 
close 0.8361 1 3 2999 
close 0.8277 1 3 2999 
close 0.8267 1 3 2999 
close 0.8272 1 3 2999 
close 0.8334 1 3 2999 
close 0.8196 1 3 2999 
close 0.8181 1 3 2999 
close 0.8367 1 3 2999 
close 0.8398 1 3 2999 
close 0.8456 1 3 2999 
close 0.8458 1 3 2999 
close 0.8553 1 3 2999 
close 0.8586 1 4 3007 
close 0.8723 2 6 5998 
close 0.8823 1 3 2999 
close 0.8513 1 3 2999 
close 0.8548 1 3 3002 
close 0.8341 1 3 2999 
close 0.7988 1 4 3016 
close 0.8135 1 4 3001 
close 0.8249 1 3 2999 
close 0.8332 1 3 2999 
close 0.8499 1 3 2999 
close 0.8737 1 3 2999 
close 0.8834 1 4 3000 
close 0.8993 1 3 2999 
close 0.8896 3 11 9001 
close 0.8981 2 6 5999 
close 0.9198 1 4 3060 
close 0.9309 1 3 2999 
close 0.8990 1 3 2999 
close 0.8943 2 7 7617 
close 0.8764 2 7 6006 
close 0.8714 1 4 3000 
close 0.8740 1 4 3001 
close 0.8612 1 3 2999 
close 0.8707 2 8 7379 
close 0.8760 1 5 5819 
close 0.8794 1 5 3001 
close 0.8811 1 3 2999 
close 0.8697 1 3 2999 
close 0.8873 1 3 2999 
close 0.8961 1 3 2999 
close 0.9038 2 6 5998 
close 0.9205 1 3 2999 
close 0.9341 1 3 2999 
close 0.9251 1 3 2999 
close 0.9292 1 4 3000 
close 0.9298 1 3 2999 
close 0.9162 3 9 9058 
close 0.9070 1 4 2940 
close 0.9307 1 3 2999 
close 0.9250 1 3 2999 
close 0.9455 1 3 2999 
close 0.9324 1 3 2999 
close 0.9498 1 3 2999 
close 0.9410 1 4 3000 
close 0.9571 1 4 3000 
close 0.9585 1 3 2999 
close 0.9510 1 3 2999 
close 0.9457 1 3 2999 
close 0.9441 1 3 2999 
close 0.9568 1 3 2999 
close 0.9543 1 3 2999 
close 0.9530 1 4 3000 
close 0.9786 1 3 2999 
close 0.9714 1 3 2999 
close 0.9519 1 3 2999 
close 0.9160 1 3 2999 
close 0.8711 1 4 3000 
close 0.8551 1 3 2999 
close 0.8360 1 3 2999 
close 0.8049 1 3 2999 
close 0.7950 1 3 2999 
close 0.8390 1 3 2999 
close 0.7923 1 3 2999 
close 0.7099 1 3 2999 
close 0.7011 1 3 2999 
close 0.6773 1 3 2999 
close 0.6489 1 4 3071 
close 0.6969 1 4 3002 
close 0.6499 1 3 2999 
close 0.6438 1 3 2999 
close 0.6573 1 3 2999 
close 0.6928 1 3 2999 
close 0.6781 1 4 3004 
close 0.6913 1 5 4609 
close 0.7201 1 5 4678 
close 0.6663 1 3 2999 
close 0.6463 1 3 2999 
close 0.6502 1 3 2999 
close 0.6554 1 3 2999 
close 0.6364 1 3 2999 
close 0.6529 1 3 2999 
close 0.6370 1 3 2999 
close 0.6472 1 3 2999 
close 0.6624 1 3 2999 
close 0.6987 1 3 2999 
close 0.6912 1 3 2939 
close 0.7116 1 3 2999 
close 0.7232 1 3 2999 
close 0.7086 1 3 2999 
close 0.7058 1 3 2999 
close 0.7405 1 3 2999 
close 0.7657 1 3 2999 
close 0.7876 1 4 3000 
close 0.8203 1 3 2999 
close 0.8015 1 3 2999 
close 0.7922 1 3 2999 
close 0.7930 1 3 2999 
close 0.8057 1 3 2999 
close 0.7881 1 3 2999 
close 0.7936 2 7 5999 
close 0.8156 1 3 2999 
close 0.8240 1 3 2999 
close 0.8434 1 3 2999 
close 0.8294 2 9 6036 
close 0.8264 1 3 2999 
close 0.8343 1 3 2999 
close 0.8273 1 3 2999 
close 0.8636 1 3 2999 
close 0.8631 1 3 2999 
close 0.8754 1 3 2999 
close 0.9064 1 5 3002 
close 0.9228 1 4 3000 
close 0.9027 1 3 2999 
close 0.9300 2 6 5999 
close 0.9297 3 14 9014 
close 0.9204 1 3 3027 
close 0.9243 1 3 2999 
close 0.9062 2 6 5999 
close 0.8749 1 3 2999 
close 0.9116 1 4 4617 
close 0.9209 1 3 2999 
close 0.9234 1 3 2999 
close 0.8994 1 3 2999 
close 0.8861 1 3 2999 
close 0.8781 1 3 2999 
close 0.9009 1 3 2999 
close 0.8917 1 3 2999 
close 0.9032 2 7 6003 
close 0.9150 1 3 2999 
close 0.9189 1 3 2999 
close 0.9190 1 3 2999 
close 0.9183 1 3 2939 
close 0.9274 1 3 2999 
close 0.9281 1 4 3000 
close 0.9310 2 8 6006 
close 0.9161 1 5 3001 
close 0.9092 2 7 6000 
close 0.8945 1 3 2999 
close 0.8620 1 3 3000 
close 0.8274 1 3 2999 
close 0.8324 1 3 2999 
close 0.8256 1 4 3000 
close 0.8637 1 3 2999 
close 0.8726 1 3 2999 
close 0.8502 1 3 2999 
close 0.8503 1 3 2999 
close 0.8837 1 3 2999 
close 0.8822 1 4 3001 
close 0.9008 1 4 3004 
close 0.9126 1 7 3004 
close 0.9131 1 7 3003 
close 0.9049 1 5 3001 
close 0.8831 1 5 3023 
close 0.8928 1 4 3000 
close 0.9104 1 6 3005 
close 0.9393 1 4 3010 
close 0.9534 1 4 3033 
close 0.9667 1 5 3024 
close 0.9713 1 5 3137 
close 0.9863 1 6 3151 
close 0.9705 1 3 3002 
close 0.9862 1 6 3047 
close 0.9990 1 3 3059 
close 1.0021 1 5 3001 
close 0.9759 1 3 2999 
close 0.9730 1 5 3002 
close 0.9586 1 5 3151 
close 0.9826 1 5 3002 
close 0.9983 2 10 6015 
close 0.9972 1 5 3002 
close 1.0088 2 8 6514 
close 1.0055 1 5 3520 
close 0.9822 1 4 3002 
close 0.9959 1 5 3041 
close 1.0103 1 5 3001 
close 1.0142 1 4 3000 
close 0.9967 1 3 2999 
close 0.9986 1 5 3009 
close 1.0128 1 4 3001 
close 1.0096 1 3 2999 
close 0.9888 1 3 2999 
close 1.0288 1 3 2939 
close 1.0318 1 3 2999 
close 1.0447 1 4 3000 
close 1.0533 2 9 6049 
close 1.0792 1 5 3057 
close 1.0852 1 3 3008 
close 1.0849 1 5 3080 
close 1.0633 1 3 2999 
close 1.0556 1 3 2999 
close 1.0680 1 3 2999 
close 1.0714 1 4 3000 
close 1.0687 1 3 2999 
close 1.0594 1 3 2999 
close 1.0534 1 3 2999 
close 1.0689 2 7 6261 
close 1.0585 1 3 2999 
close 1.0740 1 3 2999 
close 1.0955 1 3 2999 
close 1.0747 1 3 2999 
close 1.0378 1 3 2999 
close 1.0472 1 4 3001 
close 1.0518 2 7 5999 
close 1.0671 1 3 2999 
close 1.0490 1 5 3040 
close 1.0310 2 10 6079 
close 1.0247 1 7 3046 
close 0.9903 1 4 3017 
close 0.9552 1 5 3044 
close 0.9956 1 4 3025 
close 1.0248 1 7 3069 
close 1.0424 1 3 2999 
close 1.0285 1 5 3093 
close 1.0377 2 6 5998 
close 1.0169 1 4 3015 
close 0.9840 1 4 3001 
close 1.0034 1 3 2999 
close 1.0240 1 5 3061 
close 1.0003 1 3 2999 
close 1.0065 1 3 2999 
close 1.0140 1 4 3686 
close 1.0363 2 7 6419 
close 1.0301 2 6 5998 
close 1.0373 1 3 2999 
close 1.0483 1 3 2999 
close 1.0623 1 5 3001 
close 1.0801 1 3 2999 
close 1.0647 1 3 2999 
close 1.0770 1 4 3000 
close 1.0546 1 3 2999 
close 1.0549 2 6 5998 
close 1.0479 1 3 3008 
close 1.0442 2 8 5949 
close 1.0314 1 5 3015 
close 1.0235 1 6 3017 
close 1.0400 1 3 2999 
close 1.0326 1 3 2999 
close 1.0329 1 3 2999 
close 1.0095 1 3 2999 
close 0.9933 1 3 2999 
close 0.9794 1 3 2999 
close 0.9827 1 3 2999 
close 0.9750 1 3 3000 
close 0.9963 1 3 2999 
close 1.0185 1 4 3003 
close 1.0057 1 3 2999 
close 1.0280 1 4 3000 
close 1.0183 1 3 2999 
close 1.0210 1 3 3000 
close 1.0489 1 3 2999 
close 1.0487 1 3 2999 
close 1.0467 1 4 3000 
close 1.0214 1 5 3012 
close 1.0430 1 5 3021 
close 1.0437 1 3 2999 
close 1.0257 1 3 3000 
close 1.0200 1 4 3001 
close 1.0297 1 5 3017 
close 1.0264 1 5 3010 
close 1.0369 1 4 3060 
close 1.0427 1 4 3002 
close 1.0429 1 3 2999 
close 1.0383 1 3 2999 
close 1.0465 2 7 6000 
close 1.0368 1 7 4767 
close 1.0375 1 5 3061 
close 1.0504 1 4 3000 
close 1.0560 1 3 2999 
close 1.0562 1 3 2999 
close 1.0384 2 6 6008 
close 1.0352 1 3 2999 
close 1.0225 1 4 3000 
close 1.0253 1 3 2999 
close 1.0316 1 3 2999 
close 1.0366 1 3 2999 
close 1.0478 1 3 2999 
close 1.0450 1 3 2939 
close 1.0494 1 3 2999 
close 1.0265 1 3 2999 
close 1.0371 1 3 2999 
close 1.0177 1 3 3008 
close 0.9901 1 4 3000 
close 0.9809 1 3 2999 
close 0.9602 1 3 2999 
close 0.9649 1 3 2999 
close 0.9453 1 3 2999 
close 0.9486 1 3 2999 
close 0.9255 1 3 2999 
close 0.9141 1 4 3118 
close 0.9238 1 4 3725 
close 0.9284 1 4 3005 
close 0.9069 1 4 3001 
close 0.8978 1 3 3000 
close 0.9055 1 3 3000 
close 0.9301 1 4 3030 
close 0.9353 1 4 3001 
close 0.9384 1 4 3001 
close 0.9395 1 3 3000 
close 0.9442 1 3 3000 
close 0.9502 1 3 3000 
close 0.9702 1 5 3009 
close 0.9479 1 4 3063 
close 0.9505 1 3 3002 
close 0.9431 1 5 3013 
close 0.9124 1 6 3017 
close 0.9134 1 5 3009 
close 0.9148 1 3 3001 
close 0.8910 1 5 4441 
close 0.8886 1 6 4741 
close 0.8913 1 4 4441 
close 0.8953 2 7 6004 
close 0.8800 1 3 3000 
close 0.8788 1 3 3002 
close 0.8915 1 4 3003 
close 0.9018 1 4 3004 
close 0.9013 1 3 3001 
close 0.8967 1 4 3001 
close 0.9128 1 3 3001 
close 0.9159 1 3 2999 
close 0.9240 1 3 2939 
close 0.9348 1 4 3001 
close 0.9354 1 4 3001 
close 0.9363 1 3 3001 
close 0.9266 2 7 6002 
close 0.9342 1 3 3000 
close 0.9360 1 3 3000 
close 0.9231 1 3 3000 
close 0.9260 1 3 3000 
close 0.9262 1 3 3001 
close 0.9371 1 3 3000 
close 0.9336 1 4 3001 
close 0.9365 1 5 3003 
close 0.9491 1 3 3000 
close 0.9402 1 3 3000 
close 0.9368 1 5 3002 
close 0.9389 1 4 3001 
close 0.9383 1 3 3000 
close 0.9279 1 4 3121 
close 0.9207 1 4 3059 
close 0.9075 1 5 3007 
close 0.8736 2 13 16027 
close 0.8808 1 5 3067 
close 0.8709 1 6 3401 
close 0.8851 1 6 3081 
close 0.8753 1 6 3022 
close 0.8690 1 4 3006 
close 0.8716 1 3 3008 
close 0.8531 1 7 3031 
close 0.8446 1 6 3030 
close 0.8219 1 7 3041 
close 0.8108 1 6 3038 
close 0.8163 1 6 4762 
close 0.8073 1 7 5837 
close 0.8164 2 13 6078 
close 0.7926 1 7 3039 
close 0.7769 2 13 7444 
close 0.7811 1 7 3030 
close 0.7826 1 6 3030 
close 0.7812 1 7 3034 
close 0.7631 1 7 3043 
close 0.7868 1 6 3008 
close 0.7615 2 8 6001 
close 0.7714 1 4 3001 
close 0.8014 1 5 3003 
close 0.7980 1 4 3003 
close 0.7916 1 3 3000 
close 0.7740 1 3 3000 
close 0.7735 1 5 3002 
close 0.7692 1 3 3000 
close 0.7447 2 7 6002 
close 0.7450 1 5 3004 
close 0.7420 1 3 3001 
close 0.7339 1 3 3000 
close 0.7377 1 3 3000 
close 0.7315 2 8 6001 
close 0.7335 1 4 3001 
close 0.7131 1 4 3001 
close 0.7016 1 4 3001 
close 0.7027 1 3 3000 
close 0.7132 1 4 3001 
close 0.7075 2 7 6000 
close 0.6995 1 3 3001 
close 0.7158 2 9 7562 
close 0.7214 1 4 3001 
close 0.7262 1 5 3002 
close 0.7197 1 3 3061 
close 0.7183 1 4 3004 
close 0.7028 1 3 3002 
close 0.7254 1 3 3001 
close 0.7320 1 4 3002 
close 0.7213 1 4 3003 
close 0.7191 1 3 3003 
close 0.7288 1 4 4498 
close 0.6974 1 3 3001 
close 0.6908 1 3 3001 
close 0.6993 2 6 6000 
close 0.7030 1 3 3001 
close 0.7070 1 3 3002 
close 0.7114 1 3 3003 
close 0.7176 1 3 3001 
close 0.7425 1 3 3001 
close 0.7463 1 5 3003 
close 0.7611 1 4 3002 
close 0.7542 1 3 2999 
close 0.7684 1 3 2999 
close 0.7796 1 3 2999 
close 0.7743 1 3 2999 
close 0.7497 2 6 6008 
close 0.7369 1 5 3004 
close 0.7185 1 6 3016 
close 0.7443 1 6 3026 
close 0.7352 1 4 3007 
close 0.7399 2 6 6009 
close 0.7438 1 3 2999 
close 0.7599 1 3 2999 
close 0.7504 1 3 2999 
close 0.7604 1 3 2999 
close 0.7666 1 4 3000 
close 0.7696 1 3 3000 
close 0.7674 1 3 2999 
close 0.7458 2 6 5998 
close 0.7664 1 3 2999 
close 0.7548 1 4 3000 
close 0.7642 1 4 3000 
close 0.7655 1 5 3062 
close 0.7758 1 3 3009 
close 0.7459 1 3 3009 
close 0.7257 1 3 3009 
close 0.7182 1 4 3789 
close 0.7217 1 4 3489 
close 0.7366 1 3 3009 
close 0.7564 1 3 3009 
close 0.7579 1 3 3008 
close 0.7583 1 3 3010 
close 0.7625 1 3 3009 
close 0.7662 1 3 3009 
close 0.7672 1 3 3009 
close 0.7654 1 3 3009 
close 0.7585 2 6 6009 
close 0.7557 1 3 3010 
close 0.7634 1 3 2948 
close 0.7500 1 3 2999 
close 0.7553 1 3 2999 
close 0.7345 1 3 2999 
close 0.7476 1 3 2999 
close 0.7532 1 3 2999 
close 0.7636 1 4 3000 
close 0.7911 1 5 3875 
close 0.7958 2 6 6009 
close 0.7909 1 3 2999 
close 0.7819 1 3 2999 
close 0.7910 1 3 2999 
close 0.7953 1 3 2999 
close 0.8004 2 6 5998 
close 0.8017 1 3 2999 
close 0.7882 1 3 2999 
close 0.7832 1 4 3000 
close 0.7778 1 3 2999 
close 0.7840 1 3 2999 
close 0.7629 1 3 3010 
close 0.7576 1 4 3010 
close 0.7726 1 5 4507 
close 0.7827 1 5 4931 
close 0.7822 1 3 3009 
close 0.7998 1 4 3010 
close 0.8081 1 5 3016 
close 0.7904 1 7 3210 
close 0.7853 2 7 6032 
close 0.7879 1 3 2999 
close 0.7800 1 3 2999 
close 0.7761 1 3 2999 
close 0.7766 1 3 2999 
close 0.7602 1 3 2999 
close 0.7486 1 5 4253 
close 0.7441 1 3 3075 
close 0.7466 1 3 2999 
close 0.7577 1 3 2999 
close 0.7623 1 3 2999 
close 0.7388 2 6 5998 
close 0.7383 1 3 2999 
close 0.7426 1 3 3008 
close 0.7379 1 3 3008 
close 0.7424 1 3 3008 
close 0.7413 1 3 3009 
close 0.7239 1 3 3009 
close 0.7357 1 3 3008 
close 0.7337 1 3 3009 
close 0.7178 1 3 3008 
close 0.7115 1 3 3008 
close 0.7226 1 4 3009 
close 0.7247 1 3 3008 
close 0.7186 1 3 3008 
close 0.7104 1 3 3008 
close 0.7138 2 6 6008 
close 0.7079 1 3 3009 
close 0.7103 1 3 3068 
close 0.7243 1 4 3010 
close 0.7216 1 3 3008 
close 0.7210 1 3 3008 
close 0.7223 1 3 3009 
close 0.7202 1 3 3008 
close 0.7177 1 3 3009 
close 0.7042 1 4 3187 
close 0.7051 1 4 3187 
close 0.7199 1 3 3000 
close 0.7121 1 3 3000 
close 0.7154 1 3 3009 
close 0.7233 1 3 3009 
close 0.7093 1 3 3009 
close 0.7160 1 3 3008 
close 0.7193 1 4 3000 
close 0.7074 1 3 2999 
close 0.7088 1 3 2999 
close 0.7136 1 3 2999 
close 0.7053 1 3 2939 
close 0.7163 1 3 2999 
close 0.7095 1 3 2999 
close 0.7047 1 3 2999 
close 0.7006 1 3 2999 
close 0.6935 1 3 2999 
close 0.6881 1 3 2999 
close 0.6924 1 3 2999 
close 0.6989 1 3 2999 
close 0.6958 1 3 2999 
close 0.6959 1 3 2999 
close 0.6992 1 3 2999 
close 0.6922 1 3 2999 
close 0.7014 1 3 2999 
close 0.6871 1 3 2999 
body 0.0014 7 30 26394 
body -0.0084 5 23 16737 
body -0.0032 3 13 10047 
body -0.0047 5 19 17117 
body 0.0034 4 23 18119 
body -0.0176 2 14 7818 
body -0.0087 4 20 18062 
body 0.0013 6 28 20764 
body -0.0094 3 17 13589 
body -0.0125 2 10 7393 
body -0.0003 5 25 17946 
body -0.0053 6 23 19216 
body -0.0117 1 7 4243 
body 0.0105 5 28 16446 
body 0.0073 7 35 28790 
body 0.0019 4 24 16146 
body 0.0120 3 13 10530 
body -0.0012 3 17 10843 
body 0.0049 4 16 13231 
body 0.0017 2 10 7186 
body -0.0044 6 30 27775 
body -0.0090 3 13 10389 
body 0.0158 2 10 7462 
body -0.0041 2 10 7195 
body 0.0004 4 16 13372 
body -0.0050 6 25 19262 
body -0.0068 3 17 14570 
body -0.0005 3 13 11323 
body 0.0006 5 25 22575 
body 0.0058 6 29 24719 
body 0.0062 5 23 20981 
body 0.0142 6 28 20239 
body -0.0063 5 29 19764 
body -0.0085 2 13 8627 
body -0.0038 3 17 15395 
body -0.0208 3 14 12189 
body -0.0022 3 13 11957 
body 0.0011 6 23 20748 
body 0.0044 4 20 18854 
body 0.0131 2 14 10789 
body -0.0020 3 14 11659 
body 0.0087 3 16 11163 
body 0.0089 3 13 11372 
body -0.0014 2 10 8707 
body 0.0022 2 11 9714 
body 0.0026 7 37 40238 
body -0.0017 2 10 10420 
body -0.0080 3 13 14029 
body 0.0141 1 7 7308 
body -0.0062 3 13 13255 
body 0.0025 5 22 20915 
body -0.0113 4 17 16628 
body 0.0009 3 13 13462 
body 0.0000 6 34 30246 
body 0.0091 3 13 13531 
body -0.0057 3 14 13567 
body 0.0075 5 24 23973 
body -0.0004 3 13 13597 
body 0.0027 4 17 16572 
body 0.0053 3 15 16289 
body 0.0061 5 23 19501 
body -0.0034 4 20 16544 
body 0.0008 2 14 14349 
body 0.0007 7 27 25637 
body 0.0092 4 24 22942 
body 0.0067 3 13 13764 
body 0.0064 3 13 13352 
body 0.0128 3 13 13304 
body -0.0052 1 7 7211 
body 0.0100 2 10 9464 
body -0.0118 2 10 9298 
body 0.0043 4 20 15692 
body -0.0099 4 20 18500 
body -0.0155 2 10 9666 
body -0.0142 1 7 6396 
body 0.0068 2 10 9788 
body -0.0018 3 13 12763 
body 0.0003 6 28 26104 
body 0.0012 1 7 7032 
body 0.0005 5 27 23360 
body 0.0042 4 17 16293 
body 0.0036 5 23 22608 
body -0.0015 7 32 25273 
body -0.0007 3 13 13075 
body 0.0065 4 20 17449 
body -0.0023 4 22 21730 
body 0.0118 5 20 19383 
body 0.0116 1 7 6670 
body -0.0002 1 7 7314 
body -0.0016 4 18 16240 
body 0.0157 3 16 13205 
body 0.0104 3 14 13217 
body -0.0124 1 7 6949 
body -0.0092 5 21 18285 
body 0.0084 5 22 18800 
body 0.0069 2 10 9805 
body 0.0125 2 10 10130 
body 0.0194 2 10 9692 
body 0.0052 2 11 9268 
body 0.0126 2 10 9224 
body 0.0054 5 23 20975 
body -0.0056 2 10 8943 
body 0.0145 3 14 13842 
body -0.0064 3 14 12170 
body 0.0122 2 10 9199 
body -0.0151 2 14 9416 
body 0.0002 7 33 29693 
body -0.0159 2 10 8530 
body -0.0111 3 16 11706 
body -0.0072 3 13 11957 
body 0.0203 2 10 8572 
body 0.0046 5 26 17880 
body 0.0121 2 10 8646 
body 0.0080 2 10 8555 
body 0.0063 5 21 17826 
body 0.0040 3 17 11969 
body 0.0086 4 17 14692 
body -0.0046 2 10 8769 
body 0.0132 2 11 9042 
body 0.0081 5 19 17944 
body 0.0028 2 12 8711 
body -0.0043 2 10 8499 
body 0.0127 5 24 19485 
body 0.0169 4 22 15027 
body 0.0101 4 19 14008 
body -0.0098 3 16 9073 
body 0.0166 2 10 6071 
body -0.0182 2 12 6106 
body -0.0188 2 10 6076 
body -0.0028 4 16 12018 
body -0.0154 1 7 3063 
body 0.0115 3 13 9079 
body -0.0001 2 10 6028 
body 0.0078 2 10 6082 
body -0.0086 1 7 3099 
body -0.0206 4 16 12068 
body 0.0030 6 27 18084 
body -0.0066 3 13 9129 
body -0.0305 1 7 3064 
body -0.0114 2 11 6061 
body 0.0199 2 10 6065 
body 0.0010 3 15 9046 
body -0.0039 1 7 3034 
body -0.0081 2 10 6035 
body 0.0235 1 7 3047 
body 0.0096 3 17 9065 
body -0.0274 1 7 3039 
body 0.0072 4 16 12033 
body 0.0031 6 29 18049 
body -0.0102 2 10 6031 
body -0.0008 1 7 3028 
body -0.0119 1 7 3036 
body 0.0001 6 29 25142 
body 0.0140 3 16 9043 
body 0.0056 4 17 12027 
body 0.0185 1 7 3024 
body 0.0111 3 14 9040 
body -0.0132 3 15 9038 
body 0.0020 4 18 12031 
body -0.0184 3 18 9053 
body 0.0119 4 20 12051 
body -0.0135 2 10 7341 
body -0.0024 5 24 18139 
body -0.0078 3 14 9030 
body 0.0113 3 9 9006 
body 0.0077 2 8 6731 
body -0.0077 3 9 8998 
body 0.0215 1 3 2999 
body -0.0060 3 10 9009 
body -0.0082 3 11 9001 
body -0.0089 3 9 8937 
body 0.0074 2 6 6002 
body -0.0035 1 4 3004 
body 0.0038 3 11 9003 
body -0.0222 1 3 2999 
body 0.0057 3 10 8999 
body -0.0045 1 3 2999 
body -0.0152 2 9 6036 
body -0.0048 3 9 8997 
body -0.0036 1 3 2999 
body -0.0133 1 4 3000 
body -0.0091 2 6 5999 
body 0.0210 1 3 2999 
body -0.0031 3 10 9129 
body -0.0042 2 6 5998 
body 0.0094 2 8 7379 
body -0.0134 3 10 9254 
body -0.0009 3 12 9038 
body -0.0201 1 3 2999 
body 0.0155 3 10 9260 
body 0.0090 4 15 12032 
body 0.0032 5 17 14997 
body -0.0033 3 13 9529 
body 0.0041 4 13 12007 
body 0.0048 3 12 9018 
body -0.0186 2 6 5998 
body -0.0126 1 3 2939 
body 0.0144 2 8 6000 
body 0.0136 5 15 15006 
body -0.0071 3 10 9057 
body -0.0158 3 10 9001 
body -0.0204 1 3 2999 
body -0.0058 1 3 2999 
body 0.0088 1 3 2999 
body -0.0073 2 6 5998 
body -0.0026 5 17 15018 
body -0.0185 2 7 6001 
body -0.0083 5 15 14945 
body 0.0098 3 11 8999 
body 0.0148 1 3 3059 
body 0.0059 3 10 9017 
body -0.0162 1 3 2999 
body 0.0018 2 6 5998 
body 0.0109 2 6 5999 
body -0.0210 1 3 2999 
body 0.0015 4 16 12038 
body 0.0228 1 4 3000 
body 0.0039 7 23 21008 
body -0.0010 2 6 6008 
body -0.0137 2 6 5998 
body 0.0187 1 3 2999 
body 0.0095 1 3 2999 
body 0.0033 2 7 6016 
body -0.0310 1 3 2999 
body -0.0207 3 10 9013 
body -0.0353 1 4 3016 
body 0.0147 1 4 3001 
body 0.0114 2 6 5998 
body 0.0168 1 3 2999 
body 0.0239 1 3 2999 
body 0.0159 1 3 2999 
body -0.0097 2 7 5999 
body 0.0218 1 4 3060 
body 0.0112 4 13 11998 
body -0.0319 1 3 2999 
body -0.0179 2 6 6008 
body -0.0127 5 21 15029 
body 0.0175 2 9 6004 
body 0.0076 2 6 5999 
body 0.0238 1 3 2999 
body 0.0204 1 3 2999 
body -0.0131 1 3 2999 
body 0.0173 3 10 10615 
body -0.0088 3 12 9002 
body 0.0161 4 13 11999 
body -0.0075 2 6 5998 
body -0.0013 4 14 12004 
body 0.0256 1 3 2999 
body -0.0195 1 3 2999 
body -0.0359 1 3 2999 
body -0.0449 1 4 3000 
body -0.0156 1 3 2999 
body -0.0190 2 6 5998 
body -0.0311 1 3 2999 
body 0.0439 1 3 2999 
body -0.0467 1 3 2999 
body -0.0823 1 3 2999 
body -0.0237 1 3 2999 
body -0.0285 1 4 3071 
body 0.0480 1 4 3002 
body -0.0416 1 3 2999 
body -0.0049 1 3 2999 
body -0.0006 5 15 15008 
body 0.0356 1 3 2999 
body -0.0146 1 4 3004 
body 0.0133 2 10 7633 
body 0.0289 2 9 7688 
body -0.0539 1 3 2999 
body -0.0200 1 3 2999 
body -0.0128 1 3 2999 
body 0.0051 3 9 8997 
body 0.0164 1 3 2999 
body 0.0102 1 3 2999 
body 0.0151 1 3 2999 
body 0.0362 1 3 2999 
body -0.0074 2 10 5980 
body -0.0145 1 3 2999 
body 0.0347 1 3 2999 
body 0.0253 1 3 2999 
body 0.0327 1 3 2999 
body -0.0093 3 9 9072 
body -0.0175 2 6 5999 
body 0.0221 1 3 2999 
body 0.0193 2 7 7617 
body -0.0141 1 3 2999 
body -0.0030 3 9 8999 
body 0.0079 1 3 2999 
body -0.0070 3 9 9006 
body 0.0364 1 3 2999 
body 0.0124 2 7 5999 
body 0.0165 2 7 5999 
body 0.0274 1 3 2999 
body 0.0024 5 18 15068 
body -0.0313 1 3 2999 
body 0.0093 3 10 8999 
body -0.0240 2 6 6008 
body -0.0079 2 9 6198 
body 0.0229 1 3 2999 
body 0.0029 2 7 6002 
body -0.0149 2 10 6013 
body -0.0069 4 13 12008 
body -0.0147 1 3 2999 
body -0.0326 1 3 3000 
body -0.0346 1 3 2999 
body 0.0381 1 3 2999 
body -0.0224 1 3 2999 
body 0.0333 1 3 2999 
body 0.0186 1 4 3004 
body -0.0218 1 5 3023 
body 0.0150 1 6 3151 
body -0.0263 1 3 2999 
body -0.0029 2 8 6012 
body -0.0144 1 5 3151 
body 0.0240 1 5 3002 
body 0.0156 1 6 3011 
body -0.0011 1 5 3002 
body 0.0117 1 5 3515 
body -0.0233 1 4 3002 
body 0.0160 1 4 3004 
body -0.0174 1 3 2999 
body 0.0200 1 3 2939 
body 0.0129 2 8 6000 
body 0.0258 1 5 3057 
body -0.0216 2 7 6000 
body 0.0035 1 4 3000 
body -0.0061 5 15 15007 
body -0.0105 2 7 6002 
body 0.0154 1 3 2999 
body 0.0216 2 8 6020 
body -0.0209 1 3 2999 
body -0.0368 1 3 2999 
body 0.0153 1 3 2999 
body -0.0180 1 7 3080 
body -0.0344 1 4 3017 
body -0.0350 1 5 3044 
body 0.0404 1 4 3025 
body 0.0293 1 7 3069 
body 0.0177 2 6 5998 
body -0.0139 3 11 9101 
body -0.0329 1 4 3001 
body 0.0206 2 11 6087 
body -0.0238 2 10 6038 
body 0.0223 2 8 6420 
body -0.0225 1 3 2999 
body -0.0037 1 4 2940 
body -0.0234 1 3 2999 
body -0.0163 2 6 5998 
body 0.0213 1 3 2999 
body 0.0222 1 4 3003 
body 0.0278 1 3 2999 
body -0.0104 1 3 2999 
body -0.0120 2 6 5999 
body 0.0097 2 9 6017 
body 0.0023 1 3 2999 
body -0.0150 1 7 4767 
body -0.0096 3 10 9001 
body -0.0110 1 3 2999 
body 0.0106 1 3 2999 
body -0.0194 1 3 3008 
body -0.0276 1 4 3000 
body 0.0047 3 11 9001 
body -0.0197 1 3 2999 
body -0.0230 1 3 2999 
body 0.0021 4 14 12010 
body 0.0246 1 4 3030 
body 0.0201 1 5 3009 
body -0.0223 1 4 3063 
body 0.0134 1 5 3013 
body -0.0306 1 6 3017 
body -0.0251 1 4 3002 
body -0.0153 1 3 3000 
body 0.0107 1 4 3001 
body -0.0129 2 8 6004 
body -0.0339 1 6 5947 
body -0.0100 2 9 6400 
body 0.0055 2 8 6008 
body -0.0157 2 10 7423 
body -0.0181 1 7 3043 
body 0.0247 1 6 3008 
body -0.0252 1 6 2947 
body 0.0099 1 4 3001 
body 0.0301 1 5 3003 
body -0.0247 1 4 3003 
body -0.0203 1 4 3001 
body 0.0162 1 4 3001 
body -0.0065 2 6 6060 
body 0.0045 3 10 9010 
body -0.0130 1 5 4561 
body -0.0067 2 7 6001 
body 0.0250 1 3 3001 
body 0.0146 1 4 3002 
body -0.0245 1 3 2999 
body -0.0055 1 3 2999 
body -0.0095 1 3 2999 
body -0.0217 1 3 2999 
body 0.0108 1 3 2999 
body 0.0083 1 3 3010 
body -0.0076 1 4 3789 
body 0.0149 1 3 3009 
body 0.0198 1 3 3009 
body -0.0019 1 3 3009 
body -0.0051 2 7 5981 
body -0.0192 1 3 2999 
body 0.0275 1 5 3875 
body 0.0016 2 8 6688 
body -0.0123 1 3 2999 
body 0.0103 1 3 3009 
body 0.0082 1 5 3016 
body -0.0168 1 3 2999 
body -0.0115 1 5 4253 
body 0.0139 1 3 2999 
body -0.0121 1 3 2999 
body 0.0037 1 3 2999 
body -0.0122 1 3 2999 
up 0.0091 2 12 7562 
up 0.0002 16 74 62594 
up 0.0077 4 16 13047 
up 0.0031 11 52 47040 
up 0.0060 7 33 25334 
up 0.0003 11 54 42052 
up 0.0000 10 47 46309 
up 0.0028 16 72 64556 
up 0.0043 14 72 56836 
up 0.0017 20 94 73399 
up 0.0011 16 62 50537 
up 0.0006 20 99 79541 
up 0.0027 17 82 67819 
up 0.0079 6 26 20509 
up 0.0141 3 13 9802 
up 0.0012 17 70 58774 
up 0.0065 11 52 46241 
up 0.0054 8 32 27894 
up 0.0087 3 20 12750 
up 0.0020 11 49 40288 
up 0.0048 6 28 19238 
up 0.0033 13 63 53754 
up 0.0029 8 38 31997 
up 0.0089 3 20 14710 
up 0.0022 14 70 60599 
up 0.0057 6 27 23269 
up 0.0013 17 72 63654 
up 0.0036 13 51 46035 
up 0.0034 15 64 52805 
up 0.0042 12 48 41041 
up 0.0025 13 57 52919 
up 0.0007 12 64 57041 
up 0.0010 16 65 60571 
up 0.0044 4 21 19816 
up 0.0023 10 47 44107 
up 0.0004 11 52 47186 
up 0.0001 8 31 28514 
up 0.0059 6 28 26827 
up 0.0038 10 45 40674 
up 0.0056 10 42 38849 
up 0.0018 15 64 49625 
up 0.0045 11 48 39183 
up 0.0070 4 17 16648 
up 0.0037 17 79 67002 
up 0.0046 7 37 30772 
up 0.0019 11 44 37124 
up 0.0040 10 53 39499 
up 0.0015 20 94 74909 
up 0.0050 12 53 40639 
up 0.0021 16 73 55111 
up 0.0051 7 35 25444 
up 0.0026 11 53 40281 
up 0.0041 9 34 31399 
up 0.0024 15 67 60200 
up 0.0058 13 49 43362 
up 0.0030 14 56 47084 
up 0.0005 14 64 50092 
up 0.0099 6 28 21235 
up 0.0039 8 31 27172 
up 0.0069 3 13 11771 
up 0.0068 9 41 29724 
up 0.0052 13 49 42104 
up 0.0032 13 50 41592 
up 0.0047 7 26 25330 
up 0.0092 4 18 14686 
up 0.0009 10 38 34110 
up 0.0008 13 49 43471 
up 0.0016 21 85 68042 
up 0.0072 4 16 12070 
up 0.0074 7 28 21110 
up 0.0117 1 7 3038 
up 0.0114 2 10 6033 
up 0.0064 2 10 6030 
up 0.0049 6 26 18116 
up 0.0104 5 23 15062 
up 0.0014 15 55 45142 
up 0.0088 9 40 27152 
up 0.0083 3 13 9030 
up 0.0080 1 7 3024 
up 0.0067 3 11 9011 
up 0.0053 6 20 19607 
up 0.0061 8 28 24581 
up 0.0110 1 3 2999 
up 0.0055 7 22 21014 
up 0.0066 8 26 24008 
up 0.0063 7 23 22683 
up 0.0076 5 17 15623 
up 0.0111 2 6 5998 
up 0.0196 1 4 3001 
up 0.0112 2 9 6010 
up 0.0082 4 16 12028 
up 0.0071 4 14 12061 
up 0.0153 2 8 6001 
up 0.0164 2 7 6000 
up 0.0205 1 3 2999 
up 0.0137 2 6 6001 
up 0.0154 1 3 2999 
up 0.0090 3 11 10440 
up 0.0171 1 3 2999 
up 0.0084 3 13 9032 
up 0.0135 1 3 2999 
up 0.0098 2 7 5999 
up 0.0105 4 14 11999 
up 0.0103 1 3 2999 
up 0.0210 1 3 2999 
up 0.0127 2 7 6000 
up 0.0095 5 16 14938 
up 0.0138 2 6 5999 
up 0.0140 2 6 5998 
up 0.0109 3 12 9047 
up 0.0102 1 3 2999 
up 0.0116 1 3 2999 
up 0.0207 1 4 3004 
up 0.0176 2 6 5998 
up 0.0085 3 9 9006 
up 0.0293 1 3 2999 
up 0.0062 2 8 5940 
up 0.0151 1 3 2999 
up 0.0220 1 3 2999 
up 0.0186 1 3 2999 
up 0.0096 5 17 14998 
up 0.0182 1 3 2999 
up 0.0125 1 3 2999 
up 0.0081 2 7 5999 
up 0.0097 2 10 7472 
up 0.0130 1 3 2999 
up 0.0161 1 3 2999 
up 0.0224 1 3 2999 
up 0.0194 1 4 3000 
up 0.0131 2 7 6001 
up 0.0100 1 4 3000 
up 0.0075 5 19 15002 
up 0.0159 1 5 3001 
up 0.0192 1 5 3002 
up 0.0120 1 5 3151 
up 0.0136 2 8 6001 
up 0.0165 2 9 6521 
up 0.0169 3 15 9091 
up 0.0132 1 4 3000 
up 0.0157 1 3 3008 
up 0.0122 1 3 2999 
up 0.0086 3 13 9047 
up 0.0121 1 7 3069 
up 0.0326 1 5 3093 
up 0.0124 1 3 2999 
up 0.0118 2 6 6002 
up 0.0143 2 7 6000 
up 0.0185 1 3 2999 
up 0.0126 1 4 3001 
up 0.0142 1 4 3001 
up 0.0035 1 4 3004 
up 0.0078 2 8 6011 
up 0.0119 1 4 3059 
up 0.0129 1 7 3043 
up 0.0181 1 3 3000 
up 0.0128 1 5 3003 
up 0.0200 1 3 2999 
up 0.0106 2 6 5998 
up 0.0073 1 3 3075 
up 0.0115 1 3 3008 
down 0.0069 8 44 32104 
down 0.0044 14 60 53208 
down 0.0021 14 71 50792 
down 0.0059 5 24 18504 
down 0.0022 13 61 47029 
down 0.0004 17 79 74605 
down 0.0028 12 54 41803 
down 0.0034 10 48 34003 
down 0.0000 12 51 42546 
down 0.0015 15 60 49950 
down 0.0126 4 26 15993 
down 0.0089 6 22 19218 
down 0.0086 10 42 31321 
down 0.0031 11 55 39069 
down 0.0014 16 64 55973 
down 0.0108 3 14 9750 
down 0.0016 19 80 66470 
down 0.0010 17 88 83387 
down 0.0024 15 71 63215 
down 0.0105 7 29 22873 
down 0.0005 10 43 36079 
down 0.0063 11 51 41348 
down 0.0118 3 14 10268 
down 0.0055 5 26 18537 
down 0.0082 3 18 10779 
down 0.0045 16 63 53613 
down 0.0067 4 16 15158 
down 0.0012 17 76 67138 
down 0.0061 4 18 14895 
down 0.0003 16 69 56201 
down 0.0041 13 48 41590 
down 0.0053 6 24 20946 
down 0.0121 2 11 8955 
down 0.0091 6 31 24228 
down 0.0035 6 34 20166 
down 0.0042 11 45 39997 
down 0.0020 12 46 42246 
down 0.0043 12 54 43641 
down 0.0057 8 36 32584 
down 0.0007 18 79 72746 
down 0.0026 20 85 81999 
down 0.0011 15 68 68521 
down 0.0008 15 65 62152 
down 0.0032 9 43 34890 
down 0.0038 7 29 25667 
down 0.0009 15 56 49780 
down 0.0046 7 33 28926 
down 0.0037 12 60 47183 
down 0.0030 9 41 34213 
down 0.0027 8 35 29772 
down 0.0088 6 28 22271 
down 0.0025 13 48 47103 
down 0.0072 5 22 18299 
down 0.0065 5 20 18393 
down 0.0075 3 15 12793 
down 0.0066 9 32 30681 
down 0.0019 15 71 54305 
down 0.0050 7 30 24849 
down 0.0036 13 61 50207 
down 0.0017 11 44 39186 
down 0.0058 10 43 41684 
down 0.0006 7 30 25045 
down 0.0040 13 57 46230 
down 0.0002 11 46 40286 
down 0.0001 9 46 46612 
down 0.0056 12 52 43614 
down 0.0085 8 28 27610 
down 0.0074 4 16 15264 
down 0.0073 8 41 30251 
down 0.0018 10 39 33244 
down 0.0068 5 27 17770 
down 0.0029 11 47 35624 
down 0.0062 12 53 38946 
down 0.0060 5 19 17757 
down 0.0103 3 18 11831 
down 0.0071 6 26 20718 
down 0.0013 8 32 28275 
down 0.0156 2 10 6051 
down 0.0099 5 25 15099 
down 0.0151 3 15 9074 
down 0.0177 1 7 3081 
down 0.0169 1 7 3063 
down 0.0167 1 7 3029 
down 0.0093 5 24 15120 
down 0.0168 1 7 3071 
down 0.0081 2 10 6063 
down 0.0077 6 27 19503 
down 0.0154 1 7 3030 
down 0.0164 3 14 9758 
down 0.0076 4 19 12043 
down 0.0064 4 17 12045 
down 0.0095 5 21 15123 
down 0.0033 10 38 30100 
down 0.0122 1 7 3021 
down 0.0039 4 18 14849 
down 0.0048 6 19 17998 
down 0.0047 7 26 22478 
down 0.0023 9 33 27702 
down 0.0054 5 15 14996 
down 0.0098 3 13 9041 
down 0.0104 3 9 8998 
down 0.0313 1 4 3016 
down 0.0145 3 9 9025 
down 0.0238 1 3 2999 
down 0.0185 1 3 2999 
down 0.0107 3 12 9020 
down 0.0079 2 8 6000 
down 0.0186 1 3 2999 
down 0.0090 4 15 12196 
down 0.0117 4 13 12001 
down 0.0094 4 16 12066 
down 0.0165 3 11 9042 
down 0.0210 1 3 2999 
down 0.0052 2 6 5998 
down 0.0115 1 3 2999 
down 0.0152 1 3 2999 
down 0.0106 1 3 2999 
down 0.0682 1 3 2999 
down 0.0278 1 3 2999 
down 0.0481 1 4 3071 
down 0.0425 1 3 2999 
down 0.0147 1 3 2999 
down 0.0083 7 23 20999 
down 0.0255 1 3 2999 
down 0.0150 1 3 2999 
down 0.0143 4 15 11943 
down 0.0134 2 6 5998 
down 0.0070 2 6 6009 
down 0.0209 2 7 5999 
down 0.0133 2 6 5939 
down 0.0190 1 3 2999 
down 0.0135 2 6 5999 
down 0.0181 1 3 2999 
down 0.0110 1 3 2999 
down 0.0138 1 3 2999 
down 0.0113 2 6 5998 
down 0.0259 1 3 2999 
down 0.0204 1 3 2999 
down 0.0119 1 3 2999 
down 0.0184 2 6 5938 
down 0.0125 1 4 3002 
down 0.0235 1 3 2999 
down 0.0175 1 4 3000 
down 0.0187 1 3 2999 
down 0.0192 2 9 6002 
down 0.0212 1 3 3059 
down 0.0129 4 14 12041 
down 0.0049 3 12 9020 
down 0.0314 1 5 3080 
down 0.0116 1 3 2999 
down 0.0452 1 3 2999 
down 0.0269 1 4 3001 
down 0.0159 1 3 2999 
down 0.0102 3 10 9003 
down 0.0101 1 7 3046 
down 0.0283 1 4 3017 
down 0.0179 1 3 2999 
down 0.0097 1 4 3420 
down 0.0157 1 3 2999 
down 0.0170 1 3 3000 
down 0.0051 4 14 12003 
down 0.0100 2 6 6008 
down 0.0109 2 6 5999 
down 0.0080 1 4 3001 
down 0.0146 1 3 3001 
down 0.0092 2 8 6007 
down 0.0078 3 9 9001 
down 0.0144 1 7 4413 
down 0.0124 1 5 3002 
down 0.0084 1 3 3000 
down 0.0087 1 3 3003 
down 0.0303 1 3 3000 
