open 1.5203 1 7 3161 
open 1.5234 3 21 9373 
open 1.5381 1 5 3078 
open 1.5324 1 7 3266 
open 1.5247 1 7 3152 
open 1.5395 3 21 9631 
open 1.5359 1 7 3438 
open 1.5346 1 7 3183 
open 1.5378 1 7 3335 
open 1.5363 2 14 6188 
open 1.5342 1 7 3137 
open 1.5274 1 7 3162 
open 1.5256 1 7 3707 
open 1.5261 1 7 3069 
open 1.5329 1 7 3233 
open 1.5412 1 7 3256 
open 1.5413 1 7 3178 
open 1.5314 1 7 3170 
open 1.5277 1 7 3344 
open 1.5168 1 7 3165 
open 1.5253 1 7 3100 
open 1.5281 1 7 3140 
open 1.5229 1 7 3090 
open 1.5220 1 7 3435 
open 1.5208 1 7 3146 
open 1.5060 2 14 6625 
open 1.5054 1 7 3372 
open 1.5122 2 11 6462 
open 1.5150 1 7 3186 
open 1.5178 1 7 3407 
open 1.5176 2 14 6449 
open 1.5125 1 7 3241 
open 1.5001 1 7 3239 
open 1.4815 1 7 3160 
open 1.4652 1 7 3289 
open 1.4861 1 7 3147 
open 1.4827 1 7 3116 
open 1.4836 1 7 3109 
open 1.4771 1 7 3186 
open 1.4693 2 14 7602 
open 1.4721 1 7 3273 
open 1.4707 1 7 3328 
open 1.4559 1 7 4560 
open 1.4633 1 7 4342 
open 1.4710 1 7 3953 
open 1.4753 1 7 4180 
open 1.4743 1 7 5520 
open 1.4853 1 7 7968 
open 1.4776 3 17 11279 
open 1.4723 1 7 4306 
open 1.4724 3 20 11976 
open 1.4701 1 7 4514 
open 1.4768 1 7 4264 
open 1.4788 1 7 4208 
open 1.4754 2 12 7041 
open 1.4763 1 7 4371 
open 1.4688 1 7 4283 
open 1.4634 1 7 4331 
open 1.4620 4 28 18813 
open 1.4624 1 7 4712 
open 1.4667 1 7 4947 
open 1.4680 2 14 10773 
open 1.4664 3 21 14080 
open 1.4560 1 7 4941 
open 1.4541 1 7 4782 
open 1.4563 1 7 4655 
open 1.4507 1 7 4766 
open 1.4609 1 7 4510 
open 1.4744 1 7 4467 
open 1.4752 1 7 4412 
open 1.4679 2 14 9367 
open 1.4654 2 14 9039 
open 1.4718 1 7 4567 
open 1.4534 1 7 4080 
open 1.4571 1 7 4107 
open 1.4573 1 7 4570 
open 1.4683 1 7 4457 
open 1.4666 1 7 4746 
open 1.4596 1 7 4781 
open 1.4702 1 7 4765 
open 1.4628 1 7 4842 
open 1.4627 1 7 5263 
open 1.4659 1 7 5442 
open 1.4663 1 7 5442 
open 1.4685 1 7 5405 
open 1.4647 1 7 5482 
open 1.4731 1 7 5655 
open 1.4711 1 7 5239 
open 1.4730 2 14 9413 
open 1.4671 1 7 4979 
open 1.4505 1 7 7151 
open 1.4509 1 7 5827 
open 1.4579 1 7 4750 
open 1.4630 2 13 8012 
open 1.4616 1 7 5447 
open 1.4656 1 7 5147 
open 1.4675 1 7 5290 
open 1.4704 1 7 4988 
open 1.4607 1 7 5212 
open 1.4586 1 7 4950 
open 1.4706 1 7 4492 
open 1.4782 1 7 4269 
open 1.4856 1 7 4662 
open 1.5031 1 7 5114 
open 1.5040 1 7 4531 
open 1.5080 1 7 4608 
open 1.5134 1 7 4362 
open 1.5149 2 14 7394 
open 1.5109 1 7 4669 
open 1.5215 1 7 4237 
open 1.5377 1 7 4400 
open 1.5370 1 7 4662 
open 1.5420 2 14 7275 
open 1.5298 2 14 7365 
open 1.5526 1 7 4619 
open 1.5490 1 7 3869 
open 1.5472 1 7 3793 
open 1.5421 2 14 7060 
open 1.5468 2 14 7758 
open 1.5333 1 7 3945 
open 1.5435 1 7 4017 
open 1.5460 1 7 3799 
open 1.5341 1 7 4282 
open 1.5337 1 7 3766 
open 1.5475 3 21 9977 
open 1.5532 1 7 3854 
open 1.5543 2 13 6782 
open 1.5373 1 7 3962 
open 1.5478 1 7 4148 
open 1.5444 1 7 4005 
open 1.5519 1 7 4060 
open 1.5534 2 14 8095 
open 1.5649 1 7 4057 
open 1.5677 1 7 3741 
open 1.5464 2 14 6884 
open 1.5558 1 7 3858 
open 1.5528 1 7 4000 
open 1.5584 3 21 12139 
open 1.5605 1 7 5902 
open 1.5681 1 7 3037 
open 1.5597 1 7 3038 
open 1.5686 1 7 3031 
open 1.5669 1 7 3033 
open 1.5662 1 7 3045 
open 1.5692 1 7 3037 
open 1.5757 3 21 9065 
open 1.5742 1 7 3033 
open 1.5823 1 7 3048 
open 1.5784 1 7 3038 
open 1.5674 1 7 3034 
open 1.5514 2 14 6007 
open 1.5603 1 7 3035 
open 1.5600 1 7 3031 
open 1.5562 1 7 3021 
open 1.5483 2 13 6035 
open 1.5501 1 7 3040 
open 1.5383 1 7 3028 
open 1.5327 1 7 3032 
open 1.5399 1 7 3018 
open 1.5260 1 7 3017 
open 1.5187 1 7 3013 
open 1.5127 1 7 3011 
open 1.5291 1 7 3019 
open 1.5186 1 7 3017 
open 1.5334 1 7 3019 
open 1.5375 1 7 3021 
open 1.5415 1 7 3015 
open 1.5433 2 14 6026 
open 1.5361 2 12 6017 
open 1.5338 1 7 3010 
open 1.5416 1 7 3010 
open 1.5455 1 7 3018 
open 1.5518 1 7 3021 
open 1.5535 2 14 6028 
open 1.5384 1 7 3009 
open 1.5326 1 7 3067 
open 1.5330 1 7 3009 
open 1.5259 1 7 3014 
open 1.5233 1 7 3013 
open 1.5155 2 11 6014 
open 1.5315 1 7 3010 
open 1.5353 1 7 3009 
open 1.5418 1 7 3017 
open 1.5427 2 13 7348 
open 1.5510 2 10 6010 
open 1.5502 2 13 6013 
open 1.5429 1 7 3013 
open 1.5591 1 6 3009 
open 1.5482 1 4 3005 
open 1.5364 1 7 3027 
open 1.5497 1 7 3013 
open 1.5508 1 6 3011 
open 1.5523 1 6 3014 
open 1.5488 2 12 6017 
open 1.5406 1 6 3011 
open 1.5461 1 6 3004 
open 1.5441 2 13 6018 
open 1.5463 2 11 6014 
open 1.5354 1 7 3008 
open 1.5365 1 6 3009 
open 1.5410 1 6 3005 
open 1.5446 1 7 3008 
open 1.5531 4 25 12027 
open 1.5554 1 7 3011 
open 1.5639 2 14 6020 
open 1.5612 1 7 3009 
open 1.5561 1 7 3008 
open 1.5578 1 7 3005 
open 1.5516 2 14 6029 
open 1.5529 1 6 3009 
open 1.5434 1 6 3008 
open 1.5565 1 5 3005 
open 1.5515 1 5 3006 
open 1.5462 1 7 3007 
open 1.5437 1 7 3066 
open 1.5439 1 6 3005 
open 1.5467 1 6 3005 
open 1.5390 1 7 3013 
open 1.5520 1 6 3011 
open 1.5500 1 5 3004 
open 1.5442 1 7 3012 
open 1.5494 1 7 3006 
open 1.5481 1 6 3006 
open 1.5533 1 7 3019 
open 1.5580 1 7 3009 
open 1.5581 1 7 3016 
open 1.5634 1 7 3009 
open 1.5609 1 6 3015 
open 1.5646 1 6 3010 
open 1.5737 1 6 2947 
open 1.5717 1 6 3010 
open 1.5816 1 6 3005 
open 1.5665 1 5 3008 
open 1.5755 1 6 3010 
open 1.5601 1 7 3008 
open 1.5569 2 10 6008 
open 1.5491 1 7 3010 
open 1.5589 1 7 3010 
open 1.5537 1 6 3004 
open 1.5586 1 6 3007 
open 1.5656 1 7 3017 
open 1.5655 1 7 3015 
open 1.5658 1 7 3017 
open 1.5761 1 7 3021 
open 1.5722 1 7 3016 
open 1.5743 1 6 3007 
open 1.5818 1 7 3024 
open 1.5800 1 6 3009 
open 1.5809 1 7 3014 
open 1.5868 1 7 3008 
open 1.5865 1 7 3009 
open 1.5773 1 7 3011 
open 1.5855 2 10 6017 
open 1.5931 2 14 6021 
open 1.5902 1 6 3019 
open 1.5906 1 7 3069 
open 1.5878 1 7 3015 
open 1.5955 1 7 3011 
open 1.5932 2 10 6018 
open 1.5933 1 6 3009 
open 1.5869 1 7 3010 
open 1.5874 1 7 3010 
open 1.6019 1 7 4395 
open 1.6024 2 10 7385 
open 1.6103 1 6 3007 
open 1.6134 1 7 3014 
open 1.6126 1 7 3009 
open 1.6184 1 7 3010 
open 1.6226 2 13 6018 
open 1.6096 2 12 6020 
open 1.6254 1 7 3014 
open 1.6241 1 7 3013 
open 1.6111 3 17 9015 
open 1.6059 1 7 3005 
open 1.6062 1 6 3005 
open 1.6136 1 7 2953 
open 1.6173 1 7 3006 
open 1.6292 1 7 3014 
open 1.6350 1 7 3008 
open 1.6403 1 6 3011 
open 1.6376 1 6 3008 
open 1.6514 1 7 3008 
open 1.6492 2 14 6025 
open 1.6511 1 6 3014 
open 1.6538 1 7 3010 
open 1.6469 1 6 3006 
open 1.6465 2 13 6025 
open 1.6522 1 7 3013 
open 1.6647 1 7 3010 
open 1.6519 1 7 3012 
open 1.6546 1 7 3023 
open 1.6527 1 7 3007 
open 1.6550 1 7 3008 
open 1.6630 1 7 3006 
open 1.6422 1 6 3011 
open 1.6444 1 5 3007 
open 1.6381 1 6 3035 
open 1.6234 1 7 3012 
open 1.6335 1 6 3012 
open 1.6478 1 7 3008 
open 1.6448 1 5 3002 
open 1.6506 1 6 3012 
open 1.6629 1 6 3011 
open 1.6687 1 7 3006 
open 1.6757 1 7 3011 
open 1.6726 1 7 3067 
open 1.6728 1 7 3011 
open 1.6658 1 6 3005 
open 1.6406 1 7 3006 
open 1.6393 1 6 3013 
open 1.6487 1 7 3011 
open 1.6554 1 7 3007 
open 1.6594 1 7 4400 
open 1.6675 1 7 5830 
open 1.6537 1 7 3008 
open 1.6355 1 6 3008 
open 1.6176 1 6 3004 
open 1.6163 1 6 3004 
open 1.6105 1 7 3012 
open 1.6065 1 7 3011 
open 1.6117 1 6 3007 
open 1.6118 1 5 3003 
open 1.5796 1 6 3006 
open 1.5851 1 5 3004 
open 1.5663 1 5 3004 
open 1.5741 1 6 2944 
open 1.5806 1 7 3004 
open 1.5945 1 6 3004 
open 1.5911 1 6 3004 
open 1.6033 1 6 3003 
open 1.6147 1 6 3006 
open 1.6337 1 6 3002 
open 1.6271 1 6 3003 
open 1.6209 1 5 3005 
open 1.6156 1 5 3002 
open 1.6208 1 3 2999 
open 1.6100 1 5 3004 
open 1.6188 1 5 3002 
open 1.6057 1 6 3003 
open 1.6267 1 6 3003 
open 1.6306 1 5 3002 
open 1.6294 1 5 3003 
open 1.6195 1 4 3001 
open 1.6125 1 4 3002 
open 1.6060 1 4 3000 
open 1.5934 1 4 3001 
open 1.5802 1 5 3002 
open 1.5492 1 4 3000 
open 1.5045 1 6 3073 
open 1.4767 1 4 3003 
open 1.5105 1 4 3000 
open 1.4854 1 3 2999 
open 1.5192 1 3 2999 
open 1.5456 1 4 3003 
open 1.5340 1 3 2999 
open 1.5728 1 4 3004 
open 1.5158 1 6 4612 
open 1.4901 1 6 4682 
open 1.5071 1 4 3000 
open 1.4749 2 7 6001 
open 1.5047 1 3 2999 
open 1.4888 1 4 3000 
open 1.4922 1 5 3002 
open 1.4714 1 3 2999 
open 1.4905 1 3 2999 
open 1.4765 1 5 3002 
open 1.4729 1 4 3000 
open 1.5387 1 3 2999 
open 1.5238 2 8 5940 
open 1.5082 1 4 3002 
open 1.5161 1 6 3007 
open 1.5087 1 5 3001 
open 1.5114 2 10 6011 
open 1.5017 1 5 3003 
open 1.5092 1 4 3002 
open 1.5086 1 6 3004 
open 1.5112 2 12 6037 
open 1.5156 1 3 2999 
open 1.5182 1 4 3001 
open 1.5166 2 10 6008 
open 1.5056 1 7 3004 
open 1.5014 1 6 3002 
open 1.5207 1 5 3002 
open 1.5159 1 6 3006 
open 1.5231 1 4 3001 
open 1.5268 1 4 3000 
open 1.5307 1 4 3001 
open 1.5199 1 4 3002 
open 1.5173 1 5 3002 
open 1.5148 1 4 3002 
open 1.5165 1 4 3001 
open 1.5139 1 3 3000 
open 1.5113 1 4 3001 
open 1.5170 1 6 3005 
open 1.5115 1 4 3060 
open 1.5124 1 4 3000 
open 1.5102 1 5 3003 
open 1.5099 1 6 3004 
open 1.5096 2 11 6005 
open 1.5069 1 7 3008 
open 1.4940 1 7 4623 
open 1.4873 1 6 4620 
open 1.4849 1 5 3002 
open 1.4734 1 4 3001 
open 1.4677 1 6 3005 
open 1.4674 1 6 3002 
open 1.4639 1 6 3005 
open 1.4619 1 5 3005 
open 1.4522 1 5 3003 
open 1.4266 1 4 2942 
open 1.4305 1 5 3001 
open 1.4318 1 5 3003 
open 1.4347 1 4 3003 
open 1.4350 1 5 3004 
open 1.4326 1 6 3005 
open 1.4322 1 5 3001 
open 1.4036 1 5 3003 
open 1.4002 1 6 3002 
open 1.4284 1 3 2999 
open 1.4134 1 6 3003 
open 1.3792 1 3 2999 
open 1.3961 1 6 3003 
open 1.3589 1 6 3004 
open 1.3184 1 4 3002 
open 1.3372 1 5 3001 
open 1.3413 1 5 3005 
open 1.3555 1 4 3005 
open 1.3779 1 7 3009 
open 1.3743 1 7 3013 
open 1.3813 1 5 3005 
open 1.3438 1 7 3026 
open 1.3033 1 5 3004 
open 1.2871 1 7 3009 
open 1.2815 1 7 3014 
open 1.2931 1 7 3043 
open 1.3209 1 7 3031 
open 1.3246 1 7 3148 
open 1.3365 1 7 3160 
open 1.3320 1 6 3005 
open 1.3336 1 7 3050 
open 1.3634 1 7 3063 
open 1.3741 1 7 3009 
open 1.3319 1 5 3001 
open 1.3433 1 6 3006 
open 1.3332 1 5 3154 
open 1.3026 1 4 3002 
open 1.3098 1 7 3016 
open 1.2835 1 5 3004 
open 1.2551 1 7 3526 
open 1.2474 1 7 3526 
open 1.2616 1 7 3007 
open 1.2629 1 6 3010 
open 1.2893 1 7 3047 
open 1.2890 2 11 6067 
open 1.2933 1 7 3005 
open 1.3120 1 4 3001 
open 1.3039 1 5 3011 
open 1.2810 1 5 3003 
open 1.2786 1 6 3004 
open 1.2998 1 6 3006 
open 1.2808 1 3 3000 
open 1.2818 1 5 2944 
open 1.2987 1 4 3002 
open 1.3159 1 7 3004 
open 1.2974 1 7 3053 
open 1.2776 2 12 6094 
open 1.2682 1 5 3002 
open 1.2538 1 3 2999 
open 1.2404 2 11 6005 
open 1.2306 2 10 6018 
open 1.2281 1 6 3003 
open 1.2204 1 5 3002 
open 1.2108 1 5 3003 
open 1.1954 1 5 3264 
open 1.2124 1 4 3002 
open 1.1613 2 10 6024 
open 1.1677 1 5 3004 
open 1.1626 1 4 3000 
open 1.0846 2 11 6020 
open 1.0390 1 4 3002 
open 1.1452 2 11 6024 
open 1.1444 1 5 3001 
open 1.1825 1 7 3046 
open 1.2063 1 7 3080 
open 1.2038 1 7 3049 
open 1.2146 1 4 3018 
open 1.2174 2 12 6055 
open 1.2247 1 5 3028 
open 1.2392 2 14 6082 
open 1.2349 1 4 3000 
open 1.2212 1 6 3097 
open 1.2143 1 5 3002 
open 1.2377 1 5 3017 
open 1.2387 1 6 3003 
open 1.2348 1 6 3003 
open 1.2266 1 5 3061 
open 1.2319 1 6 3005 
open 1.2184 1 7 3696 
open 1.2206 1 7 3437 
open 1.2162 1 4 3000 
open 1.2119 1 6 3008 
open 1.2091 2 14 6028 
open 1.2087 2 11 6011 
open 1.2035 2 12 6023 
open 1.2073 2 12 6014 
open 1.2049 1 7 3008 
open 1.2046 1 5 3004 
open 1.2077 1 7 3021 
open 1.2057 2 13 5990 
open 1.2050 1 7 3034 
open 1.2042 1 6 3026 
open 1.2011 3 21 9087 
open 1.2013 1 7 3010 
open 1.2012 1 7 3021 
open 1.2007 9 62 27165 
open 1.2008 5 33 15119 
open 1.2009 3 20 9059 
open 1.2005 1 7 3014 
open 1.2010 1 7 3013 
open 1.2006 2 14 6078 
open 1.2069 2 14 6029 
open 1.2106 1 7 3004 
open 1.2092 1 7 3016 
open 1.2094 1 7 3017 
open 1.2109 2 14 6058 
open 1.2103 1 6 3071 
open 1.2081 1 7 3019 
open 1.2078 1 7 3015 
open 1.2033 1 7 3021 
open 1.2044 1 7 3027 
open 1.2132 1 7 3015 
open 1.2118 1 7 3013 
open 1.2076 2 14 7790 
open 1.2072 1 7 3088 
open 1.2085 2 12 8965 
open 1.2394 1 7 3009 
open 1.2373 1 7 3011 
open 1.2428 1 7 3010 
open 1.2330 1 6 3009 
open 1.2331 1 6 3006 
open 1.2350 1 7 3004 
open 1.2278 1 6 3006 
open 1.2340 1 5 3003 
open 1.2186 1 7 3006 
open 1.2190 1 6 2955 
open 1.2160 3 20 9044 
open 1.2195 1 6 3008 
open 1.2148 1 7 3018 
open 1.2287 1 7 3011 
open 1.2237 1 7 3009 
open 1.2297 1 7 3012 
open 1.2490 1 5 3003 
open 1.2521 1 7 3010 
open 1.2547 1 6 3003 
open 1.2305 1 7 3014 
open 1.2320 1 5 3004 
open 1.2274 1 6 3126 
open 1.2336 1 7 3009 
open 1.2436 1 6 3733 
open 1.2364 2 14 6029 
open 1.2359 1 7 3017 
open 1.2328 1 7 3016 
open 1.2314 1 7 3010 
open 1.2371 1 7 3023 
open 1.2282 1 7 3013 
open 1.2332 1 7 3051 
open 1.2401 1 7 3017 
open 1.2300 1 7 3022 
open 1.2250 1 7 3022 
open 1.2263 1 7 3021 
open 1.2335 1 7 3018 
open 1.2329 2 14 6118 
open 1.2352 1 6 3012 
open 1.2307 1 7 3023 
open 1.2323 1 7 3028 
open 1.2301 1 7 3033 
open 1.2285 1 7 3017 
open 1.2209 1 6 3021 
open 1.2180 1 6 4452 
open 1.2248 2 13 7776 
open 1.2276 1 6 4450 
open 1.2378 1 7 3017 
open 1.2344 1 7 3018 
open 1.2342 1 6 3016 
open 1.2283 1 6 3011 
open 1.2213 1 7 3027 
open 1.2214 3 21 9076 
open 1.2189 1 7 3014 
open 1.2193 1 7 3025 
open 1.2163 1 7 3015 
open 1.2203 1 7 2952 
open 1.2182 1 7 3015 
open 1.2188 1 7 3023 
open 1.2157 2 14 6045 
open 1.2202 1 7 3020 
open 1.2173 1 7 3023 
open 1.2194 1 7 3017 
open 1.2217 1 6 3024 
open 1.2224 1 7 3020 
open 1.2178 1 7 3025 
open 1.2179 1 7 3029 
open 1.2138 1 7 3018 
open 1.2154 1 7 3023 
open 1.2152 1 7 3026 
open 1.2147 1 7 3029 
open 1.2158 1 7 3020 
open 1.2128 1 7 3048 
open 1.2080 1 7 3144 
open 1.2068 1 7 3074 
open 1.2066 1 7 3040 
open 1.2058 2 14 13174 
open 1.2117 1 7 3024 
open 1.2062 1 7 3107 
open 1.2040 1 6 3024 
open 1.2031 1 7 3021 
open 1.2024 2 14 8905 
open 1.2037 1 7 3068 
open 1.2017 1 7 3057 
open 1.2021 1 7 4788 
open 1.0083 1 7 3048 
open 1.0260 1 7 4417 
open 1.0603 1 7 3046 
open 1.0488 1 7 3041 
open 1.0687 2 13 6063 
open 1.0781 1 7 3049 
open 1.0741 2 14 6075 
open 1.0673 1 7 3040 
open 1.0653 1 7 3016 
open 1.0465 1 7 2955 
open 1.0431 2 14 6027 
open 1.0449 1 7 3009 
open 1.0356 1 6 3008 
open 1.0257 1 6 3010 
open 1.0486 1 7 3009 
open 1.0364 1 5 3007 
open 1.0417 1 6 3006 
open 1.0443 1 6 3013 
open 1.0368 1 7 3007 
open 1.0405 1 7 3228 
open 1.0497 1 7 3009 
open 1.0478 1 6 3015 
open 1.0415 1 7 3006 
open 1.0414 1 7 3011 
open 1.0402 1 6 3008 
open 1.0479 1 6 3012 
open 1.0638 1 7 3009 
open 1.0646 1 6 3008 
open 1.0911 2 11 6022 
open 1.0778 2 13 6024 
open 1.0829 1 6 3006 
open 1.0841 3 19 9026 
open 1.0958 1 6 3006 
open 1.0978 1 7 3013 
open 1.0851 3 21 9099 
open 1.0927 1 6 3009 
open 1.0896 1 7 3015 
open 1.0902 1 6 3007 
open 1.0894 1 7 3017 
open 1.0863 1 6 3021 
open 1.0790 1 6 3005 
open 1.0794 1 7 3009 
open 1.0818 1 7 3017 
open 1.0806 2 12 6022 
open 1.0835 1 6 3010 
open 1.0811 1 7 4511 
open 1.0839 1 7 4571 
open 1.0875 1 7 3013 
open 1.0947 1 5 3007 
open 1.1054 1 7 3009 
open 1.1123 1 5 3006 
open 1.0985 1 7 3010 
open 1.1013 1 5 3006 
open 1.0924 1 5 3005 
open 1.0837 1 6 3008 
open 1.0956 1 7 3016 
open 1.0959 1 6 3010 
open 1.0910 4 27 11994 
open 1.0884 1 6 3006 
open 1.0871 1 7 3010 
open 1.0923 1 7 3015 
open 1.0998 1 7 3012 
open 1.0969 1 7 3023 
open 1.1092 2 13 6016 
open 1.1086 1 7 3029 
open 1.1060 1 7 3029 
open 1.1055 1 7 3044 
open 1.0962 2 13 6027 
open 1.0799 1 6 3006 
open 1.0822 1 5 3002 
open 1.0855 1 4 3004 
open 1.0937 1 6 3011 
open 1.0857 1 7 3252 
open 1.0899 2 13 6023 
open 1.0821 1 7 3019 
open 1.0909 1 7 3018 
open 1.0886 1 6 3009 
open 1.0954 2 14 6031 
open 1.0919 1 7 3011 
open 1.0888 1 7 3013 
open 1.0965 1 7 3016 
open 1.0925 1 7 3023 
open 1.0864 1 7 3018 
open 1.0825 1 7 3083 
open 1.0776 1 6 3025 
open 1.0746 1 7 3017 
open 1.0774 1 7 3023 
open 1.0826 1 6 3019 
open 1.0750 1 6 3019 
open 1.0686 1 7 3807 
open 1.0747 1 7 3496 
open 1.0685 1 7 3022 
open 1.0728 2 12 6042 
open 1.0736 1 7 3023 
open 1.0681 2 13 6033 
open 1.0654 1 7 3021 
open 1.0639 2 14 6049 
open 1.0635 1 7 3026 
open 1.0705 1 7 3031 
open 1.0711 1 7 3023 
open 1.0742 1 7 2967 
open 1.0725 1 7 3014 
open 1.0692 1 7 3011 
open 1.0853 1 7 3014 
open 1.0833 1 6 3012 
open 1.0922 1 7 3012 
open 1.0856 1 7 3018 
open 1.0885 1 7 3013 
open 1.0950 1 7 3024 
open 1.1049 1 7 3022 
open 1.1028 1 7 3017 
open 1.1398 2 14 6037 
open 1.1438 1 6 3010 
open 1.1412 1 7 3009 
open 1.1386 1 7 3010 
open 1.1428 2 14 6034 
open 1.1369 1 7 3007 
open 1.1488 1 6 3005 
open 1.1539 1 7 3012 
open 1.1422 1 6 3010 
open 1.1426 1 7 3015 
open 1.1511 1 6 3015 
open 1.1508 1 7 3015 
open 1.1654 1 7 3078 
open 1.1588 1 7 3025 
open 1.1666 1 7 3025 
open 1.1633 1 6 3707 
open 1.1650 1 7 3050 
open 1.1668 1 7 3033 
open 1.1639 1 7 3031 
open 1.1658 2 14 7560 
open 1.1728 1 7 4939 
open 1.1714 1 6 3026 
open 1.1727 1 7 3018 
open 1.1761 1 6 3019 
open 1.1776 1 7 3029 
open 1.1599 1 7 3235 
open 1.1580 1 6 3041 
open 1.1548 2 14 6023 
open 1.1485 1 7 3008 
open 1.1645 1 6 3013 
open 1.1693 1 7 3016 
open 1.1703 1 7 2956 
open 1.1743 1 7 3015 
open 1.1764 1 7 3012 
open 1.1821 1 7 3014 
open 1.1955 1 7 3016 
open 1.1974 1 7 4268 
open 1.1947 1 6 3089 
open 1.1880 1 7 3009 
open 1.1836 1 7 3015 
open 1.1692 1 6 3085 
open 1.1432 1 6 3006 
open 1.1538 1 7 3016 
open 1.1594 1 7 3008 
open 1.1519 1 6 3008 
open 1.1543 1 7 3013 
open 1.1563 1 7 3023 
open 1.1641 1 7 3023 
open 1.1607 1 7 3022 
open 1.1571 1 7 3025 
open 1.1545 1 7 3020 
open 1.1279 1 7 3027 
open 1.1391 1 7 3025 
open 1.1416 1 7 3026 
open 1.1280 1 7 3026 
open 1.1282 1 7 3024 
open 1.1255 1 7 3026 
open 1.1352 1 7 3028 
open 1.1363 1 6 3019 
open 1.1460 1 7 3026 
open 1.1407 1 7 3079 
open 1.1400 1 7 3023 
open 1.1368 1 7 3022 
open 1.1313 1 7 3021 
open 1.1276 1 7 3026 
open 1.1310 1 7 3026 
open 1.1238 1 7 3024 
open 1.1275 1 7 3202 
open 1.1234 1 6 3198 
open 1.1252 1 7 3024 
open 1.1224 1 7 3024 
open 1.1270 1 7 3024 
open 1.1327 1 7 3023 
open 1.1371 2 14 6051 
open 1.1402 1 7 3032 
open 1.1401 1 7 3024 
open 1.1351 2 14 6047 
open 1.1389 1 6 3017 
open 1.1372 1 7 3027 
open 1.1340 1 7 3022 
open 1.1203 1 7 2965 
open 1.1180 1 7 3016 
open 1.1260 1 7 3020 
open 1.1446 1 7 3022 
open 1.1408 1 7 3019 
open 1.1299 1 7 3019 
open 1.1284 1 7 3024 
open 1.1245 1 7 3018 
open 1.1167 1 7 3026 
open 1.1241 1 6 3009 
open 1.1204 1 7 3019 
open 1.1081 1 7 3013 
open 1.1124 1 6 3019 
open 1.1131 1 7 3014 
open 1.1076 1 7 3025 
open 1.0986 1 7 3021 
hight 1.5326 1 7 3161 
hight 1.5463 1 7 3201 
hight 1.5407 2 12 6207 
hight 1.5331 1 7 3266 
hight 1.5413 1 7 3152 
hight 1.5408 2 14 6208 
hight 1.5391 2 14 6447 
hight 1.5400 1 7 3183 
hight 1.5429 1 7 3335 
hight 1.5443 3 18 9321 
hight 1.5374 1 7 3170 
hight 1.5343 2 11 6138 
hight 1.5316 1 7 3162 
hight 1.5277 1 7 3707 
hight 1.5355 1 7 3069 
hight 1.5424 2 14 6251 
hight 1.5472 1 7 3256 
hight 1.5428 1 7 3178 
hight 1.5353 1 7 3170 
hight 1.5293 1 7 3344 
hight 1.5259 3 20 9324 
hight 1.5323 1 7 3100 
hight 1.5281 1 7 3140 
hight 1.5267 2 13 6097 
hight 1.5271 2 14 6448 
hight 1.5212 1 7 3146 
hight 1.5080 1 7 3257 
hight 1.5126 1 7 3372 
hight 1.5137 1 7 3461 
hight 1.5180 1 7 3368 
hight 1.5218 1 7 3186 
hight 1.5223 2 12 6412 
hight 1.5181 1 7 3435 
hight 1.5179 1 7 3241 
hight 1.5072 1 7 3239 
hight 1.4850 1 7 3160 
hight 1.4881 1 7 3289 
hight 1.4919 1 7 3147 
hight 1.4869 1 7 3116 
hight 1.4854 2 12 6111 
hight 1.4822 1 7 3186 
hight 1.4746 1 7 3149 
hight 1.4738 2 14 7653 
hight 1.4731 1 7 3328 
hight 1.4667 1 7 4560 
hight 1.4758 1 7 4342 
hight 1.4818 1 7 3953 
hight 1.4788 2 14 8925 
hight 1.4863 1 7 5520 
hight 1.4888 1 7 7968 
hight 1.4876 1 7 4111 
hight 1.4838 1 7 4168 
hight 1.4729 1 7 4306 
hight 1.4760 1 7 4335 
hight 1.4810 2 14 8722 
hight 1.4790 1 7 4637 
hight 1.4834 1 7 4264 
hight 1.4793 1 7 4038 
hight 1.4771 1 7 4371 
hight 1.4698 1 7 4283 
hight 1.4652 1 7 4331 
hight 1.4673 1 7 4419 
hight 1.4671 1 7 4712 
hight 1.4696 1 7 4947 
hight 1.4707 1 7 5408 
hight 1.4666 1 7 4858 
hight 1.4590 1 7 4941 
hight 1.4581 1 7 4782 
hight 1.4575 1 7 4655 
hight 1.4630 1 7 4766 
hight 1.4700 1 7 4510 
hight 1.4761 1 7 4453 
hight 1.4781 1 7 4467 
hight 1.4774 1 7 4412 
hight 1.4732 2 14 9510 
hight 1.4745 1 7 4567 
hight 1.4682 1 7 4684 
hight 1.4591 1 7 4080 
hight 1.4585 1 7 4107 
hight 1.4649 1 7 4570 
hight 1.4705 2 14 9124 
hight 1.4736 1 7 4457 
hight 1.4723 1 7 4746 
hight 1.4655 1 7 4659 
hight 1.4737 1 7 4781 
hight 1.4680 1 7 4842 
hight 1.4678 1 7 5263 
hight 1.4677 1 7 5442 
hight 1.4712 1 7 5442 
hight 1.4689 1 7 5405 
hight 1.4656 1 7 5482 
hight 1.4653 1 7 5044 
hight 1.4688 1 7 4991 
hight 1.4757 1 7 5365 
hight 1.4779 1 7 5655 
hight 1.4741 1 7 5239 
hight 1.4686 1 7 4979 
hight 1.4569 1 7 7151 
hight 1.4594 1 7 5827 
hight 1.4631 1 7 4750 
hight 1.4640 1 7 5007 
hight 1.4699 1 7 5447 
hight 1.4704 1 7 5147 
hight 1.4693 1 7 5147 
hight 1.4721 1 7 4988 
hight 1.4645 1 7 5212 
hight 1.4701 1 7 4950 
hight 1.4722 1 7 4538 
hight 1.4762 1 7 4492 
hight 1.4808 1 7 4668 
hight 1.4886 1 7 4269 
hight 1.5035 1 7 4662 
hight 1.5095 1 7 5114 
hight 1.5088 1 7 4531 
hight 1.5170 1 7 4608 
hight 1.5165 1 7 4362 
hight 1.5162 1 7 4375 
hight 1.5289 1 7 4669 
hight 1.5381 1 7 4237 
hight 1.5496 3 20 10421 
hight 1.5493 1 7 4662 
hight 1.5538 2 14 7283 
hight 1.5593 1 7 4355 
hight 1.5556 1 7 4619 
hight 1.5543 1 7 3869 
hight 1.5510 1 7 3793 
hight 1.5495 1 7 4039 
hight 1.5516 1 7 4001 
hight 1.5450 1 7 3945 
hight 1.5509 1 7 4017 
hight 1.5466 1 7 3799 
hight 1.5415 1 7 4282 
hight 1.5481 1 7 3766 
hight 1.5621 2 14 6956 
hight 1.5601 1 7 3854 
hight 1.5552 2 14 6843 
hight 1.5497 1 7 3962 
hight 1.5521 1 7 4148 
hight 1.5535 1 7 4005 
hight 1.5546 1 7 4060 
hight 1.5655 1 7 4070 
hight 1.5745 1 7 4057 
hight 1.5732 1 7 3741 
hight 1.5553 2 13 6875 
hight 1.5573 1 7 4025 
hight 1.5598 1 7 3858 
hight 1.5558 1 7 3757 
hight 1.5619 1 7 4000 
hight 1.5606 1 7 6111 
hight 1.5696 1 7 5902 
hight 1.5705 1 7 3037 
hight 1.5727 1 7 3038 
hight 1.5710 1 7 3031 
hight 1.5712 1 7 3033 
hight 1.5706 1 7 3045 
hight 1.5797 1 7 3037 
hight 1.5807 1 7 3034 
hight 1.5863 1 7 3033 
hight 1.5842 1 7 3048 
hight 1.5789 1 7 3038 
hight 1.5689 2 14 6049 
hight 1.5622 2 14 5990 
hight 1.5681 1 7 3035 
hight 1.5630 1 7 3031 
hight 1.5580 2 14 6030 
hight 1.5608 1 7 3021 
hight 1.5547 3 20 9043 
hight 1.5523 1 7 3040 
hight 1.5418 1 7 3028 
hight 1.5406 1 7 3032 
hight 1.5292 1 7 3017 
hight 1.5199 1 7 3014 
hight 1.5300 1 7 3011 
hight 1.5291 1 7 3019 
hight 1.5250 1 7 3017 
hight 1.5341 1 7 3019 
hight 1.5396 1 7 3019 
hight 1.5433 1 7 3021 
hight 1.5444 1 7 3015 
hight 1.5435 1 7 3020 
hight 1.5431 1 7 3013 
hight 1.5427 1 7 3021 
hight 1.5452 1 7 3010 
hight 1.5508 2 13 6012 
hight 1.5522 1 7 3018 
hight 1.5549 2 13 6035 
hight 1.5483 1 7 3013 
hight 1.5349 1 7 3067 
hight 1.5346 1 7 3009 
hight 1.5270 1 7 3014 
hight 1.5242 1 7 3013 
hight 1.5178 1 7 3014 
hight 1.5317 1 7 3019 
hight 1.5377 1 7 3010 
hight 1.5426 2 10 6008 
hight 1.5492 1 7 3017 
hight 1.5527 1 7 4333 
hight 1.5545 1 5 3003 
hight 1.5507 2 13 6016 
hight 1.5501 1 7 3013 
hight 1.5544 3 21 9051 
hight 1.5631 1 7 3013 
hight 1.5605 1 6 3009 
hight 1.5502 2 8 6006 
hight 1.5536 1 7 3027 
hight 1.5564 2 13 6018 
hight 1.5565 1 6 2954 
hight 1.5528 1 5 3007 
hight 1.5570 2 12 6015 
hight 1.5455 1 7 3005 
hight 1.5438 1 6 3011 
hight 1.5468 1 6 3004 
hight 1.5499 1 7 3009 
hight 1.5486 1 7 3013 
hight 1.5371 1 7 3008 
hight 1.5403 1 7 3010 
hight 1.5465 1 6 3009 
hight 1.5456 1 6 3005 
hight 1.5647 1 7 3011 
hight 1.5657 1 7 3008 
hight 1.5650 2 14 6019 
hight 1.5485 3 19 9083 
hight 1.5584 1 7 3008 
hight 1.5587 1 5 3005 
hight 1.5517 1 5 3006 
hight 1.5537 1 7 3008 
hight 1.5514 1 6 3006 
hight 1.5457 1 7 3013 
hight 1.5588 1 6 3011 
hight 1.5595 1 7 3016 
hight 1.5524 1 5 3004 
hight 1.5512 1 7 3012 
hight 1.5541 1 7 3006 
hight 1.5563 1 6 3006 
hight 1.5577 1 5 3007 
hight 1.5586 1 7 3019 
hight 1.5639 2 14 6021 
hight 1.5674 1 7 3016 
hight 1.5666 1 7 3009 
hight 1.5718 1 6 3015 
hight 1.5749 1 6 3010 
hight 1.5784 1 6 2947 
hight 1.5852 1 6 3010 
hight 1.5820 1 6 3005 
hight 1.5765 1 7 3019 
hight 1.5764 1 5 3008 
hight 1.5821 2 12 6019 
hight 1.5643 1 7 3008 
hight 1.5568 1 7 3013 
hight 1.5628 1 7 3010 
hight 1.5613 1 6 3004 
hight 1.5673 1 6 3007 
hight 1.5685 1 7 3012 
hight 1.5708 1 7 3017 
hight 1.5768 1 7 3017 
hight 1.5785 1 7 3021 
hight 1.5786 1 7 3016 
hight 1.5824 1 6 3007 
hight 1.5826 2 14 6036 
hight 1.5874 1 7 3014 
hight 1.5965 1 7 3008 
hight 1.5942 1 7 3009 
hight 1.5895 1 7 3011 
hight 1.5932 1 7 3018 
hight 1.5961 1 7 3007 
hight 1.5929 1 6 3019 
hight 1.5941 1 7 3069 
hight 1.5980 1 7 3015 
hight 1.5971 1 7 3011 
hight 1.6008 1 7 3019 
hight 1.5937 1 6 3009 
hight 1.5938 1 7 3010 
hight 1.5933 1 7 3010 
hight 1.6041 1 7 3014 
hight 1.6050 1 7 4395 
hight 1.6116 1 7 4386 
hight 1.6169 1 6 3007 
hight 1.6170 2 10 6013 
hight 1.6196 2 13 6013 
hight 1.6252 2 11 6012 
hight 1.6259 1 7 3013 
hight 1.6271 1 7 3013 
hight 1.6285 1 7 3014 
hight 1.6287 1 7 3013 
hight 1.6144 1 7 3011 
hight 1.6192 1 7 3005 
hight 1.6141 1 6 3005 
hight 1.6217 1 7 2953 
hight 1.6296 1 7 3006 
hight 1.6388 1 7 3014 
hight 1.6463 1 7 3008 
hight 1.6433 1 6 3011 
hight 1.6532 4 26 12043 
hight 1.6609 1 6 3014 
hight 1.6545 2 13 6016 
hight 1.6562 1 6 3015 
hight 1.6670 1 7 3013 
hight 1.6655 1 7 3010 
hight 1.6574 1 7 3012 
hight 1.6603 1 7 3023 
hight 1.6591 1 7 3007 
hight 1.6678 1 7 3008 
hight 1.6685 1 7 3006 
hight 1.6512 1 5 3007 
hight 1.6432 1 6 3035 
hight 1.6442 1 7 3012 
hight 1.6495 1 6 3012 
hight 1.6491 1 7 3008 
hight 1.6525 1 5 3002 
hight 1.6556 1 6 3012 
hight 1.6662 1 7 3009 
hight 1.6696 1 6 3011 
hight 1.6826 1 7 3006 
hight 1.6802 1 7 3011 
hight 1.6806 1 7 3067 
hight 1.6787 1 7 3011 
hight 1.6663 1 6 3005 
hight 1.6488 1 7 3010 
hight 1.6409 1 7 3006 
hight 1.6585 1 6 3013 
hight 1.6667 1 7 3011 
hight 1.6725 1 7 3007 
hight 1.6679 1 7 4400 
hight 1.6684 1 7 5830 
hight 1.6565 1 7 3008 
hight 1.6401 1 6 3008 
hight 1.6178 1 6 3004 
hight 1.6213 1 6 3004 
hight 1.6105 1 7 3012 
hight 1.6181 1 7 3011 
hight 1.6228 1 6 3007 
hight 1.6132 1 5 3003 
hight 1.5875 1 6 3006 
hight 1.5859 1 5 3004 
hight 1.5775 1 5 3004 
hight 1.5812 1 6 2944 
hight 1.5953 1 7 3004 
hight 1.5950 1 6 3004 
hight 1.6159 1 6 3004 
hight 1.6245 1 6 3003 
hight 1.6344 1 6 3006 
hight 1.6339 1 6 3002 
hight 1.6374 1 6 3003 
hight 1.6275 1 6 3005 
hight 1.6298 1 5 3005 
hight 1.6220 1 5 3007 
hight 1.6241 1 5 3002 
hight 1.6249 1 3 2999 
hight 1.6197 1 5 3004 
hight 1.6244 1 5 3002 
hight 1.6295 1 6 3003 
hight 1.6319 1 6 3003 
hight 1.6367 1 5 3002 
hight 1.6347 1 5 3003 
hight 1.6231 1 4 3001 
hight 1.6177 1 4 3000 
hight 1.6081 1 4 3000 
hight 1.6089 1 3 2999 
hight 1.6031 1 3 2999 
hight 1.5972 1 4 3001 
hight 1.5819 1 5 3002 
hight 1.5554 1 4 3000 
hight 1.5050 1 6 3073 
hight 1.5144 2 7 6003 
hight 1.5169 1 4 3000 
hight 1.5232 2 7 6000 
hight 1.5515 1 3 2999 
hight 1.5529 1 4 3003 
hight 1.5641 1 3 2999 
hight 1.5879 1 3 2999 
hight 1.5776 1 4 3004 
hight 1.5184 1 6 4612 
hight 1.5140 1 6 4682 
hight 1.5092 1 4 3000 
hight 1.4927 1 3 2999 
hight 1.5106 1 3 3000 
hight 1.5191 1 3 2999 
hight 1.5148 1 4 3000 
hight 1.5009 1 5 3002 
hight 1.4987 1 3 2999 
hight 1.4923 1 3 2999 
hight 1.4831 1 5 3002 
hight 1.5445 1 4 3000 
hight 1.5297 1 3 2939 
hight 1.5296 1 4 3002 
hight 1.5234 1 5 3001 
hight 1.5195 1 4 3001 
hight 1.5146 1 5 3003 
hight 1.5171 1 4 3002 
hight 1.5164 1 6 3004 
hight 1.5231 1 7 3005 
hight 1.5193 1 3 2999 
hight 1.5175 1 5 3003 
hight 1.5143 2 12 6036 
hight 1.5378 1 6 3002 
hight 1.5253 1 5 3001 
hight 1.5217 1 4 3000 
hight 1.5221 1 5 3002 
hight 1.5361 1 4 3000 
hight 1.5335 1 4 3001 
hight 1.5209 1 4 3002 
hight 1.5241 1 5 3002 
hight 1.5201 2 10 6012 
hight 1.5194 1 4 3001 
hight 1.5236 1 4 3001 
hight 1.5190 1 6 3005 
hight 1.5160 1 4 3060 
hight 1.5166 1 4 3000 
hight 1.5125 2 12 6011 
hight 1.5116 1 6 3004 
hight 1.5129 1 6 3004 
hight 1.5138 1 5 3001 
hight 1.5135 1 4 3001 
hight 1.4956 1 7 4623 
hight 1.4890 1 6 4620 
hight 1.4806 1 5 3003 
hight 1.4767 1 4 3002 
hight 1.4755 1 6 3004 
hight 1.4805 1 4 3001 
hight 1.4697 1 6 3005 
hight 1.4690 1 6 3002 
hight 1.4648 1 6 3005 
hight 1.4635 1 6 3005 
hight 1.4627 1 5 3005 
hight 1.4533 1 5 3003 
hight 1.4355 1 4 2942 
hight 1.4406 1 5 3001 
hight 1.4463 1 5 3003 
hight 1.4384 1 4 3003 
hight 1.4364 1 5 3004 
hight 1.4353 1 6 3005 
hight 1.4342 1 5 3001 
hight 1.4112 1 5 3003 
hight 1.4586 1 6 3002 
hight 1.4304 1 3 2999 
hight 1.4174 1 6 3003 
hight 1.4036 1 3 2999 
hight 1.3964 1 6 3003 
hight 1.3625 1 6 3004 
hight 1.3431 1 4 3002 
hight 1.3420 1 5 3001 
hight 1.3672 1 5 3005 
hight 1.3792 1 4 3005 
hight 1.3814 1 7 3009 
hight 1.3922 1 7 3013 
hight 1.3813 1 5 3005 
hight 1.3440 1 7 3026 
hight 1.3142 1 5 3004 
hight 1.3159 1 7 3009 
hight 1.3070 1 7 3014 
hight 1.3387 1 7 3043 
hight 1.3293 1 7 3031 
hight 1.3463 1 7 3148 
hight 1.3489 1 7 3160 
hight 1.3478 1 6 3005 
hight 1.3685 1 7 3050 
hight 1.3832 1 7 3063 
hight 1.3800 1 7 3009 
hight 1.3468 1 5 3001 
hight 1.3670 1 6 3006 
hight 1.3382 1 5 3154 
hight 1.3202 1 4 3002 
hight 1.3102 1 7 3016 
hight 1.2866 1 5 3004 
hight 1.2692 1 7 3526 
hight 1.2679 1 7 3526 
hight 1.2723 1 7 3007 
hight 1.2948 1 6 3010 
hight 1.3064 1 7 3047 
hight 1.2999 1 6 3005 
hight 1.3140 1 7 3005 
hight 1.3201 1 4 3001 
hight 1.3124 1 5 3011 
hight 1.2889 1 5 3003 
hight 1.3036 1 6 3004 
hight 1.3011 1 6 3006 
hight 1.2885 1 3 3000 
hight 1.2990 1 5 2944 
hight 1.3183 1 4 3002 
hight 1.3234 1 7 3004 
hight 1.3040 1 7 3053 
hight 1.2970 1 5 3062 
hight 1.2962 1 6 3012 
hight 1.2826 1 6 3082 
hight 1.2696 1 5 3002 
hight 1.2642 1 3 2999 
hight 1.2407 1 4 3000 
hight 1.2315 1 3 3000 
hight 1.2299 1 6 3003 
hight 1.2241 1 5 3002 
hight 1.2144 2 12 6024 
hight 1.2342 1 5 3264 
hight 1.2168 1 4 3002 
hight 1.1719 2 10 6024 
hight 1.1911 1 5 3004 
hight 1.1643 1 4 3000 
hight 1.1143 1 4 3000 
hight 1.1484 1 4 3002 
hight 1.1550 1 4 3000 
hight 1.1970 1 5 3001 
hight 1.2181 1 7 3046 
hight 1.2182 2 14 6087 
hight 1.2208 1 7 3049 
hight 1.2340 1 4 3018 
hight 1.2277 1 6 3046 
hight 1.2432 1 5 3028 
hight 1.2415 1 7 3075 
hight 1.2469 1 4 3000 
hight 1.2285 1 6 3097 
hight 1.2453 1 5 3002 
hight 1.2424 1 5 3017 
hight 1.2436 1 6 3003 
hight 1.2376 1 6 3003 
hight 1.2427 1 5 3061 
hight 1.2441 1 7 3005 
hight 1.2393 1 6 3005 
hight 1.2239 1 7 3696 
hight 1.2219 1 7 3437 
hight 1.2196 1 4 3000 
hight 1.2136 1 6 3008 
hight 1.2123 2 14 6011 
hight 1.2106 1 6 3007 
hight 1.2099 2 11 6010 
hight 1.2124 1 5 3004 
hight 1.2076 1 6 3007 
hight 1.2067 3 20 8998 
hight 1.2081 1 5 3004 
hight 1.2062 1 7 3034 
hight 1.2045 1 6 3026 
hight 1.2031 2 14 6074 
hight 1.2030 1 7 3013 
hight 1.2017 1 7 3010 
hight 1.2018 2 13 6044 
hight 1.2012 3 21 9041 
hight 1.2011 4 28 12095 
hight 1.2073 1 7 3016 
hight 1.2016 2 14 6025 
hight 1.2015 1 7 3009 
hight 1.2010 2 14 6043 
hight 1.2034 1 6 3019 
hight 1.2014 1 6 3017 
hight 1.2074 1 6 3012 
hight 1.2009 1 7 3009 
hight 1.2152 1 7 3031 
hight 1.2107 2 13 6087 
hight 1.2139 1 7 3017 
hight 1.2112 1 7 3029 
hight 1.2110 1 7 3021 
hight 1.2084 1 7 3019 
hight 1.2087 2 14 6089 
hight 1.2053 1 7 3021 
hight 1.2052 1 7 3027 
hight 1.2142 1 7 3020 
hight 1.2165 1 7 3015 
hight 1.2125 1 7 3013 
hight 1.2098 1 7 4779 
hight 1.2093 2 14 6147 
hight 1.2104 1 7 3011 
hight 1.2410 1 5 3010 
hight 1.2565 1 7 3009 
hight 1.2512 1 7 3011 
hight 1.2458 1 7 3010 
hight 1.2366 2 11 6012 
hight 1.2384 1 6 3006 
hight 1.2357 1 7 3004 
hight 1.2288 1 6 3009 
hight 1.2388 1 6 3006 
hight 1.2250 1 7 3006 
hight 1.2199 1 6 2955 
hight 1.2209 1 6 3008 
hight 1.2201 1 6 3008 
hight 1.2290 1 7 3018 
hight 1.2345 1 7 3011 
hight 1.2334 1 7 3009 
hight 1.2498 1 7 3012 
hight 1.2526 1 5 3003 
hight 1.2647 1 7 3010 
hight 1.2569 1 6 3003 
hight 1.2416 1 7 3007 
hight 1.2360 2 12 6018 
hight 1.2378 1 6 3126 
hight 1.2462 1 7 3009 
hight 1.2455 1 6 3733 
hight 1.2391 2 14 6033 
hight 1.2400 1 7 3017 
hight 1.2394 1 7 3016 
hight 1.2379 2 13 7460 
hight 1.2431 1 7 3023 
hight 1.2359 2 13 6034 
hight 1.2339 1 7 3013 
hight 1.2401 1 7 3051 
hight 1.2412 1 7 3017 
hight 1.2372 1 7 3013 
hight 1.2308 1 7 3022 
hight 1.2297 1 7 3022 
hight 1.2373 1 7 3021 
hight 1.2365 1 7 3018 
hight 1.2368 2 13 6093 
hight 1.2335 2 14 6060 
hight 1.2348 1 7 3028 
hight 1.2330 1 7 3033 
hight 1.2295 2 13 6028 
hight 1.2244 1 6 3021 
hight 1.2271 1 6 4452 
hight 1.2276 1 7 4752 
hight 1.2374 1 7 3018 
hight 1.2255 1 7 3027 
hight 1.2258 1 6 3024 
hight 1.2223 1 7 3017 
hight 1.2202 1 7 3014 
hight 1.2212 1 7 3025 
hight 1.2176 1 7 3015 
hight 1.2214 1 7 3015 
hight 1.2232 1 7 2952 
hight 1.2247 1 7 3015 
hight 1.2193 1 7 3023 
hight 1.2218 1 7 3024 
hight 1.2222 1 7 3036 
hight 1.2210 1 7 3020 
hight 1.2216 1 7 3023 
hight 1.2235 1 7 3017 
hight 1.2226 1 6 3024 
hight 1.2231 1 7 3020 
hight 1.2221 1 7 3023 
hight 1.2189 1 7 3025 
hight 1.2187 1 7 3029 
hight 1.2169 1 7 3021 
hight 1.2163 1 7 3018 
hight 1.2157 1 7 3023 
hight 1.2155 1 7 3026 
hight 1.2161 1 7 3029 
hight 1.2175 1 7 3020 
hight 1.2159 1 7 3021 
hight 1.2138 1 7 3048 
hight 1.2113 1 7 3029 
hight 1.2082 1 7 3144 
hight 1.2114 2 14 8995 
hight 1.2058 1 7 10080 
hight 1.2137 1 7 3094 
hight 1.2132 1 7 3024 
hight 1.2077 1 7 3022 
hight 1.2069 1 7 3107 
hight 1.2055 1 6 3024 
hight 1.2036 1 7 3021 
hight 1.2044 1 7 3054 
hight 1.2039 1 7 3068 
hight 1.2035 1 7 3057 
hight 1.2032 1 7 4788 
hight 1.2026 1 7 5851 
hight 1.2008 1 7 3049 
hight 1.0377 1 7 3048 
hight 1.0618 1 7 4417 
hight 1.0638 1 7 3046 
hight 1.0691 1 7 3041 
hight 1.0808 1 6 3047 
hight 1.0797 1 7 3049 
hight 1.0751 1 7 3058 
hight 1.0692 1 7 3040 
hight 1.0698 1 7 3016 
hight 1.0544 1 7 2955 
hight 1.0493 1 7 3017 
hight 1.0466 1 7 3009 
hight 1.0363 1 6 3008 
hight 1.0495 1 6 3010 
hight 1.0521 1 7 3009 
hight 1.0443 1 5 3007 
hight 1.0503 1 6 3006 
hight 1.0446 1 6 3013 
hight 1.0426 1 7 3007 
hight 1.0572 1 7 3228 
hight 1.0552 1 7 3009 
hight 1.0526 1 6 3015 
hight 1.0543 1 7 3010 
hight 1.0522 1 7 3006 
hight 1.0523 1 7 3011 
hight 1.0491 1 6 3008 
hight 1.0688 1 6 3012 
hight 1.0670 1 7 3009 
hight 1.0915 2 13 6025 
hight 1.0955 2 12 6024 
hight 1.0878 2 14 6027 
hight 1.0869 1 6 3006 
hight 1.0981 1 6 3008 
hight 1.1048 1 6 3006 
hight 1.0993 1 7 3013 
hight 1.0979 2 14 6023 
hight 1.0942 2 11 6014 
hight 1.0947 1 7 3015 
hight 1.0914 1 6 3007 
hight 1.0898 1 7 3070 
hight 1.0866 1 6 3021 
hight 1.0828 2 12 6020 
hight 1.0897 1 7 3009 
hight 1.0932 2 14 6041 
hight 1.0933 1 6 3011 
hight 1.0852 1 7 3017 
hight 1.0844 1 6 3010 
hight 1.0853 1 7 4511 
hight 1.0895 1 7 4571 
hight 1.0885 1 6 3006 
hight 1.0977 1 7 3013 
hight 1.1057 2 12 6031 
hight 1.1162 1 7 3009 
hight 1.1196 1 5 3006 
hight 1.1039 1 7 3010 
hight 1.1059 1 5 3006 
hight 1.0945 2 12 6017 
hight 1.0972 2 13 6021 
hight 1.1019 1 7 3016 
hight 1.0991 1 6 3010 
hight 1.0926 1 7 2953 
hight 1.0951 1 6 3006 
hight 1.0909 1 6 3006 
hight 1.0927 2 14 6033 
hight 1.1013 1 7 3015 
hight 1.1014 1 7 3012 
hight 1.1101 1 7 3023 
hight 1.1106 1 7 3008 
hight 1.1126 1 7 3029 
hight 1.1083 1 7 3029 
hight 1.1103 1 7 3044 
hight 1.0983 1 7 3014 
hight 1.0905 2 13 6258 
hight 1.1010 1 5 3002 
hight 1.0899 1 4 3004 
hight 1.0939 1 6 3011 
hight 1.0934 1 6 3003 
hight 1.0917 1 7 3019 
hight 1.0923 1 7 3018 
hight 1.0902 1 7 3012 
hight 1.0961 1 6 3009 
hight 1.0997 1 6 3013 
hight 1.0973 2 14 6027 
hight 1.0921 1 7 3011 
hight 1.0861 1 7 3083 
hight 1.0825 1 6 3025 
hight 1.0752 1 7 3017 
hight 1.0774 2 13 6036 
hight 1.0850 1 7 3023 
hight 1.0884 1 6 3019 
hight 1.0758 2 14 7303 
hight 1.0744 3 21 9071 
hight 1.0745 1 7 3022 
hight 1.0748 1 5 3020 
hight 1.0702 1 6 3023 
hight 1.0681 1 7 3021 
hight 1.0663 1 7 3020 
hight 1.0685 1 7 3029 
hight 1.0821 1 7 3031 
hight 1.0759 1 7 3023 
hight 1.0742 1 7 2967 
hight 1.0731 1 7 3014 
hight 1.0723 1 7 3011 
hight 1.0697 1 7 3010 
hight 1.0867 1 7 3016 
hight 1.0870 1 7 3014 
hight 1.0975 1 6 3012 
hight 1.0984 1 7 3015 
hight 1.0908 1 7 3020 
hight 1.0873 1 7 3020 
hight 1.0906 1 7 3018 
hight 1.0892 1 7 3022 
hight 1.1070 1 7 3022 
hight 1.1092 1 7 3017 
hight 1.1452 1 6 3008 
hight 1.1535 1 7 3019 
hight 1.1475 1 6 3010 
hight 1.1440 1 7 3009 
hight 1.1449 1 7 3010 
hight 1.1468 2 14 6034 
hight 1.1497 1 7 3007 
hight 1.1560 1 6 3005 
hight 1.1621 1 7 3012 
hight 1.1471 1 6 3010 
hight 1.1522 1 7 3015 
hight 1.1562 2 12 6023 
hight 1.1658 1 7 3015 
hight 1.1707 1 7 3078 
hight 1.1662 1 7 3025 
hight 1.1673 1 7 3025 
hight 1.1720 1 6 3707 
hight 1.1734 1 7 3050 
hight 1.1717 1 7 3033 
hight 1.1700 1 7 3031 
hight 1.1751 1 7 4530 
hight 1.1774 1 7 4939 
hight 1.1775 1 6 3026 
hight 1.1825 1 7 3018 
hight 1.1797 1 6 3019 
hight 1.1778 1 7 3029 
hight 1.1636 1 7 3235 
hight 1.1615 1 6 3041 
hight 1.1582 1 7 3009 
hight 1.1558 1 7 3014 
hight 1.1671 1 7 3008 
hight 1.1738 1 6 3013 
hight 1.1746 1 7 3016 
hight 1.1772 1 7 2956 
hight 1.1800 1 7 3015 
hight 1.1824 1 7 3012 
hight 1.1960 1 7 3014 
hight 1.2002 1 7 3016 
hight 1.1994 1 7 4268 
hight 1.1977 1 6 3089 
hight 1.1978 1 7 3009 
hight 1.1839 1 7 3015 
hight 1.1694 1 6 3085 
hight 1.1571 1 6 3006 
hight 1.1654 1 7 3016 
hight 1.1644 1 7 3008 
hight 1.1598 1 7 3013 
hight 1.1657 1 7 3023 
hight 1.1711 1 7 3023 
hight 1.1667 1 7 3030 
hight 1.1635 1 7 3022 
hight 1.1601 1 7 3025 
hight 1.1554 1 7 3020 
hight 1.1416 2 14 6106 
hight 1.1450 2 14 6047 
hight 1.1421 1 7 3026 
hight 1.1340 1 7 3026 
hight 1.1312 1 7 3024 
hight 1.1380 1 7 3026 
hight 1.1425 1 7 3028 
hight 1.1445 1 6 3019 
hight 1.1490 1 7 3018 
hight 1.1499 1 7 3026 
hight 1.1467 1 7 3024 
hight 1.1430 1 7 3022 
hight 1.1354 2 14 6047 
hight 1.1329 1 7 3026 
hight 1.1299 1 7 3024 
hight 1.1345 2 14 6226 
hight 1.1309 1 6 3198 
hight 1.1276 1 7 3024 
hight 1.1338 1 7 3024 
hight 1.1376 1 7 3023 
hight 1.1441 1 7 3029 
hight 1.1423 1 7 3032 
hight 1.1404 1 7 3024 
hight 1.1391 2 13 6044 
hight 1.1382 1 7 3020 
hight 1.1377 1 7 3027 
hight 1.1348 1 7 3022 
hight 1.1217 1 7 2965 
hight 1.1278 1 7 3016 
hight 1.1375 1 7 3020 
hight 1.1474 1 7 3022 
hight 1.1437 1 7 3023 
hight 1.1427 1 7 3019 
hight 1.1315 1 7 3019 
hight 1.1289 1 7 3024 
hight 1.1247 1 7 3018 
hight 1.1241 1 7 3026 
hight 1.1262 1 6 3009 
hight 1.1209 1 7 3019 
hight 1.1170 1 7 3013 
hight 1.1155 1 6 3019 
hight 1.1153 1 7 3014 
hight 1.1108 1 7 3025 
hight 1.1061 1 7 3021 
low 1.5055 1 7 3161 
low 1.5218 1 7 3201 
low 1.5252 1 5 3078 
low 1.5177 3 21 9791 
low 1.5239 1 7 3152 
low 1.5307 1 7 3190 
low 1.5297 1 7 3438 
low 1.5268 1 7 3183 
low 1.5336 2 14 7735 
low 1.5363 1 7 3312 
low 1.5308 1 7 3129 
low 1.5267 1 7 3170 
low 1.5204 2 14 7374 
low 1.5224 1 7 3162 
low 1.5172 1 7 3707 
low 1.5249 1 7 3069 
low 1.5294 1 7 3233 
low 1.5401 1 7 3256 
low 1.5299 1 7 3178 
low 1.5274 1 7 3170 
low 1.5208 1 7 3344 
low 1.5125 3 17 9171 
low 1.5154 1 7 3165 
low 1.5238 1 7 3100 
low 1.5159 1 7 3140 
low 1.5041 1 7 3146 
low 1.5017 2 14 7619 
low 1.5040 2 14 6833 
low 1.5025 1 7 3368 
low 1.5120 1 7 3186 
low 1.5137 1 7 3407 
low 1.5119 1 7 3435 
low 1.4951 1 7 3241 
low 1.4765 1 7 3239 
low 1.4395 1 7 3160 
low 1.4639 2 14 8697 
low 1.4751 1 7 3147 
low 1.4757 2 13 7798 
low 1.4731 1 7 3109 
low 1.4678 1 7 3186 
low 1.4669 1 7 3149 
low 1.4591 2 14 8261 
low 1.4542 2 11 6331 
low 1.4521 2 14 9342 
low 1.4526 1 7 4342 
low 1.4701 1 7 3953 
low 1.4692 1 7 4180 
low 1.4592 2 14 9803 
low 1.4776 1 7 7968 
low 1.4677 1 7 4111 
low 1.4716 1 7 4168 
low 1.4624 1 7 4306 
low 1.4646 1 7 4335 
low 1.4679 1 7 4514 
low 1.4693 1 7 4637 
low 1.4761 1 7 4264 
low 1.4729 1 7 4208 
low 1.4728 1 7 4038 
low 1.4659 1 7 4371 
low 1.4578 2 12 7333 
low 1.4603 1 7 4419 
low 1.4599 2 14 10154 
low 1.4637 2 14 10094 
low 1.4539 1 7 4858 
low 1.4493 1 7 4941 
low 1.4501 1 7 4655 
low 1.4492 1 7 4766 
low 1.4609 1 7 4510 
low 1.4676 1 7 4453 
low 1.4732 2 12 7470 
low 1.4641 1 7 4412 
low 1.4647 1 7 4220 
low 1.4613 3 21 14136 
low 1.4651 3 21 13851 
low 1.4519 1 7 4684 
low 1.4439 1 7 4080 
low 1.4465 1 7 4107 
low 1.4564 1 7 4570 
low 1.4585 1 7 4359 
low 1.4649 2 14 9899 
low 1.4558 1 7 4659 
low 1.4587 1 7 4781 
low 1.4540 1 7 4842 
low 1.4571 1 7 5263 
low 1.4632 3 19 11414 
low 1.4588 1 7 5482 
low 1.4593 1 7 5044 
low 1.4667 1 7 5365 
low 1.4703 1 7 5655 
low 1.4697 2 10 8238 
low 1.4663 1 7 4745 
low 1.4498 1 7 4979 
low 1.4502 2 12 10156 
low 1.4506 1 7 5827 
low 1.4532 1 7 4750 
low 1.4576 1 7 5007 
low 1.4607 1 7 5447 
low 1.4644 1 7 5147 
low 1.4660 1 7 5290 
low 1.4560 1 7 5212 
low 1.4574 1 7 4950 
low 1.4691 1 7 4492 
low 1.4722 1 7 4668 
low 1.4773 1 7 4269 
low 1.4851 1 7 4662 
low 1.4946 1 7 5114 
low 1.4987 1 7 4531 
low 1.5075 3 16 10609 
low 1.5036 1 7 4375 
low 1.5064 1 7 4669 
low 1.5330 1 7 4662 
low 1.5270 1 7 4270 
low 1.5276 2 14 7374 
low 1.5463 3 19 11573 
low 1.5367 1 7 3869 
low 1.5305 3 21 9822 
low 1.5419 2 14 8064 
low 1.5275 1 7 4001 
low 1.5314 2 14 6973 
low 1.5415 1 7 4017 
low 1.5326 2 14 8081 
low 1.5303 1 7 3766 
low 1.5480 1 7 3854 
low 1.5358 1 7 3828 
low 1.5369 2 13 6971 
low 1.5424 1 7 4148 
low 1.5435 1 7 4005 
low 1.5444 2 13 7066 
low 1.5476 3 20 10118 
low 1.5642 1 7 4057 
low 1.5457 1 7 3741 
low 1.5447 1 7 3866 
low 1.5452 1 7 3858 
low 1.5453 2 14 6778 
low 1.5511 1 7 4000 
low 1.5524 1 7 6111 
low 1.5577 1 7 5902 
low 1.5585 1 7 3037 
low 1.5580 1 7 3038 
low 1.5623 1 7 3031 
low 1.5597 1 7 3033 
low 1.5653 1 7 3045 
low 1.5682 1 7 3037 
low 1.5719 1 7 3034 
low 1.5720 1 7 3033 
low 1.5746 1 7 3048 
low 1.5618 1 7 3038 
low 1.5464 1 7 2982 
low 1.5554 1 7 3035 
low 1.5478 2 14 6041 
low 1.5442 1 7 3025 
low 1.5422 2 14 6037 
low 1.5377 1 7 3040 
low 1.5324 1 7 3032 
low 1.5243 2 11 6018 
low 1.5171 1 7 3017 
low 1.5034 2 11 6016 
low 1.5060 1 7 3013 
low 1.5089 1 7 3011 
low 1.5129 1 7 3019 
low 1.5167 1 7 3017 
low 1.5206 1 7 3019 
low 1.5338 3 19 9035 
low 1.5340 2 14 6033 
low 1.5360 1 7 3013 
low 1.5310 1 7 3021 
low 1.5403 1 7 3010 
low 1.5441 2 13 6022 
low 1.5475 1 7 3021 
low 1.5469 1 7 3015 
low 1.5372 1 7 3013 
low 1.5264 1 7 3067 
low 1.5251 1 7 3009 
low 1.5178 1 7 3014 
low 1.5124 2 11 6017 
low 1.5079 1 7 3014 
low 1.5301 1 7 3010 
low 1.5272 1 7 3009 
low 1.5400 2 13 6032 
low 1.5409 1 7 4333 
low 1.5439 1 5 3003 
low 1.5397 1 7 3013 
low 1.5436 2 14 6035 
low 1.5510 1 7 3013 
low 1.5482 1 6 3009 
low 1.5350 2 10 6016 
low 1.5342 1 5 3004 
low 1.5357 2 13 6032 
low 1.5471 1 7 3013 
low 1.5438 2 13 6023 
low 1.5507 1 6 2954 
low 1.5416 2 12 6015 
low 1.5387 1 7 3005 
low 1.5411 1 7 3009 
low 1.5349 1 7 3013 
low 1.5289 1 7 3008 
low 1.5293 1 7 3010 
low 1.5361 1 6 3009 
low 1.5373 1 6 3005 
low 1.5433 1 7 3008 
low 1.5548 1 7 3011 
low 1.5591 1 7 3008 
low 1.5552 1 7 3009 
low 1.5549 1 7 3008 
low 1.5491 1 7 3005 
low 1.5450 1 7 3016 
low 1.5428 1 6 3009 
low 1.5396 1 6 3002 
low 1.5410 1 6 3008 
low 1.5503 1 7 3008 
low 1.5500 1 5 3005 
low 1.5445 1 5 3006 
low 1.5459 1 7 3007 
low 1.5417 1 7 3008 
low 1.5429 1 7 3066 
low 1.5405 1 6 3009 
low 1.5430 1 7 3006 
low 1.5379 1 6 3005 
low 1.5356 1 7 3013 
low 1.5515 1 6 3011 
low 1.5492 1 7 3016 
low 1.5407 1 5 3004 
low 1.5458 1 7 3006 
low 1.5467 1 6 3006 
low 1.5522 1 5 3007 
low 1.5519 1 7 3019 
low 1.5560 2 14 6019 
low 1.5567 1 7 3016 
low 1.5581 2 13 6016 
low 1.5587 2 12 6025 
low 1.5626 1 6 3010 
low 1.5700 1 6 2947 
low 1.5703 1 6 3010 
low 1.5725 1 6 3005 
low 1.5631 1 7 3019 
low 1.5662 1 5 3008 
low 1.5563 1 7 3008 
low 1.5461 1 7 3009 
low 1.5449 1 7 3013 
low 1.5512 1 7 3012 
low 1.5495 1 6 3004 
low 1.5617 1 7 3012 
low 1.5646 1 7 3017 
low 1.5588 1 7 3015 
low 1.5656 1 7 3017 
low 1.5693 1 7 3021 
low 1.5710 1 7 3016 
low 1.5728 1 6 3007 
low 1.5758 1 7 3024 
low 1.5740 1 6 3009 
low 1.5741 1 7 3012 
low 1.5783 1 7 3014 
low 1.5826 1 7 3008 
low 1.5754 1 7 3009 
low 1.5769 2 14 6015 
low 1.5851 1 7 3018 
low 1.5877 1 7 3007 
low 1.5856 1 6 3019 
low 1.5855 1 7 3069 
low 1.5863 2 13 6019 
low 1.5909 1 7 3011 
low 1.5913 1 7 3019 
low 1.5808 1 6 3009 
low 1.5857 1 7 3010 
low 1.5866 1 7 3010 
low 1.5923 1 7 3014 
low 1.6007 1 7 4395 
low 1.6013 1 7 4386 
low 1.6057 1 6 3007 
low 1.6096 1 7 3014 
low 1.6121 1 7 3009 
low 1.6124 1 7 3010 
low 1.6081 1 7 3013 
low 1.6087 1 7 3013 
low 1.6196 1 7 3014 
low 1.6093 2 11 6014 
low 1.5928 1 7 3011 
low 1.6021 1 7 3005 
low 1.6027 1 6 3005 
low 1.6128 1 7 2953 
low 1.6145 1 7 3006 
low 1.6276 1 7 3014 
low 1.6337 1 7 3008 
low 1.6319 1 6 3011 
low 1.6369 2 12 6021 
low 1.6438 1 7 3008 
low 1.6411 2 14 6022 
low 1.6502 1 6 3014 
low 1.6461 1 7 3010 
low 1.6441 1 6 3006 
low 1.6416 1 6 3015 
low 1.6518 2 14 6020 
low 1.6507 1 7 3010 
low 1.6459 1 7 3012 
low 1.6520 1 7 3023 
low 1.6530 2 14 8838 
low 1.6346 1 6 3011 
low 1.6305 1 5 3007 
low 1.6174 1 6 3035 
low 1.6230 1 7 3012 
low 1.6314 1 6 3012 
low 1.6330 1 7 3008 
low 1.6405 1 5 3002 
low 1.6442 1 6 3012 
low 1.6486 1 7 3009 
low 1.6589 1 6 3011 
low 1.6684 1 7 3006 
low 1.6628 1 7 3011 
low 1.6671 1 7 3067 
low 1.6631 1 7 3011 
low 1.6375 1 6 3005 
low 1.6340 1 7 3010 
low 1.6293 1 7 3006 
low 1.6451 1 7 3011 
low 1.6528 1 7 3007 
low 1.6572 1 7 4400 
low 1.6323 1 7 3008 
low 1.6170 1 6 3008 
low 1.5944 1 6 3004 
low 1.5824 1 3 2999 
low 1.6008 1 6 3004 
low 1.5942 1 7 3012 
low 1.5989 1 7 3011 
low 1.6064 2 12 6009 
low 1.5698 1 5 3003 
low 1.5615 1 6 3006 
low 1.5529 1 5 3004 
low 1.5652 1 6 2944 
low 1.5718 1 6 3004 
low 1.6026 1 6 3003 
low 1.6119 1 6 3006 
low 1.6223 1 6 3003 
low 1.6129 1 6 3005 
low 1.6051 1 5 3005 
low 1.6033 1 5 3007 
low 1.6022 1 6 3004 
low 1.6070 1 5 3002 
low 1.6014 1 3 2999 
low 1.6061 1 5 3004 
low 1.6029 1 5 3002 
low 1.5987 1 6 3003 
low 1.6221 1 6 3003 
low 1.6283 1 5 3002 
low 1.6165 1 5 3003 
low 1.6100 1 4 3002 
low 1.6049 1 4 3000 
low 1.5812 1 4 3000 
low 1.5749 1 3 2999 
low 1.5770 1 3 2999 
low 1.5665 1 4 3001 
low 1.5385 1 5 3002 
low 1.5032 1 4 3001 
low 1.4299 1 6 3073 
low 1.4835 1 4 3000 
low 1.4712 1 3 2999 
low 1.5160 1 4 3003 
low 1.5219 1 3 2999 
low 1.5543 1 3 2999 
low 1.4754 1 6 4612 
low 1.4735 1 4 3000 
low 1.4655 1 3 2999 
low 1.4736 1 3 3000 
low 1.4813 1 3 2999 
low 1.4859 1 4 3000 
low 1.4705 1 5 3002 
low 1.4698 1 3 2999 
low 1.4720 1 4 3000 
low 1.5202 1 3 2999 
low 1.5066 1 3 2939 
low 1.5059 1 4 3002 
low 1.5076 1 6 3007 
low 1.5015 1 4 3001 
low 1.5013 1 5 3003 
low 1.5005 1 6 3004 
low 1.5100 1 7 3005 
low 1.5074 1 3 2999 
low 1.5099 1 4 3001 
low 1.5052 1 5 3003 
low 1.5004 1 7 3004 
low 1.5008 2 12 6006 
low 1.5141 1 5 3001 
low 1.5106 1 4 3000 
low 1.5139 1 5 3002 
low 1.5147 1 6 3006 
low 1.5209 1 4 3001 
low 1.5170 1 4 3001 
low 1.5131 2 9 6007 
low 1.5142 1 5 3002 
low 1.5121 1 4 3002 
low 1.5107 2 10 6006 
low 1.5078 2 9 6004 
low 1.5073 1 4 3001 
low 1.5110 1 6 3010 
low 1.5087 2 9 6063 
low 1.5080 1 4 3000 
low 1.5093 1 5 3032 
low 1.5053 1 7 3008 
low 1.5091 1 5 3001 
low 1.4891 1 4 3001 
low 1.4849 1 7 4623 
low 1.4805 1 6 4620 
low 1.4721 1 5 3002 
low 1.4672 1 4 3002 
low 1.4559 1 4 3001 
low 1.4618 1 6 3002 
low 1.4620 1 6 3005 
low 1.4615 1 6 3005 
low 1.4259 1 5 3003 
low 1.4229 1 4 2942 
low 1.4141 1 5 3001 
low 1.4315 1 5 3003 
low 1.4320 2 10 6008 
low 1.4295 1 5 3004 
low 1.4000 2 11 6003 
low 1.3998 1 5 3003 
low 1.4107 1 3 2999 
low 1.3744 1 6 3003 
low 1.3733 1 3 2999 
low 1.3581 1 6 3003 
low 1.3165 1 6 3004 
low 1.3070 2 11 6033 
low 1.3256 1 5 3001 
low 1.3377 1 5 3005 
low 1.3340 1 4 3005 
low 1.3507 1 7 3009 
low 1.3726 1 7 3013 
low 1.3269 1 5 3005 
low 1.3015 1 7 3026 
low 1.2848 1 5 3004 
low 1.2809 1 7 3009 
low 1.2764 1 7 3014 
low 1.2925 1 7 3043 
low 1.3236 1 7 3148 
low 1.3264 1 7 3160 
low 1.3304 1 6 3005 
low 1.3307 1 7 3050 
low 1.3605 1 7 3063 
low 1.3315 1 7 3009 
low 1.3228 1 5 3001 
low 1.3293 1 6 3006 
low 1.2934 1 5 3154 
low 1.2999 1 4 3002 
low 1.2828 1 7 3016 
low 1.2543 1 5 3004 
low 1.2436 1 7 3526 
low 1.2411 1 7 3526 
low 1.2431 1 7 3007 
low 1.2579 1 6 3010 
low 1.2812 1 7 3047 
low 1.2776 1 6 3005 
low 1.2865 1 7 3005 
low 1.3033 1 4 3001 
low 1.2789 1 5 3011 
low 1.2703 1 5 3003 
low 1.2752 1 6 3004 
low 1.2734 2 11 5950 
low 1.2434 1 3 3000 
low 1.2929 1 4 3002 
low 1.2959 1 7 3004 
low 1.2726 1 7 3053 
low 1.2747 1 5 3062 
low 1.2762 1 6 3012 
low 1.2482 1 6 3082 
low 1.2502 1 5 3002 
low 1.2322 1 3 2999 
low 1.2131 2 11 6021 
low 1.2051 3 17 9107 
low 1.2002 5 34 15077 
low 1.1945 1 5 3002 
low 1.1814 1 5 3003 
low 1.1923 1 5 3264 
low 1.1551 1 4 3002 
low 1.1403 1 3 2999 
low 1.1516 1 5 3004 
low 1.0800 1 4 3000 
low 1.0092 1 4 3000 
low 1.0253 1 4 3002 
low 1.1223 2 11 6026 
low 1.1368 1 5 3001 
low 1.1005 1 7 3046 
low 1.2025 1 7 3080 
low 1.1924 1 7 3049 
low 1.2145 1 4 3018 
low 1.2120 1 6 3046 
low 1.2217 1 5 3028 
low 1.2318 1 7 3075 
low 1.2203 3 17 9041 
low 1.2137 1 6 3097 
low 1.2126 2 11 6010 
low 1.2278 3 19 9045 
low 1.2335 1 6 3003 
low 1.2247 1 6 3003 
low 1.2224 1 5 3061 
low 1.2296 1 7 3005 
low 1.2161 1 6 3005 
low 1.2167 1 7 3696 
low 1.2132 2 14 6455 
low 1.2103 1 4 3000 
low 1.2059 4 26 12059 
low 1.2054 2 14 6029 
low 1.2031 3 20 9043 
low 1.2028 1 5 3003 
low 1.2064 2 12 6044 
low 1.2037 1 6 3007 
low 1.2044 2 13 5954 
low 1.2045 1 5 3004 
low 1.2052 1 7 3021 
low 1.2029 2 14 6061 
low 1.1997 1 6 3026 
low 1.2004 13 89 42147 
low 1.2010 1 7 3013 
low 1.2006 4 28 12114 
low 1.2005 3 19 9044 
low 1.2003 2 14 6023 
low 1.2007 1 7 3031 
low 1.2036 1 7 3007 
low 1.2077 2 14 6025 
low 1.2076 1 7 3016 
low 1.2091 1 7 3017 
low 1.2071 1 6 3071 
low 1.2027 1 7 3020 
low 1.2061 1 7 3013 
low 1.2062 1 7 4779 
low 1.2067 2 14 6035 
low 1.2081 1 5 3010 
low 1.2330 1 7 3009 
low 1.2328 1 7 3011 
low 1.2254 1 7 3010 
low 1.2253 1 6 3009 
low 1.2277 1 6 3006 
low 1.2117 1 7 3004 
low 1.2157 1 6 3009 
low 1.2274 2 13 6019 
low 1.2165 1 5 3003 
low 1.2179 1 7 3006 
low 1.2133 2 13 5978 
low 1.2134 2 13 6034 
low 1.2136 1 7 3018 
low 1.2225 1 7 3011 
low 1.2194 1 7 3009 
low 1.2279 3 21 9116 
low 1.2380 1 5 3003 
low 1.2404 1 7 3010 
low 1.2329 1 6 3003 
low 1.2241 1 7 3007 
low 1.2220 2 14 6036 
low 1.2215 1 5 3004 
low 1.2237 1 6 3126 
low 1.2280 1 7 3009 
low 1.2345 1 6 3733 
low 1.2319 1 7 3016 
low 1.2311 2 14 6045 
low 1.2267 1 7 3016 
low 1.2284 2 13 6035 
low 1.2323 1 7 3051 
low 1.2344 1 7 3017 
low 1.2275 2 14 6046 
low 1.2211 1 7 3022 
low 1.2259 1 7 3021 
low 1.2308 1 7 3018 
low 1.2282 1 7 3037 
low 1.2163 2 13 6044 
low 1.2178 2 13 7467 
low 1.2222 1 7 4752 
low 1.2264 1 6 4450 
low 1.2287 1 7 3017 
low 1.2312 1 7 3018 
low 1.2223 1 6 3016 
low 1.2181 1 6 3011 
low 1.2202 2 13 6051 
low 1.2183 1 7 3017 
low 1.2100 1 7 3014 
low 1.2160 2 14 6045 
low 1.2119 1 7 3015 
low 1.2159 1 7 3015 
low 1.2168 1 7 2952 
low 1.2138 1 7 3023 
low 1.2156 1 7 3024 
low 1.2169 1 7 3036 
low 1.2162 2 14 6048 
low 1.2188 1 7 3017 
low 1.2191 1 7 3020 
low 1.2150 1 7 3029 
low 1.2141 1 7 3029 
low 1.2152 1 7 3020 
low 1.2118 1 7 3021 
low 1.2084 1 7 3048 
low 1.2069 1 7 3029 
low 1.2047 1 7 3144 
low 1.2042 1 7 3074 
low 1.2057 2 14 16035 
low 1.2050 2 14 6201 
low 1.2039 1 7 3044 
low 1.2018 1 6 3024 
low 1.2008 1 7 3054 
low 1.2011 1 7 3068 
low 1.2013 1 7 4788 
low 0.9707 1 7 3049 
low 0.9765 1 7 3048 
low 1.0181 1 7 4417 
low 1.0411 1 7 3046 
low 1.0439 1 7 3041 
low 1.0628 2 13 6105 
low 1.0608 1 7 3049 
low 1.0513 1 7 3040 
low 1.0419 1 7 3016 
low 1.0416 1 7 2955 
low 1.0386 1 7 3017 
low 1.0295 1 7 3009 
low 1.0233 1 6 3008 
low 1.0237 1 6 3010 
low 1.0344 1 7 3009 
low 1.0301 1 5 3007 
low 1.0381 1 6 3006 
low 1.0321 1 6 3013 
low 1.0277 1 7 3007 
low 1.0396 1 7 3228 
low 1.0422 1 7 3009 
low 1.0401 1 6 3015 
low 1.0311 1 7 3010 
low 1.0362 1 7 3006 
low 1.0391 1 7 3011 
low 1.0394 1 6 3008 
low 1.0456 1 6 3012 
low 1.0528 1 7 3009 
low 1.0620 2 11 6010 
low 1.0757 1 5 3011 
low 1.0710 1 7 3009 
low 1.0731 1 6 3006 
low 1.0797 4 26 13544 
low 1.0878 1 6 3006 
low 1.0820 1 7 3013 
low 1.0838 1 7 3007 
low 1.0870 1 6 3009 
low 1.0865 2 14 6025 
low 1.0781 1 6 3007 
low 1.0755 1 7 3070 
low 1.0827 1 7 3017 
low 1.0738 1 6 3021 
low 1.0753 1 6 3005 
low 1.0787 3 20 9026 
low 1.0809 2 12 6022 
low 1.0765 1 7 3017 
low 1.0754 1 6 3010 
low 1.0775 1 7 4571 
low 1.0825 1 6 3006 
low 1.0867 1 7 3013 
low 1.0906 2 11 6020 
low 1.1028 1 7 3009 
low 1.0957 1 5 3006 
low 1.0948 1 7 3010 
low 1.0913 1 5 3006 
low 1.0817 1 6 3008 
low 1.0896 1 7 3016 
low 1.0872 1 6 3010 
low 1.0871 1 7 2953 
low 1.0876 2 13 6030 
low 1.0841 2 13 6026 
low 1.0915 1 7 3015 
low 1.0953 1 7 3012 
low 1.0967 1 7 3023 
low 1.1011 1 7 3008 
low 1.1057 1 7 3029 
low 1.1027 1 7 3029 
low 1.0958 1 7 3044 
low 1.0774 1 6 3006 
low 1.0799 1 4 3004 
low 1.0791 1 5 3005 
low 1.0835 3 20 9049 
low 1.0815 1 7 3252 
low 1.0816 1 7 3019 
low 1.0824 1 7 3012 
low 1.0868 1 6 3009 
low 1.0885 1 7 3011 
low 1.0914 1 7 3016 
low 1.0852 1 7 3011 
low 1.0808 1 7 3013 
low 1.0908 1 7 3016 
low 1.0858 1 7 3023 
low 1.0795 1 7 3018 
low 1.0760 1 7 3083 
low 1.0752 1 6 3025 
low 1.0685 1 6 3015 
low 1.0684 2 14 6039 
low 1.0709 1 7 3017 
low 1.0695 1 7 3023 
low 1.0723 1 6 3019 
low 1.0677 2 13 6515 
low 1.0676 1 7 3807 
low 1.0699 2 12 6042 
low 1.0638 1 7 3023 
low 1.0640 1 6 3023 
low 1.0630 2 14 6041 
low 1.0631 1 7 3029 
low 1.0634 1 7 3026 
low 1.0686 1 7 3031 
low 1.0681 1 7 3023 
low 1.0682 1 7 2967 
low 1.0667 1 7 3014 
low 1.0665 1 7 3011 
low 1.0655 1 7 3010 
low 1.0669 1 7 3016 
low 1.0789 1 6 3012 
low 1.0918 1 7 3015 
low 1.0864 1 7 3012 
low 1.0849 1 7 3018 
low 1.0830 1 7 3022 
low 1.0882 1 7 3013 
low 1.0936 1 7 3024 
low 1.0982 1 7 3022 
low 1.0985 1 7 3017 
low 1.1077 1 6 3008 
low 1.1397 1 7 3019 
low 1.1259 2 13 6036 
low 1.1256 1 7 3009 
low 1.1355 1 7 3010 
low 1.1364 1 7 3011 
low 1.1360 1 7 3007 
low 1.1444 1 6 3005 
low 1.1408 1 7 3012 
low 1.1386 1 6 3010 
low 1.1424 1 7 3015 
low 1.1482 2 13 6029 
low 1.1506 1 7 3015 
low 1.1558 2 14 6100 
low 1.1541 1 7 3025 
low 1.1556 1 7 3025 
low 1.1588 1 7 3025 
low 1.1583 1 6 3707 
low 1.1597 1 7 3050 
low 1.1623 1 7 3033 
low 1.1607 1 7 3031 
low 1.1654 1 7 4530 
low 1.1668 1 7 4939 
low 1.1681 1 6 3026 
low 1.1682 2 14 6033 
low 1.1710 1 6 3019 
low 1.1539 1 7 3029 
low 1.1507 2 14 6248 
low 1.1448 1 6 3041 
low 1.1496 1 7 3009 
low 1.1483 1 7 3008 
low 1.1629 1 6 3013 
low 1.1675 1 7 3016 
low 1.1650 1 7 2956 
low 1.1730 1 7 3015 
low 1.1753 1 7 3012 
low 1.1819 1 7 3014 
low 1.1922 1 7 3016 
low 1.1933 1 7 4268 
low 1.1863 1 6 3089 
low 1.1831 1 7 3009 
low 1.1366 2 13 6114 
low 1.1428 1 6 3006 
low 1.1529 1 7 3016 
low 1.1485 1 7 3008 
low 1.1477 1 6 3008 
low 1.1547 1 7 3023 
low 1.1616 1 7 3023 
low 1.1595 1 7 3030 
low 1.1495 1 7 3025 
low 1.1263 1 7 3020 
low 1.1243 1 7 3027 
low 1.1362 1 7 3025 
low 1.1236 1 7 3026 
low 1.1181 2 14 6050 
low 1.1220 1 7 3024 
low 1.1222 1 7 3026 
low 1.1283 1 7 3028 
low 1.1356 1 6 3019 
low 1.1388 1 7 3018 
low 1.1391 1 7 3026 
low 1.1344 1 7 3079 
low 1.1378 1 7 3023 
low 1.1333 1 7 3024 
low 1.1303 1 7 3022 
low 1.1273 1 7 3021 
low 1.1234 1 7 3024 
low 1.1231 1 7 3202 
low 1.1212 1 6 3198 
low 1.1209 1 7 3024 
low 1.1258 1 7 3024 
low 1.1257 1 7 3023 
low 1.1308 1 7 3032 
low 1.1331 1 7 3024 
low 1.1328 1 7 3027 
low 1.1315 1 6 3017 
low 1.1306 1 7 3020 
low 1.1336 1 7 3027 
low 1.1190 1 7 3022 
low 1.1158 1 7 2965 
low 1.1179 1 7 3016 
low 1.1252 1 7 3020 
low 1.1363 1 7 3022 
low 1.1349 1 7 3022 
low 1.1358 1 7 3023 
low 1.1287 1 7 3019 
low 1.1254 1 7 3019 
low 1.1193 1 7 3024 
low 1.1118 1 7 3018 
low 1.1135 1 7 3026 
low 1.1171 1 6 3009 
low 1.1055 1 7 3019 
low 1.1074 1 7 3013 
low 1.1106 1 6 3019 
low 1.1054 1 7 3014 
low 1.0969 1 7 3025 
low 1.0960 1 7 3021 
close 1.5233 2 14 6175 
close 1.5381 1 7 3201 
close 1.5322 1 5 3078 
close 1.5246 1 7 3266 
close 1.5395 3 21 9799 
close 1.5359 1 7 3190 
close 1.5346 1 7 3438 
close 1.5378 1 7 3183 
close 1.5364 3 19 9143 
close 1.5342 1 7 3170 
close 1.5273 1 7 3137 
close 1.5256 1 7 3162 
close 1.5262 1 7 3707 
close 1.5329 1 7 3069 
close 1.5412 1 7 3233 
close 1.5413 1 7 3256 
close 1.5313 1 7 3178 
close 1.5277 1 7 3170 
close 1.5236 1 7 3344 
close 1.5168 1 7 3153 
close 1.5253 1 7 3165 
close 1.5282 1 7 3100 
close 1.5230 1 7 3140 
close 1.5220 1 7 3090 
close 1.5208 1 7 3435 
close 1.5060 1 7 3146 
close 1.5051 1 7 3257 
close 1.5122 2 12 6373 
close 1.5059 1 7 3461 
close 1.5150 1 7 3368 
close 1.5178 1 7 3186 
close 1.5176 1 7 3407 
close 1.5125 2 11 6495 
close 1.5001 1 7 3241 
close 1.4815 1 7 3239 
close 1.4651 1 7 3160 
close 1.4860 1 7 3289 
close 1.4827 1 7 3147 
close 1.4836 1 7 3116 
close 1.4770 1 7 3109 
close 1.4693 1 7 3186 
close 1.4721 1 7 3149 
close 1.4708 1 7 3273 
close 1.4559 2 14 8186 
close 1.4634 2 14 8843 
close 1.4711 1 7 4342 
close 1.4752 1 7 3953 
close 1.4744 2 14 8633 
close 1.4855 3 18 12789 
close 1.4779 2 10 10967 
close 1.4775 1 7 4111 
close 1.4722 1 7 4168 
close 1.4723 1 7 4306 
close 1.4700 1 7 4335 
close 1.4724 1 7 4514 
close 1.4769 2 13 7710 
close 1.4787 1 7 4264 
close 1.4755 1 7 4208 
close 1.4762 1 7 4038 
close 1.4687 1 7 4371 
close 1.4619 3 20 12380 
close 1.4625 1 7 4419 
close 1.4666 1 7 4712 
close 1.4680 3 21 14350 
close 1.4663 1 7 5408 
close 1.4541 1 7 4941 
close 1.4564 1 7 4782 
close 1.4508 1 7 4655 
close 1.4610 1 7 4766 
close 1.4694 1 7 4510 
close 1.4751 1 7 4467 
close 1.4653 2 14 8966 
close 1.4717 1 7 4380 
close 1.4664 2 14 10009 
close 1.4533 1 7 4684 
close 1.4570 1 7 4080 
close 1.4572 1 7 4107 
close 1.4620 1 7 4570 
close 1.4684 1 7 4359 
close 1.4667 1 7 4457 
close 1.4597 1 7 4659 
close 1.4703 1 7 4781 
close 1.4629 2 13 7770 
close 1.4627 1 7 4842 
close 1.4657 1 7 5263 
close 1.4685 1 7 5442 
close 1.4647 1 7 5405 
close 1.4621 1 7 5482 
close 1.4731 2 14 9857 
close 1.4710 1 7 5655 
close 1.4729 1 7 5239 
close 1.4674 1 7 4745 
close 1.4505 1 7 4979 
close 1.4509 1 7 7151 
close 1.4578 1 7 5827 
close 1.4630 1 7 4750 
close 1.4615 1 7 5007 
close 1.4679 1 7 5447 
close 1.4656 1 7 5147 
close 1.4675 1 7 5147 
close 1.4705 2 14 9828 
close 1.4608 1 7 4988 
close 1.4589 1 7 5212 
close 1.4665 1 7 4950 
close 1.4781 1 7 4668 
close 1.5031 1 7 4662 
close 1.5039 1 7 5114 
close 1.5081 1 7 4531 
close 1.5134 1 7 4608 
close 1.5149 1 7 4362 
close 1.5110 1 7 4375 
close 1.5216 1 7 4669 
close 1.5377 1 7 4237 
close 1.5371 1 7 4400 
close 1.5420 2 14 8455 
close 1.5297 1 7 4270 
close 1.5525 1 7 4355 
close 1.5489 1 7 4619 
close 1.5471 1 7 3869 
close 1.5469 2 14 7897 
close 1.5334 2 14 7020 
close 1.5434 1 7 3945 
close 1.5459 1 7 4017 
close 1.5340 1 7 3799 
close 1.5336 1 7 4282 
close 1.5475 2 14 6779 
close 1.5532 2 14 6955 
close 1.5542 2 13 6865 
close 1.5372 1 7 3828 
close 1.5479 1 7 3962 
close 1.5444 1 7 4148 
close 1.5519 3 20 10032 
close 1.5533 2 14 7067 
close 1.5648 1 7 4070 
close 1.5679 1 7 4057 
close 1.5463 4 23 12756 
close 1.5534 2 12 6873 
close 1.5557 1 7 4025 
close 1.5529 1 7 3757 
close 1.5585 2 14 7010 
close 1.5606 1 7 6111 
close 1.5680 1 7 5902 
close 1.5596 1 7 3037 
close 1.5686 1 7 3038 
close 1.5670 1 7 3031 
close 1.5662 2 12 6037 
close 1.5692 1 7 3045 
close 1.5755 1 7 3037 
close 1.5742 1 7 3034 
close 1.5823 1 7 3033 
close 1.5783 1 7 3048 
close 1.5675 1 7 3038 
close 1.5515 2 14 6065 
close 1.5602 1 7 2982 
close 1.5600 1 7 3035 
close 1.5561 2 14 6034 
close 1.5484 1 7 3021 
close 1.5501 2 14 6042 
close 1.5383 1 7 3040 
close 1.5326 2 14 6037 
close 1.5398 1 7 3032 
close 1.5260 1 7 3018 
close 1.5177 1 7 3017 
close 1.5188 1 7 3014 
close 1.5128 1 7 3013 
close 1.5292 1 7 3011 
close 1.5187 1 7 3019 
close 1.5234 1 7 3017 
close 1.5376 1 7 3019 
close 1.5415 1 7 3021 
close 1.5433 3 19 9022 
close 1.5362 2 11 6025 
close 1.5361 1 7 3018 
close 1.5421 1 7 3013 
close 1.5338 1 7 3021 
close 1.5416 1 7 3010 
close 1.5456 1 7 3010 
close 1.5535 1 7 3021 
close 1.5474 1 7 3015 
close 1.5384 1 7 3013 
close 1.5330 1 7 3067 
close 1.5258 1 7 3009 
close 1.5154 2 12 6014 
close 1.5148 1 7 3014 
close 1.5314 1 7 3019 
close 1.5353 1 7 3010 
close 1.5419 2 13 6020 
close 1.5427 1 7 3017 
close 1.5509 2 13 7347 
close 1.5502 1 5 3003 
close 1.5430 1 7 3011 
close 1.5536 1 7 3017 
close 1.5590 2 14 6023 
close 1.5483 1 6 3009 
close 1.5498 1 7 3027 
close 1.5508 1 7 3013 
close 1.5523 1 6 2954 
close 1.5487 1 5 3007 
close 1.5405 1 7 3005 
close 1.5428 1 6 3011 
close 1.5462 1 6 3015 
close 1.5440 2 12 6013 
close 1.5354 1 7 3013 
close 1.5299 1 7 3008 
close 1.5409 1 6 3009 
close 1.5445 1 6 3005 
close 1.5553 1 6 3004 
close 1.5640 1 7 3011 
close 1.5612 1 7 3008 
close 1.5577 1 7 3008 
close 1.5517 2 14 6014 
close 1.5528 1 7 3016 
close 1.5503 1 6 3009 
close 1.5465 1 6 3008 
close 1.5531 2 13 6024 
close 1.5565 1 7 3008 
close 1.5513 1 5 3005 
close 1.5438 1 7 3008 
close 1.5482 2 14 6072 
close 1.5488 1 7 3006 
close 1.5466 1 6 3006 
close 1.5391 1 6 3005 
close 1.5441 1 7 3013 
close 1.5583 1 6 3011 
close 1.5442 1 5 3004 
close 1.5493 1 7 3012 
close 1.5579 1 7 3019 
close 1.5581 1 7 3009 
close 1.5634 1 7 3016 
close 1.5608 1 7 3009 
close 1.5647 1 6 3015 
close 1.5738 1 6 3010 
close 1.5716 1 6 2947 
close 1.5816 1 6 3010 
close 1.5756 3 17 9022 
close 1.5666 1 7 3019 
close 1.5601 1 6 3010 
close 1.5569 1 7 3008 
close 1.5491 2 12 6015 
close 1.5537 1 7 3012 
close 1.5587 1 6 3004 
close 1.5638 1 6 3007 
close 1.5655 1 7 3012 
close 1.5656 1 7 3017 
close 1.5659 1 7 3015 
close 1.5761 1 7 3017 
close 1.5721 1 7 3021 
close 1.5744 1 7 3016 
close 1.5817 1 6 3007 
close 1.5801 2 11 6025 
close 1.5810 1 7 3012 
close 1.5867 1 7 3014 
close 1.5865 1 7 3008 
close 1.5772 1 7 3009 
close 1.5855 1 7 3011 
close 1.5931 1 7 3018 
close 1.5902 1 7 3007 
close 1.5907 1 6 3019 
close 1.5879 1 7 3069 
close 1.5954 1 7 3015 
close 1.5932 2 14 6021 
close 1.5933 3 14 9018 
close 1.5868 1 6 3009 
close 1.5874 1 7 3010 
close 1.6018 1 7 3014 
close 1.6025 2 13 7399 
close 1.6104 1 7 4386 
close 1.6133 1 6 3007 
close 1.6126 2 11 6015 
close 1.6184 1 7 3009 
close 1.6226 1 7 3010 
close 1.6095 1 7 3013 
close 1.6254 1 7 3013 
close 1.6241 1 7 3014 
close 1.6112 2 12 6020 
close 1.6058 1 7 3011 
close 1.6062 1 7 3005 
close 1.6136 1 6 3005 
close 1.6174 1 7 2953 
close 1.6291 1 7 3006 
close 1.6349 1 7 3014 
close 1.6403 1 7 3008 
close 1.6375 1 6 3011 
close 1.6514 1 6 3008 
close 1.6493 1 7 3008 
close 1.6511 1 7 3016 
close 1.6537 2 13 8844 
close 1.6470 1 7 3010 
close 1.6464 2 12 6011 
close 1.6522 1 6 3015 
close 1.6647 1 7 3013 
close 1.6519 1 7 3010 
close 1.6546 1 7 3012 
close 1.6526 1 7 3023 
close 1.6549 1 7 3007 
close 1.6630 1 7 3008 
close 1.6420 1 7 3006 
close 1.6444 1 6 3011 
close 1.6381 1 5 3007 
close 1.6234 1 6 3035 
close 1.6335 1 7 3012 
close 1.6477 1 6 3012 
close 1.6448 1 7 3008 
close 1.6506 1 5 3002 
close 1.6491 1 6 3012 
close 1.6628 1 7 3009 
close 1.6688 1 6 3011 
close 1.6758 1 7 3006 
close 1.6727 1 7 3011 
close 1.6728 1 7 3067 
close 1.6657 1 7 3011 
close 1.6407 1 7 3010 
close 1.6394 1 7 3006 
close 1.6488 1 6 3013 
close 1.6553 1 7 3011 
close 1.6593 1 7 3007 
close 1.6676 1 7 4400 
close 1.6354 1 7 3008 
close 1.6175 1 6 3008 
close 1.6162 1 3 2999 
close 1.6105 1 6 3004 
close 1.6066 1 7 3012 
close 1.6117 1 7 3011 
close 1.6116 1 6 3007 
close 1.5795 1 5 3003 
close 1.5852 1 6 3006 
close 1.5740 1 5 3004 
close 1.5805 1 6 2944 
close 1.5945 1 7 3004 
close 1.5912 1 6 3004 
close 1.6032 1 6 3004 
close 1.6146 1 6 3003 
close 1.6336 1 6 3006 
close 1.6272 1 6 3002 
close 1.6225 1 6 3003 
close 1.6210 1 6 3005 
close 1.6097 1 5 3005 
close 1.6155 1 6 3004 
close 1.6208 1 5 3002 
close 1.6101 1 3 2999 
close 1.6188 1 5 3004 
close 1.6057 1 5 3002 
close 1.6267 1 6 3003 
close 1.6307 1 6 3003 
close 1.6295 1 5 3002 
close 1.6195 1 5 3003 
close 1.6111 1 4 3002 
close 1.6060 1 4 3000 
close 1.5854 1 3 2999 
close 1.5045 1 4 3001 
close 1.5106 1 4 3003 
close 1.5193 1 3 2999 
close 1.5457 1 3 2999 
close 1.5341 1 4 3003 
close 1.5568 1 3 2999 
close 1.5729 1 3 2999 
close 1.5157 1 4 3004 
close 1.4900 1 6 4612 
close 1.5070 2 12 7686 
close 1.4749 1 4 3000 
close 1.5046 1 3 3000 
close 1.4887 1 3 2999 
close 1.4921 1 4 3000 
close 1.4715 1 5 3002 
close 1.4904 1 3 2999 
close 1.4764 1 3 2999 
close 1.4730 1 5 3002 
close 1.5388 1 4 3000 
close 1.5237 1 3 2999 
close 1.5082 1 3 2939 
close 1.5160 1 4 3002 
close 1.5088 1 6 3007 
close 1.5115 1 5 3001 
close 1.5016 2 11 6005 
close 1.5091 1 5 3003 
close 1.5085 1 4 3002 
close 1.5111 2 12 6008 
close 1.5156 1 7 3005 
close 1.5183 1 3 2999 
close 1.5166 1 4 3001 
close 1.5057 1 5 3003 
close 1.5239 1 6 3002 
close 1.5207 1 4 3000 
close 1.5159 1 5 3002 
close 1.5232 1 6 3006 
close 1.5267 1 4 3001 
close 1.5308 1 4 3000 
close 1.5200 1 4 3001 
close 1.5174 1 4 3002 
close 1.5147 1 5 3002 
close 1.5164 1 4 3002 
close 1.5167 1 4 3001 
close 1.5140 1 5 3005 
close 1.5113 2 7 6001 
close 1.5171 1 6 3010 
close 1.5116 1 6 3005 
close 1.5101 1 4 3000 
close 1.5099 1 5 3003 
close 1.5095 2 12 6040 
close 1.4939 1 4 3001 
close 1.4875 1 7 4623 
close 1.4848 1 6 4620 
close 1.4753 1 5 3002 
close 1.4750 1 5 3003 
close 1.4725 1 4 3002 
close 1.4735 1 6 3004 
close 1.4678 1 4 3001 
close 1.4673 1 6 3005 
close 1.4638 1 6 3002 
close 1.4523 1 5 3005 
close 1.4266 1 5 3003 
close 1.4304 1 4 2942 
close 1.4317 1 5 3001 
close 1.4347 1 5 3003 
close 1.4349 1 4 3003 
close 1.4325 1 5 3004 
close 1.4321 1 6 3005 
close 1.4037 1 5 3001 
close 1.4001 1 5 3003 
close 1.4283 1 6 3002 
close 1.4135 1 3 2999 
close 1.3791 1 6 3003 
close 1.3962 1 3 2999 
close 1.3590 1 6 3003 
close 1.3183 1 6 3004 
close 1.3374 1 4 3002 
close 1.3413 1 5 3001 
close 1.3556 1 5 3005 
close 1.3781 1 4 3005 
close 1.3744 1 7 3009 
close 1.3812 1 7 3013 
close 1.3437 1 5 3005 
close 1.3033 1 7 3026 
close 1.2871 1 5 3004 
close 1.2815 1 7 3009 
close 1.2931 1 7 3014 
close 1.3210 1 7 3043 
close 1.3245 1 7 3031 
close 1.3366 1 7 3148 
close 1.3319 1 7 3160 
close 1.3335 1 6 3005 
close 1.3635 1 7 3050 
close 1.3740 1 7 3063 
close 1.3317 1 7 3009 
close 1.3434 1 5 3001 
close 1.3331 1 6 3006 
close 1.3027 1 5 3154 
close 1.3099 1 4 3002 
close 1.2836 1 7 3016 
close 1.2551 1 5 3004 
close 1.2475 1 7 3526 
close 1.2615 1 7 3526 
close 1.2630 1 7 3007 
close 1.2892 1 6 3010 
close 1.2889 2 14 6100 
close 1.2934 1 6 3005 
close 1.3121 1 7 3005 
close 1.3040 1 4 3001 
close 1.2810 1 5 3011 
close 1.2787 1 5 3003 
close 1.2998 1 6 3004 
close 1.2807 1 6 3006 
close 1.2817 1 3 3000 
close 1.2988 1 5 2944 
close 1.3160 1 4 3002 
close 1.2975 1 7 3004 
close 1.2778 1 5 3062 
close 1.2775 1 6 3012 
close 1.2682 1 6 3082 
close 1.2537 1 5 3002 
close 1.2406 1 3 2999 
close 1.2305 2 11 6007 
close 1.2282 1 3 3000 
close 1.2203 2 13 6018 
close 1.2107 2 12 6009 
close 1.1955 1 5 3003 
close 1.2125 1 5 3264 
close 1.1612 1 4 3002 
close 1.1678 1 3 2999 
close 1.1625 1 5 3004 
close 1.0847 1 4 3000 
close 1.0391 1 4 3000 
close 1.1451 1 4 3002 
close 1.1445 1 4 3000 
close 1.1826 1 5 3001 
close 1.2062 2 14 6068 
close 1.2039 1 7 3080 
close 1.2147 2 14 6075 
close 1.2175 1 4 3018 
close 1.2245 1 6 3046 
close 1.2391 1 5 3028 
close 1.2350 2 13 6081 
close 1.2210 1 4 3000 
close 1.2142 1 6 3097 
close 1.2376 1 5 3002 
close 1.2386 1 5 3017 
close 1.2349 1 6 3003 
close 1.2265 1 6 3003 
close 1.2403 1 5 3061 
close 1.2320 1 7 3005 
close 1.2187 2 11 6008 
close 1.2205 1 7 3696 
close 1.2161 1 7 3437 
close 1.2120 1 4 3000 
close 1.2092 2 13 6037 
close 1.2088 1 7 3007 
close 1.2036 2 13 6034 
close 1.2086 1 5 3003 
close 1.2074 1 5 3004 
close 1.2072 2 13 7786 
close 1.2050 1 6 3007 
close 1.2047 1 7 3008 
close 1.2078 1 5 3004 
close 1.2056 1 7 3021 
close 1.2051 1 6 2946 
close 1.2042 1 7 3034 
close 1.2011 2 13 6038 
close 1.2013 2 14 6023 
close 1.2008 7 49 21117 
close 1.2007 8 55 27032 
close 1.2006 3 19 9049 
close 1.2009 3 20 9040 
close 1.2068 2 14 6175 
close 1.2093 2 14 6020 
close 1.2109 2 14 6065 
close 1.2103 1 7 3021 
close 1.2082 1 6 3071 
close 1.2079 1 7 3019 
close 1.2034 1 7 3015 
close 1.2044 1 7 3021 
close 1.2132 1 7 3020 
close 1.2119 1 7 3015 
close 1.2076 1 7 3013 
close 1.2077 1 7 3088 
close 1.2085 1 7 3011 
close 1.2393 1 5 3010 
close 1.2373 1 7 3009 
close 1.2428 1 7 3011 
close 1.2331 2 14 6023 
close 1.2332 1 6 3009 
close 1.2174 1 7 3004 
close 1.2277 1 6 3009 
close 1.2340 1 6 3006 
close 1.2189 2 14 6023 
close 1.2160 3 20 9009 
close 1.2196 1 6 3008 
close 1.2149 1 6 3008 
close 1.2286 2 14 6051 
close 1.2236 1 7 3011 
close 1.2296 1 7 3009 
close 1.2489 1 7 3012 
close 1.2521 1 5 3003 
close 1.2547 1 7 3010 
close 1.2392 1 6 3003 
close 1.2319 1 7 3014 
close 1.2275 1 5 3004 
close 1.2336 1 6 3126 
close 1.2437 1 7 3009 
close 1.2363 1 6 3733 
close 1.2359 1 7 3016 
close 1.2329 1 7 3017 
close 1.2314 1 7 3016 
close 1.2371 1 7 3010 
close 1.2306 2 13 6035 
close 1.2281 1 7 3018 
close 1.2401 1 7 3051 
close 1.2364 1 7 3017 
close 1.2300 2 14 6050 
close 1.2249 2 13 7474 
close 1.2263 1 7 3022 
close 1.2334 1 7 3021 
close 1.2328 1 7 3018 
close 1.2351 1 7 3081 
close 1.2323 1 7 3023 
close 1.2330 1 7 3028 
close 1.2209 1 7 3017 
close 1.2181 2 13 5973 
close 1.2276 1 7 4752 
close 1.2377 1 6 4450 
close 1.2343 1 7 3017 
close 1.2342 1 7 3018 
close 1.2284 1 6 3016 
close 1.2213 1 6 3011 
close 1.2248 1 7 3027 
close 1.2215 1 6 3024 
close 1.2193 1 7 3014 
close 1.2163 1 7 3015 
close 1.2188 1 7 3015 
close 1.2156 1 7 3023 
close 1.2214 2 14 6044 
close 1.2201 1 7 3036 
close 1.2173 1 7 3020 
close 1.2194 1 7 3023 
close 1.2217 1 7 3017 
close 1.2224 1 6 3024 
close 1.2177 1 7 3023 
close 1.2179 1 7 3025 
close 1.2137 1 7 3021 
close 1.2153 1 7 3018 
close 1.2152 1 7 3023 
close 1.2158 1 7 3029 
close 1.2157 1 7 3020 
close 1.2128 1 7 3021 
close 1.2080 1 7 3029 
close 1.2067 1 7 3074 
close 1.2084 1 7 3040 
close 1.2057 3 21 19142 
close 1.2118 1 7 3094 
close 1.2069 1 7 3024 
close 1.2040 1 7 3044 
close 1.2030 1 6 3024 
close 1.2010 1 7 3021 
close 1.2025 1 7 3062 
close 1.2037 1 7 3054 
close 1.2016 1 7 3068 
close 1.2022 1 7 3059 
close 1.2023 1 7 4788 
close 1.0082 1 7 3049 
close 1.0260 1 7 3048 
close 1.0604 1 7 4417 
close 1.0487 1 7 3046 
close 1.0688 1 7 3041 
close 1.0780 1 6 3047 
close 1.0740 3 20 9087 
close 1.0673 1 7 3058 
close 1.0654 1 7 3040 
close 1.0464 1 7 3016 
close 1.0432 1 7 2955 
close 1.0450 1 7 3017 
close 1.0355 1 7 3009 
close 1.0256 1 6 3008 
close 1.0485 1 6 3010 
close 1.0365 1 7 3009 
close 1.0417 1 5 3007 
close 1.0444 1 6 3006 
close 1.0368 1 6 3013 
close 1.0406 1 7 3007 
close 1.0497 1 7 3228 
close 1.0478 1 7 3009 
close 1.0431 1 6 3015 
close 1.0416 1 7 3010 
close 1.0414 1 7 3006 
close 1.0402 1 7 3011 
close 1.0479 1 6 3008 
close 1.0638 1 6 3012 
close 1.0646 1 7 3009 
close 1.0912 1 6 3008 
close 1.0778 1 5 3011 
close 1.0829 1 7 3009 
close 1.0842 1 6 3006 
close 1.0958 1 6 3008 
close 1.0978 1 6 3006 
close 1.0851 3 20 9038 
close 1.0928 1 7 3007 
close 1.0897 1 6 3009 
close 1.0902 1 7 3015 
close 1.0895 1 7 3070 
close 1.0865 1 7 3017 
close 1.0791 1 6 3021 
close 1.0794 1 6 3005 
close 1.0817 1 7 3009 
close 1.0908 2 14 6036 
close 1.0806 2 10 6015 
close 1.0835 1 7 3017 
close 1.0813 1 6 3010 
close 1.0840 2 14 9082 
close 1.0875 1 6 3006 
close 1.0946 1 7 3013 
close 1.1054 1 5 3007 
close 1.1124 1 7 3009 
close 1.0986 2 12 6031 
close 1.1010 1 7 3010 
close 1.0924 2 12 6022 
close 1.0838 1 5 3005 
close 1.0956 1 6 3008 
close 1.0959 1 7 3016 
close 1.0910 2 13 6022 
close 1.0909 2 13 5966 
close 1.0885 1 6 3006 
close 1.0872 1 6 3006 
close 1.0923 2 14 6025 
close 1.0998 1 7 3015 
close 1.0968 1 7 3012 
close 1.1091 2 14 6040 
close 1.1088 1 7 3008 
close 1.1059 1 7 3029 
close 1.1056 1 7 3029 
close 1.0961 2 13 6053 
close 1.0800 1 7 3014 
close 1.0821 2 12 6009 
close 1.0857 2 11 6013 
close 1.0937 1 5 3005 
close 1.0899 1 7 3252 
close 1.0841 1 7 3018 
close 1.0886 2 14 6034 
close 1.0955 1 7 3011 
close 1.0918 1 7 3016 
close 1.0888 1 7 3011 
close 1.0965 1 7 3013 
close 1.0864 1 7 3023 
close 1.0825 2 14 6041 
close 1.0777 1 7 3083 
close 1.0781 1 6 3025 
close 1.0745 1 7 3017 
close 1.0772 1 7 3017 
close 1.0751 1 6 3019 
close 1.0684 1 6 3019 
close 1.0748 1 7 3807 
close 1.0690 1 7 3496 
close 1.0727 2 14 6044 
close 1.0738 1 5 3020 
close 1.0681 2 14 6034 
close 1.0650 1 6 3023 
close 1.0639 1 7 3021 
close 1.0636 1 7 3020 
close 1.0633 1 7 3029 
close 1.0703 1 7 3026 
close 1.0710 1 7 3031 
close 1.0725 1 7 2967 
close 1.0692 1 7 3014 
close 1.0686 1 7 3010 
close 1.0853 1 7 3016 
close 1.0834 1 7 3014 
close 1.0954 1 6 3012 
close 1.0900 1 7 3024 
close 1.0846 1 7 3020 
close 1.0856 1 7 3020 
close 1.0949 1 7 3013 
close 1.1049 1 7 3024 
close 1.1028 1 7 3022 
close 1.1398 2 12 6027 
close 1.1437 1 7 3019 
close 1.1413 1 6 3010 
close 1.1385 1 7 3009 
close 1.1428 2 13 6020 
close 1.1369 2 14 6034 
close 1.1489 1 7 3007 
close 1.1539 2 12 6011 
close 1.1422 1 7 3012 
close 1.1511 1 7 3015 
close 1.1508 1 6 3015 
close 1.1655 1 7 3015 
close 1.1613 1 7 3078 
close 1.1585 1 7 3025 
close 1.1668 1 7 3025 
close 1.1634 1 7 3025 
close 1.1646 1 6 3707 
close 1.1671 1 7 3050 
close 1.1640 1 7 3033 
close 1.1659 1 7 3031 
close 1.1730 1 7 4530 
close 1.1715 1 7 4939 
close 1.1725 1 6 3026 
close 1.1762 1 7 3018 
close 1.1775 1 6 3019 
close 1.1599 1 7 3029 
close 1.1579 1 7 3235 
close 1.1549 1 6 3041 
close 1.1548 1 7 3009 
close 1.1483 1 7 3014 
close 1.1645 1 7 3008 
close 1.1693 1 6 3013 
close 1.1702 1 7 3016 
close 1.1742 1 7 2956 
close 1.1765 1 7 3015 
close 1.1820 1 7 3012 
close 1.1957 1 7 3014 
close 1.1973 1 7 3016 
close 1.1947 1 7 4268 
close 1.1878 1 6 3089 
close 1.1836 1 7 3009 
close 1.1692 1 7 3015 
close 1.1430 1 6 3085 
close 1.1593 1 7 3016 
close 1.1519 1 7 3008 
close 1.1540 1 6 3008 
close 1.1563 1 7 3013 
close 1.1641 1 7 3023 
close 1.1658 1 7 3023 
close 1.1607 1 7 3030 
close 1.1571 1 7 3022 
close 1.1546 1 7 3025 
close 1.1279 1 7 3020 
close 1.1392 1 7 3027 
close 1.1416 1 7 3025 
close 1.1280 1 7 3026 
close 1.1281 1 7 3026 
close 1.1255 1 7 3024 
close 1.1352 1 7 3026 
close 1.1363 1 7 3028 
close 1.1461 1 7 3018 
close 1.1406 1 7 3026 
close 1.1401 2 14 6111 
close 1.1453 1 7 3023 
close 1.1367 1 7 3024 
close 1.1313 1 7 3022 
close 1.1275 1 7 3021 
close 1.1311 1 7 3026 
close 1.1238 1 7 3026 
close 1.1276 1 7 3024 
close 1.1237 1 7 3202 
close 1.1253 1 6 3198 
close 1.1223 1 7 3024 
close 1.1271 1 7 3024 
close 1.1327 1 7 3024 
close 1.1403 1 7 3029 
close 1.1350 1 7 3024 
close 1.1389 1 7 3027 
close 1.1348 1 6 3017 
close 1.1372 1 7 3020 
close 1.1339 1 7 3027 
close 1.1203 1 7 3022 
close 1.1181 1 7 2965 
close 1.1260 1 7 3016 
close 1.1370 1 7 3020 
close 1.1448 1 7 3022 
close 1.1429 1 7 3022 
close 1.1408 1 7 3023 
close 1.1299 1 7 3019 
close 1.1284 1 7 3019 
close 1.1245 1 7 3024 
close 1.1166 1 7 3018 
close 1.1241 1 7 3026 
close 1.1204 1 6 3009 
close 1.1081 1 7 3019 
close 1.1123 1 7 3013 
close 1.1131 1 6 3019 
close 1.1075 1 7 3014 
close 1.1043 1 7 3021 
body 0.0030 7 44 26822 
body 0.0147 2 14 6216 
body -0.0059 3 19 9102 
body -0.0078 6 36 18478 
body 0.0148 1 7 3152 
body -0.0036 4 27 12230 
body -0.0013 9 61 31469 
body 0.0032 3 19 9216 
body 0.0017 3 21 9379 
body 0.0000 9 59 28700 
body -0.0031 6 39 18245 
body -0.0021 11 74 35996 
body -0.0069 5 29 15240 
body -0.0018 2 14 8374 
body 0.0006 5 34 17142 
body 0.0068 3 21 9467 
body 0.0083 1 7 3233 
body 0.0001 13 90 42090 
body -0.0100 2 13 6186 
body -0.0037 5 34 16838 
body -0.0041 5 34 15504 
body -0.0066 3 20 9281 
body 0.0085 3 21 10690 
body 0.0029 6 37 19672 
body -0.0051 10 65 30685 
body -0.0009 3 21 10527 
body -0.0012 7 48 21620 
body -0.0148 2 14 6474 
body -0.0063 2 12 6468 
body 0.0090 2 14 6385 
body 0.0028 4 26 14088 
body -0.0002 8 55 24528 
body -0.0124 1 7 3241 
body -0.0186 1 7 3239 
body -0.0164 1 7 3160 
body 0.0208 1 7 3289 
body -0.0034 2 14 7295 
body 0.0009 6 36 18177 
body 0.0075 5 34 20491 
body 0.0078 6 34 19385 
body 0.0042 9 63 30014 
body 0.0112 1 7 5520 
body -0.0074 1 7 7968 
body -0.0001 18 123 66309 
body -0.0054 5 34 19049 
body -0.0024 4 21 13417 
body 0.0023 5 35 19347 
body 0.0045 4 28 13726 
body 0.0019 6 40 21648 
body -0.0033 7 47 22257 
body 0.0008 3 21 12161 
body -0.0076 4 27 13919 
body -0.0015 9 62 30472 
body 0.0005 8 54 28044 
body 0.0013 5 33 17736 
body -0.0017 8 54 29377 
body -0.0105 2 13 7869 
body -0.0019 7 49 23950 
body -0.0055 4 28 13708 
body 0.0103 3 20 10792 
body 0.0051 10 67 37301 
body 0.0007 4 26 13538 
body -0.0072 5 34 16479 
body -0.0026 9 53 30745 
body 0.0063 6 41 21910 
body -0.0131 3 19 10699 
body 0.0036 4 24 13120 
body 0.0047 3 21 10619 
body 0.0064 4 27 13334 
body -0.0016 4 24 13494 
body -0.0057 3 21 11183 
body 0.0107 4 25 15463 
body -0.0073 3 19 11505 
body 0.0022 11 73 38713 
body -0.0038 5 33 17646 
body 0.0060 4 28 14129 
body 0.0018 5 35 17336 
body -0.0056 4 25 13769 
body -0.0166 1 7 4979 
body 0.0004 6 41 22269 
body 0.0069 4 27 16343 
body -0.0023 7 41 23196 
body -0.0096 3 17 10995 
body 0.0079 1 7 4950 
body 0.0041 3 19 12070 
body 0.0025 4 27 13531 
body 0.0073 3 17 10277 
body 0.0175 1 7 4662 
body 0.0054 1 7 4608 
body 0.0015 5 34 16461 
body -0.0039 4 28 13429 
body 0.0162 1 7 4237 
body -0.0006 5 33 16459 
body 0.0050 3 19 10672 
body -0.0123 2 14 7289 
body 0.0227 1 7 4355 
body -0.0052 5 29 15817 
body 0.0048 3 20 10069 
body -0.0134 1 7 4001 
body 0.0101 4 27 14416 
body 0.0024 1 7 4017 
body -0.0120 2 11 6804 
body -0.0005 7 47 22460 
body 0.0138 4 23 12791 
body 0.0057 9 61 29065 
body 0.0010 4 23 12954 
body -0.0171 1 7 3828 
body 0.0106 2 14 7025 
body 0.0014 5 34 16162 
body 0.0114 1 7 4070 
body -0.0214 1 7 3741 
body 0.0070 2 14 6875 
body -0.0089 2 12 6864 
body 0.0061 2 14 6774 
body -0.0085 4 28 12145 
body 0.0089 1 7 3038 
body -0.0007 6 36 18089 
body 0.0081 1 7 3033 
body -0.0040 3 21 9073 
body -0.0109 4 26 12073 
body -0.0159 1 7 3034 
body 0.0088 2 12 5986 
body -0.0003 7 45 21111 
body -0.0118 1 7 3040 
body 0.0071 6 41 18125 
body -0.0139 2 11 6018 
body -0.0083 4 27 12057 
body 0.0012 5 32 15056 
body 0.0165 2 14 6030 
body -0.0104 1 7 3019 
body 0.0100 1 7 3019 
body 0.0040 5 31 15049 
body -0.0071 2 14 6031 
body -0.0061 3 21 9043 
body -0.0091 2 14 6032 
body -0.0058 5 31 15043 
body -0.0079 2 14 6031 
body 0.0038 8 52 23985 
body 0.0066 3 21 9030 
body 0.0082 3 21 11744 
body -0.0008 4 26 12078 
body 0.0046 2 14 6032 
body 0.0055 4 28 12046 
body -0.0108 1 6 3009 
body 0.0003 6 38 18053 
body 0.0134 1 7 3027 
body 0.0011 6 40 18121 
body 0.0034 3 19 9025 
body -0.0020 4 27 12235 
body -0.0014 3 17 9032 
body 0.0035 8 51 24134 
body 0.0044 5 32 15093 
body 0.0086 2 14 6019 
body -0.0027 7 48 22415 
body 0.0016 5 30 15052 
body 0.0031 2 11 6011 
body 0.0067 1 7 3018 
body -0.0093 2 14 6017 
body -0.0043 1 6 3009 
body -0.0022 4 26 11933 
body 0.0053 5 33 15066 
body 0.0092 2 13 6238 
body 0.0099 3 20 9044 
body -0.0060 1 6 3005 
body 0.0091 1 5 3008 
body -0.0154 1 6 3010 
body -0.0032 3 21 9056 
body -0.0025 9 55 28715 
body -0.0004 8 53 25902 
body -0.0047 2 13 6027 
body 0.0052 5 29 15030 
body 0.0074 4 24 12041 
body -0.0044 3 20 9033 
body 0.0058 4 26 12035 
body 0.0076 2 14 6033 
body -0.0029 8 53 24155 
body -0.0065 5 33 16671 
body 0.0087 2 14 6033 
body 0.0080 4 28 13435 
body 0.0158 1 7 3013 
body -0.0129 1 7 3013 
body -0.0053 3 20 9044 
body 0.0118 1 7 3006 
body -0.0028 5 33 18045 
body 0.0026 5 32 15050 
body -0.0068 3 21 9086 
body 0.0125 1 7 3013 
body -0.0128 1 7 3010 
body 0.0027 3 16 9017 
body -0.0210 1 7 3006 
body -0.0147 1 6 3035 
body 0.0142 1 6 3012 
body -0.0030 6 40 18012 
body 0.0136 2 14 6023 
body 0.0059 2 13 6020 
body 0.0002 9 56 28939 
body -0.0194 1 6 3005 
body 0.0095 1 6 3013 
body 0.0039 3 21 8982 
body -0.0138 1 7 5830 
body -0.0183 2 11 6009 
body -0.0180 1 6 3008 
body -0.0151 1 6 3004 
body -0.0323 1 5 3003 
body 0.0056 2 13 6018 
body -0.0189 2 12 6020 
body 0.0077 5 32 15054 
body 0.0139 1 7 3004 
body 0.0121 2 12 6016 
body 0.0113 2 13 6030 
body 0.0189 1 6 3006 
body -0.0046 4 25 12183 
body -0.0112 2 10 6067 
body -0.0107 2 7 6000 
body 0.0210 1 6 3003 
body -0.0011 3 18 9018 
body -0.0099 2 9 6003 
body -0.0127 2 11 6013 
body -0.0133 2 9 6012 
body -0.0311 1 5 3002 
body -0.0418 1 4 3001 
body -0.0276 1 6 3073 
body 0.0339 2 7 6002 
body -0.0250 1 4 3000 
body 0.0265 1 3 2999 
body -0.0115 1 4 3003 
body 0.0228 2 9 6009 
body 0.0160 2 10 6007 
body -0.0571 1 4 3004 
body -0.0258 1 6 4612 
body 0.0169 1 6 4682 
body -0.0322 1 4 3000 
body 0.0270 1 3 3000 
body -0.0160 1 3 2999 
body 0.0033 1 4 3000 
body -0.0207 1 5 3002 
body 0.0190 2 7 6001 
body -0.0141 1 3 2999 
body -0.0035 4 24 12031 
body 0.0659 1 4 3000 
body -0.0150 1 3 2999 
body -0.0156 1 3 2939 
body -0.0098 1 4 3001 
body 0.0225 1 6 3002 
body -0.0084 2 12 6006 
body -0.0048 3 19 9109 
body -0.0010 5 33 15130 
body -0.0256 1 5 3003 
body -0.0285 1 5 3001 
body 0.0281 1 6 3002 
body -0.0149 1 3 2999 
body -0.0343 1 6 3003 
body 0.0170 2 8 5943 
body -0.0371 1 6 3003 
body -0.0406 1 6 3004 
body 0.0143 1 5 3005 
body 0.0226 1 4 3005 
body -0.0376 1 5 3005 
body -0.0405 1 7 3026 
body -0.0162 2 12 6018 
body 0.0116 1 7 3014 
body 0.0279 1 7 3043 
body 0.0120 2 14 6155 
body 0.0299 1 7 3050 
body -0.0424 1 7 3009 
body 0.0115 1 5 3001 
body -0.0102 1 6 3006 
body -0.0305 1 5 3154 
body -0.0262 2 13 6101 
body -0.0284 1 5 3004 
body 0.0141 1 7 3526 
body 0.0263 1 6 3010 
body 0.0188 1 7 3005 
body -0.0080 2 10 6012 
body -0.0229 1 5 3011 
body 0.0212 1 6 3004 
body -0.0191 1 6 3006 
body 0.0173 1 4 3002 
body -0.0184 1 7 3004 
body -0.0094 3 20 9135 
body -0.0145 1 5 3002 
body -0.0132 2 9 6004 
body -0.0097 2 12 6012 
body -0.0153 2 10 6006 
body 0.0171 1 5 3264 
body -0.0512 1 4 3002 
body 0.0065 1 3 2999 
body -0.0779 1 4 3000 
body -0.0455 1 4 3000 
body 0.1061 1 4 3002 
body 0.0382 1 5 3001 
body 0.0237 1 7 3046 
body 0.0109 1 7 3049 
body 0.0144 1 5 3028 
body -0.0042 3 18 9088 
body -0.0070 2 12 6108 
body 0.0233 1 5 3002 
body 0.0137 1 5 3061 
body 0.0021 5 34 15797 
body -0.0045 2 12 6441 
body 0.0097 2 14 6046 
body 0.0308 1 5 3010 
body -0.0176 1 7 3004 
body 0.0062 3 19 9939 
body 0.0192 1 7 3012 
body -0.0155 1 6 3003 
body -0.0087 1 7 3007 
body 0.0049 1 7 3013 
body -0.0064 1 7 3013 
body -0.1924 1 7 3049 
body 0.0177 1 7 3048 
body 0.0344 1 7 4417 
body -0.0116 1 7 3046 
body 0.0200 1 7 3041 
body 0.0093 1 6 3047 
body -0.0121 1 7 3009 
body -0.0075 3 19 9040 
body 0.0159 1 6 3012 
body 0.0266 1 6 3008 
body 0.0117 1 6 3008 
body 0.0020 3 20 9050 
body -0.0137 2 12 6028 
body -0.0086 1 5 3005 
body 0.0119 1 6 3008 
body -0.0049 2 10 6014 
body 0.0122 1 7 3023 
body 0.0131 1 5 3005 
body 0.0166 1 7 3016 
body 0.0306 1 6 3008 
body -0.0117 1 7 3012 
body 0.0072 1 7 4530 
body -0.0177 1 7 3029 
body -0.0144 1 7 3015 
body -0.0266 1 7 3020 
body -0.0136 1 7 3026 
body 0.0110 1 7 3020 
body -0.0090 1 7 3025 
up 0.0093 2 14 6168 
up 0.0082 3 20 9224 
up 0.0026 16 101 53272 
up 0.0007 28 190 87270 
up 0.0018 24 156 79968 
up 0.0013 15 98 53198 
up 0.0032 9 59 27564 
up 0.0022 17 109 57165 
up 0.0034 14 89 45913 
up 0.0048 10 65 35495 
up 0.0012 12 80 41737 
up 0.0011 15 97 45814 
up 0.0001 6 42 21591 
up 0.0042 7 45 21356 
up 0.0015 14 94 45500 
up 0.0059 8 51 25116 
up 0.0039 8 45 24240 
up 0.0016 26 177 92237 
up 0.0025 8 55 27898 
up 0.0006 17 116 56023 
up 0.0041 13 79 39296 
up 0.0000 11 74 45172 
up 0.0038 13 82 42213 
up 0.0051 6 37 18620 
up 0.0004 18 122 60066 
up 0.0020 15 92 50785 
up 0.0030 22 151 71714 
up 0.0040 11 72 34171 
up 0.0045 6 41 18470 
up 0.0005 24 151 74504 
up 0.0054 2 13 6249 
up 0.0071 4 24 12314 
up 0.0035 20 125 66657 
up 0.0021 21 134 72712 
up 0.0058 6 37 19930 
up 0.0033 9 57 30767 
up 0.0017 25 164 83952 
up 0.0024 16 105 48643 
up 0.0047 6 40 20591 
up 0.0066 7 43 23091 
up 0.0008 33 219 105346 
up 0.0100 2 14 7121 
up 0.0062 4 25 13218 
up 0.0036 12 76 41034 
up 0.0086 1 7 4514 
up 0.0031 9 59 30880 
up 0.0010 23 144 73415 
up 0.0027 12 77 46449 
up 0.0002 30 198 96806 
up 0.0053 10 64 33697 
up 0.0029 8 56 29311 
up 0.0057 5 27 16776 
up 0.0003 30 197 93756 
up 0.0052 6 40 19894 
up 0.0009 26 170 86264 
up 0.0060 5 31 19198 
up 0.0056 5 30 17333 
up 0.0073 6 32 21436 
up 0.0119 4 26 13527 
up 0.0118 1 7 4270 
up 0.0068 5 27 16370 
up 0.0050 13 80 40433 
up 0.0074 4 22 13993 
up 0.0089 3 17 9953 
up 0.0043 7 46 22194 
up 0.0055 6 40 20342 
up 0.0019 18 122 56085 
up 0.0014 14 89 43544 
up 0.0078 2 14 6102 
up 0.0046 7 46 23042 
up 0.0084 4 27 12061 
up 0.0061 6 40 18101 
up 0.0023 13 84 39223 
up 0.0065 4 26 12050 
up 0.0079 4 21 11964 
up 0.0028 10 63 30140 
up 0.0097 3 20 9169 
up 0.0077 2 12 6011 
up 0.0075 5 35 15263 
up 0.0064 4 25 12547 
up 0.0130 1 7 3005 
up 0.0072 1 6 3014 
up 0.0076 3 15 9010 
up 0.0088 1 6 3011 
up 0.0107 2 14 6018 
up 0.0114 1 7 3011 
up 0.0132 1 7 3007 
up 0.0111 2 13 6038 
up 0.0127 2 10 6006 
up 0.0099 1 6 3003 
up 0.0103 2 10 6005 
up 0.0049 5 33 15075 
up 0.0108 1 5 3007 
up 0.0157 1 3 2999 
up 0.0098 4 21 12027 
up 0.0150 1 3 2999 
up 0.0070 3 19 10890 
up 0.0148 1 3 2999 
up 0.0144 2 8 6000 
up 0.0227 1 4 3000 
up 0.0087 2 12 6006 
up 0.0083 1 3 2999 
up 0.0136 1 4 3002 
up 0.0106 1 6 3007 
up 0.0081 2 8 6002 
up 0.0139 2 13 6016 
up 0.0037 6 34 18258 
up 0.0123 1 4 3001 
up 0.0116 2 10 6008 
up 0.0303 1 6 3002 
up 0.0110 1 7 3013 
up 0.0109 2 12 6015 
up 0.0288 1 7 3009 
up 0.0177 1 7 3043 
up 0.0124 1 7 3160 
up 0.0143 1 6 3005 
up 0.0092 1 7 3063 
up 0.0237 1 6 3006 
up 0.0141 1 7 3526 
up 0.0171 2 14 6056 
up 0.0085 1 5 3011 
up 0.0080 2 12 6071 
up 0.0186 1 6 3012 
up 0.0104 1 3 2999 
up 0.0217 1 5 3264 
up 0.0044 5 26 15058 
up 0.0234 1 5 3004 
up 0.0297 1 4 3000 
up 0.0165 1 4 3018 
up 0.0120 1 4 3000 
up 0.0067 2 14 6045 
up 0.0117 1 7 3048 
up 0.0112 1 7 3010 
up 0.0153 1 5 3002 
up 0.0063 2 14 6068 
down 0.0148 1 7 3161 
down 0.0016 22 144 68001 
down 0.0070 6 37 18238 
down 0.0069 4 28 12445 
down 0.0008 19 130 60909 
down 0.0052 7 48 23270 
down 0.0049 5 30 15506 
down 0.0078 1 7 3183 
down 0.0042 8 52 25980 
down 0.0032 10 67 30693 
down 0.0056 8 54 26458 
down 0.0075 4 27 13254 
down 0.0084 4 20 12653 
down 0.0012 29 188 96715 
down 0.0035 12 70 39422 
down 0.0011 17 110 55906 
down 0.0014 26 174 89777 
down 0.0003 28 187 99414 
down 0.0028 17 108 55860 
down 0.0043 12 78 37937 
down 0.0015 19 126 66253 
down 0.0071 1 7 3140 
down 0.0031 11 71 35476 
down 0.0019 11 75 36830 
down 0.0034 9 60 28090 
down 0.0030 15 95 47320 
down 0.0039 10 68 36183 
down 0.0006 24 167 76118 
down 0.0050 7 47 22283 
down 0.0256 1 7 3160 
down 0.0013 24 158 78436 
down 0.0076 7 43 21228 
down 0.0024 12 78 38737 
down 0.0117 3 21 10645 
down 0.0017 20 130 68866 
down 0.0038 8 54 25584 
down 0.0107 1 7 4342 
down 0.0009 29 190 96538 
down 0.0151 1 7 5520 
down 0.0098 2 13 7117 
down 0.0099 4 26 13360 
down 0.0054 3 19 10387 
down 0.0022 14 88 46606 
down 0.0007 26 164 91657 
down 0.0026 19 126 66420 
down 0.0041 6 39 20755 
down 0.0025 13 87 40943 
down 0.0020 14 89 47889 
down 0.0048 4 24 13964 
down 0.0000 5 35 26580 
down 0.0095 1 7 4080 
down 0.0106 2 12 7109 
down 0.0018 20 130 63766 
down 0.0002 27 181 85673 
down 0.0087 2 10 7841 
down 0.0060 11 73 38692 
down 0.0033 12 73 38639 
down 0.0047 7 44 24752 
down 0.0029 10 61 32847 
down 0.0005 27 178 84764 
down 0.0085 3 17 11127 
down 0.0053 5 31 16560 
down 0.0074 2 10 7374 
down 0.0045 8 56 25823 
down 0.0040 5 27 16690 
down 0.0027 8 44 25265 
down 0.0104 1 7 3869 
down 0.0115 2 14 7818 
down 0.0059 4 22 13057 
down 0.0010 15 100 49212 
down 0.0004 24 159 74796 
down 0.0058 5 29 16111 
down 0.0065 1 7 3033 
down 0.0023 10 62 30089 
down 0.0037 13 82 39226 
down 0.0057 5 35 15158 
down 0.0046 8 51 24128 
down 0.0072 3 20 9269 
down 0.0061 3 17 9044 
down 0.0142 2 10 6013 
down 0.0068 3 21 9027 
down 0.0021 15 94 45363 
down 0.0001 15 95 45259 
down 0.0062 2 13 6071 
down 0.0055 6 41 18342 
down 0.0081 5 32 15038 
down 0.0063 5 28 15546 
down 0.0090 1 6 3004 
down 0.0066 2 10 6015 
down 0.0067 4 21 12025 
down 0.0130 1 7 3011 
down 0.0118 1 7 3008 
down 0.0089 4 25 11967 
down 0.0101 2 13 6047 
down 0.0036 8 52 24093 
down 0.0200 2 9 6081 
down 0.0097 2 11 6007 
down 0.0124 1 7 3012 
down 0.0181 2 10 6009 
down 0.0324 1 5 3004 
down 0.0134 1 5 3004 
down 0.0194 1 6 3004 
down 0.0208 1 6 3002 
down 0.0086 1 5 3002 
down 0.0121 2 7 5999 
down 0.0105 2 10 6009 
down 0.0136 1 4 3001 
down 0.0388 1 4 3000 
down 0.0470 1 6 3073 
down 0.0225 1 4 3003 
down 0.0146 1 6 4612 
down 0.0144 1 6 4682 
down 0.0094 1 3 2999 
down 0.0152 1 5 3002 
down 0.0051 4 24 12060 
down 0.0082 1 3 2999 
down 0.0092 1 6 3004 
down 0.0119 1 4 3001 
down 0.0164 1 5 3001 
down 0.0114 3 17 9056 
down 0.0116 1 5 3001 
down 0.0215 1 4 3005 
down 0.0237 1 7 3009 
down 0.0168 1 5 3005 
down 0.0139 1 7 3031 
down 0.0091 2 12 6008 
down 0.0093 2 12 6186 
down 0.0185 1 7 3007 
down 0.0077 4 27 12074 
down 0.0073 1 6 3006 
down 0.0374 1 3 3000 
down 0.0163 1 7 3053 
down 0.0174 1 4 3000 
down 0.0231 1 3 3000 
down 0.0201 1 6 3003 
down 0.0162 1 5 3002 
down 0.0141 2 12 6043 
down 0.0210 1 3 2999 
down 0.0109 1 5 3004 
down 0.0299 1 4 3000 
down 0.0137 1 4 3002 
down 0.0222 1 4 3000 
down 0.0820 1 7 3046 
down 0.0110 2 12 6012 
down 0.0064 3 20 10663 
down 0.0375 1 7 3049 
down 0.0318 1 7 3048 
down 0.0079 2 14 7440 
down 0.0132 1 7 3049 
down 0.0044 5 32 15076 
down 0.0080 3 20 9041 
down 0.0096 1 7 3070 
down 0.0202 1 5 3002 
down 0.0154 1 6 3010 
down 0.0129 1 7 3009 
