open 62.31 1 7 6483 
open 63.49 2 14 9202 
open 63.92 2 14 9229 
open 63.95 1 7 6293 
open 65.05 1 7 6089 
open 65.84 1 7 6455 
open 66.49 1 7 6315 
open 65.72 1 7 6320 
open 66.21 1 7 6681 
open 66.35 1 7 6208 
open 64.10 1 7 5555 
open 66.05 1 7 5358 
open 65.64 1 7 5427 
open 65.62 1 7 5245 
open 65.63 1 7 5525 
open 66.56 2 14 11454 
open 66.74 2 14 10519 
open 66.17 1 7 5521 
open 66.84 1 7 5297 
open 68.32 1 7 5693 
open 68.25 1 7 5140 
open 69.13 2 14 8297 
open 67.87 2 13 8800 
open 68.95 1 7 5320 
open 69.01 2 14 10365 
open 70.25 1 7 5284 
open 69.23 1 7 5134 
open 69.18 1 7 5053 
open 70.04 1 7 4750 
open 69.57 2 14 7839 
open 70.19 1 7 5080 
open 69.47 1 7 4837 
open 66.63 1 7 5268 
open 65.79 1 7 4973 
open 68.06 1 7 5091 
open 67.77 1 7 4542 
open 66.60 1 7 4490 
open 65.50 1 7 4918 
open 65.02 1 7 4692 
open 66.12 2 13 7888 
open 66.11 1 7 4770 
open 67.66 1 7 4874 
open 68.03 1 7 4571 
open 69.45 1 7 4961 
open 69.98 1 7 4993 
open 69.87 1 7 4874 
open 70.16 1 7 4989 
open 69.32 1 7 5385 
open 69.40 1 7 7797 
open 70.23 1 7 4512 
open 71.21 1 7 3072 
open 72.25 1 7 3061 
open 71.71 1 7 3049 
open 71.45 1 7 3072 
open 71.83 1 7 3060 
open 73.76 1 7 3090 
open 74.62 1 7 3050 
open 74.84 3 17 9060 
open 73.48 1 7 3065 
open 73.08 1 7 3047 
open 70.31 1 7 3037 
open 69.19 2 14 6013 
open 69.62 1 7 3056 
open 69.36 1 7 3057 
open 68.92 1 7 3042 
open 67.97 1 7 3047 
open 68.55 1 7 3061 
open 69.25 1 7 3055 
open 68.44 1 7 3048 
open 68.39 1 7 3017 
open 68.56 1 7 3021 
open 69.12 1 7 3026 
open 67.61 1 7 3017 
open 71.26 1 7 3026 
open 71.24 1 7 3013 
open 70.20 1 7 3018 
open 70.30 1 7 3013 
open 71.66 1 7 3018 
open 72.46 2 14 6045 
open 72.64 1 7 3019 
open 71.40 1 7 3015 
open 71.58 2 14 6033 
open 71.41 1 7 3020 
open 72.27 2 14 6044 
open 73.24 2 14 6040 
open 74.35 2 14 6052 
open 75.02 1 7 3017 
open 74.29 1 7 3020 
open 74.72 1 7 3019 
open 73.30 1 7 3079 
open 73.31 1 7 3018 
open 73.60 1 7 3018 
open 73.15 2 14 5972 
open 73.75 1 7 3024 
open 74.25 1 7 3024 
open 74.78 2 14 6036 
open 74.13 1 7 3024 
open 73.98 1 7 4335 
open 72.77 1 6 3010 
open 72.33 1 7 3017 
open 72.12 1 7 3020 
open 73.72 1 7 3029 
open 74.05 1 7 3022 
open 74.32 2 13 6023 
open 75.17 1 7 3012 
open 75.65 2 11 6021 
open 76.14 1 6 3018 
open 76.83 1 7 3020 
open 77.59 1 7 3028 
open 75.97 1 7 2962 
open 76.16 1 7 3018 
open 77.24 4 25 12087 
open 77.97 1 7 3013 
open 77.68 3 19 9049 
open 76.62 2 14 6039 
open 76.63 1 7 3020 
open 76.89 1 7 3018 
open 76.27 1 7 3022 
open 76.92 2 14 6027 
open 75.72 3 20 9036 
open 76.51 1 7 3015 
open 77.83 1 7 3017 
open 77.62 1 7 3013 
open 77.27 1 7 3022 
open 75.46 1 7 3018 
open 75.27 1 7 3015 
open 76.52 1 7 3013 
open 76.49 2 14 6026 
open 76.78 1 7 3012 
open 77.08 1 7 3014 
open 76.65 3 21 9048 
open 76.91 2 11 6023 
open 77.48 1 7 3020 
open 78.20 1 7 3027 
open 77.95 2 14 6026 
open 79.22 1 7 3022 
open 79.72 2 13 6026 
open 80.49 1 7 3014 
open 81.17 1 7 3068 
open 80.88 2 14 6031 
open 80.84 2 14 6029 
open 81.60 2 13 6021 
open 82.35 1 6 3011 
open 84.34 2 13 6111 
open 85.10 1 7 3012 
open 83.07 2 12 6023 
open 79.59 3 20 9053 
open 80.15 1 7 3018 
open 78.99 1 7 3022 
open 79.50 1 7 3016 
open 80.78 1 7 3014 
open 79.95 2 12 6027 
open 79.38 1 7 3013 
open 77.92 1 7 3020 
open 77.15 1 7 3015 
open 76.67 1 7 3023 
open 75.90 2 13 6020 
open 71.23 1 7 3010 
open 72.17 1 7 3016 
open 73.92 1 7 3013 
open 72.32 1 6 3014 
open 72.78 1 7 3015 
open 69.21 1 7 3010 
open 69.06 1 6 3005 
open 71.59 1 7 3012 
open 71.49 1 7 3017 
open 71.46 1 7 3010 
open 70.89 1 7 3016 
open 69.29 1 7 3019 
open 69.83 1 7 3019 
open 71.33 1 7 3014 
open 73.01 1 7 3032 
open 72.26 1 7 3013 
open 71.27 1 7 3018 
open 72.88 1 7 3034 
open 74.06 1 7 3027 
open 76.08 1 7 3030 
open 75.76 1 6 3022 
open 76.82 1 7 3013 
open 77.21 1 7 3021 
open 77.14 1 7 3024 
open 78.10 1 7 3021 
open 78.89 4 25 12055 
open 78.07 2 13 6111 
open 78.74 1 7 3016 
open 78.52 2 12 6028 
open 77.73 2 14 6029 
open 78.23 1 6 3016 
open 78.86 1 7 3017 
open 79.04 1 7 3015 
open 81.43 1 7 3017 
open 82.23 1 7 4403 
open 83.30 1 7 4390 
open 84.47 1 7 3015 
open 82.19 2 14 6055 
open 83.57 1 7 3025 
open 84.88 1 7 3015 
open 83.36 1 7 3015 
open 82.95 1 7 3019 
open 83.70 2 13 6026 
open 85.33 1 7 3021 
open 78.60 2 14 6044 
open 81.33 1 6 3010 
open 83.43 2 13 5974 
open 82.99 1 7 3016 
open 85.64 1 7 3026 
open 86.91 1 7 3019 
open 88.56 1 7 3023 
open 88.35 1 7 3014 
open 88.63 1 7 3018 
open 88.02 1 7 3017 
open 88.50 1 7 3014 
open 88.60 1 7 3021 
open 88.83 1 7 3020 
open 91.17 1 7 3017 
open 91.80 1 7 3019 
open 93.61 1 7 3010 
open 94.07 1 6 3008 
open 95.85 1 7 3022 
open 95.59 1 7 3014 
open 96.68 1 7 3011 
open 96.52 1 5 3006 
open 91.18 1 5 3005 
open 92.16 1 7 3012 
open 82.10 1 4 3016 
open 81.75 1 5 3004 
open 81.61 2 11 6022 
open 79.21 1 6 3007 
open 81.12 1 7 3015 
open 85.31 1 6 3014 
open 85.89 1 6 3015 
open 87.74 1 7 3011 
open 89.36 1 7 3015 
open 87.38 1 6 3003 
open 86.32 1 6 3070 
open 89.14 1 6 3004 
open 86.49 1 6 3003 
open 84.61 1 7 3008 
open 81.62 1 7 3014 
open 84.94 1 7 3007 
open 85.62 2 10 6012 
open 88.22 1 6 3012 
open 85.40 1 7 4400 
open 87.65 1 7 5830 
open 84.91 1 7 3011 
open 85.15 1 6 3010 
open 82.64 1 4 3003 
open 81.38 1 7 3006 
open 83.09 1 7 3012 
open 84.73 1 6 3008 
open 86.30 1 5 3005 
open 86.75 1 6 3004 
open 83.42 1 5 3004 
open 81.83 1 4 3003 
open 79.66 1 5 2945 
open 80.65 1 7 3007 
open 81.14 1 6 3006 
open 80.68 1 5 3004 
open 82.11 1 6 3010 
open 81.27 2 13 6026 
open 81.30 1 5 3004 
open 79.40 1 6 3007 
open 80.08 1 7 3015 
open 82.21 2 13 6014 
open 80.97 1 6 3006 
open 80.74 2 11 6013 
open 81.81 2 14 6019 
open 80.47 1 7 3008 
open 80.85 2 11 6016 
open 81.07 1 6 3007 
open 80.38 1 7 3009 
open 79.36 1 7 3009 
open 76.70 1 6 3009 
open 78.27 2 14 6009 
open 76.90 1 7 3007 
open 74.12 1 6 3004 
open 70.35 1 4 3000 
open 68.85 1 6 3004 
open 72.37 1 7 3004 
open 71.31 1 4 3000 
open 59.74 1 4 3000 
open 59.50 1 5 3001 
open 57.63 1 5 3072 
open 56.51 1 4 3002 
open 58.38 1 5 3001 
open 52.64 1 6 3004 
open 51.93 1 4 3002 
open 52.52 1 4 3004 
open 49.80 1 6 3006 
open 50.39 1 4 3000 
open 51.74 1 6 3122 
open 51.94 1 7 4804 
open 52.79 1 6 4381 
open 54.72 1 6 3004 
open 48.08 1 6 3008 
open 47.67 1 7 3006 
open 47.38 1 6 3008 
open 45.35 1 5 3005 
open 47.51 1 6 3006 
open 47.78 1 5 3004 
open 49.55 1 7 3008 
open 50.01 1 6 3002 
open 49.82 1 7 3007 
open 52.35 1 7 3007 
open 55.48 1 7 2946 
open 55.85 1 6 3011 
open 57.60 1 5 3014 
open 57.54 1 5 3001 
open 54.57 1 4 3000 
open 54.94 1 7 3014 
open 57.77 1 7 3011 
open 56.43 1 6 3010 
open 57.45 1 6 3004 
open 58.70 1 6 3006 
open 60.99 1 5 3003 
open 62.10 1 7 3004 
open 60.41 1 6 3009 
open 61.20 1 6 3006 
open 61.88 1 4 3003 
open 57.99 1 7 3006 
open 61.06 1 6 3007 
open 61.56 3 20 9023 
open 63.76 1 5 3006 
open 64.49 1 6 3005 
open 63.35 2 12 6019 
open 64.19 1 6 3003 
open 62.05 2 14 6022 
open 64.22 1 5 3005 
open 64.68 1 7 3012 
open 65.68 2 12 6012 
open 65.00 2 14 6015 
open 65.25 1 7 3015 
open 66.38 1 5 3002 
open 68.80 1 7 3066 
open 65.48 1 7 3005 
open 65.73 1 5 3003 
open 66.46 2 13 6014 
open 66.51 1 6 3036 
open 63.90 1 6 3005 
open 63.32 3 19 9060 
open 63.55 1 7 3010 
open 64.59 1 6 3006 
open 64.43 3 20 10728 
open 66.78 1 6 4622 
open 68.05 1 6 3004 
open 67.47 2 13 6021 
open 65.87 1 6 3004 
open 63.56 1 6 3012 
open 63.43 1 7 3007 
open 62.33 2 14 6034 
open 63.98 1 7 3005 
open 62.46 1 6 3012 
open 61.40 1 7 3007 
open 63.51 2 13 6167 
open 64.46 1 7 3010 
open 64.65 1 7 2945 
open 65.89 1 7 3013 
open 66.73 1 7 3014 
open 66.00 1 7 3013 
open 67.94 1 5 3001 
open 66.58 1 6 3005 
open 62.37 1 6 3002 
open 60.03 1 6 3007 
open 62.67 1 7 3006 
open 61.50 1 7 3009 
open 63.75 2 13 6046 
open 64.05 1 7 3012 
open 60.56 1 7 3012 
open 61.63 1 6 3011 
open 63.66 2 13 6021 
open 61.77 1 7 3015 
open 63.16 1 7 3022 
open 62.93 1 7 3014 
open 60.62 1 7 3025 
open 60.92 1 7 3034 
open 59.36 1 6 3014 
open 60.04 1 7 3027 
open 60.59 1 7 3026 
open 62.30 1 7 3077 
open 61.78 1 7 3022 
open 61.62 1 7 3229 
open 62.34 1 7 3087 
open 61.94 1 7 3028 
open 60.94 1 7 3059 
open 60.95 1 7 3084 
open 63.74 1 6 3013 
open 64.11 1 7 3014 
open 64.04 2 14 6029 
open 62.98 1 7 3013 
open 62.76 1 7 3031 
open 61.92 1 7 3780 
open 62.59 1 7 3290 
open 63.01 2 13 6028 
open 62.81 1 7 3030 
open 63.41 1 7 3016 
open 63.06 1 7 3024 
open 61.42 1 7 3014 
open 60.72 1 7 3013 
open 60.91 1 4 3005 
open 56.50 1 7 3013 
open 60.06 1 6 2954 
open 66.28 2 10 6012 
open 65.93 2 14 6095 
open 65.58 1 7 3040 
open 65.91 1 6 3057 
open 63.89 1 7 3045 
open 65.39 1 7 3006 
open 65.15 1 6 3011 
open 65.42 2 14 6095 
open 66.64 1 7 3272 
open 66.93 1 6 3007 
open 66.95 1 7 3006 
open 67.58 1 6 3005 
open 66.72 1 5 3005 
open 63.91 1 6 3007 
open 63.78 1 7 3005 
open 65.40 1 7 3067 
open 62.75 1 7 3026 
open 61.16 1 7 3047 
open 59.25 1 6 3026 
open 58.75 1 7 3063 
open 61.36 1 7 3051 
open 60.87 1 7 3011 
open 60.88 1 7 3097 
open 61.35 1 7 3007 
open 60.52 1 7 3027 
open 58.88 1 7 3007 
open 57.13 1 6 3042 
open 60.42 1 7 3039 
open 60.57 1 6 3006 
open 58.47 1 6 3008 
open 60.02 1 7 3709 
open 59.80 1 7 3432 
open 60.34 1 7 3018 
open 61.23 1 7 3014 
open 63.39 2 14 6022 
open 64.16 1 6 3007 
open 65.20 1 7 3011 
open 67.81 1 7 3009 
open 66.13 1 7 3011 
open 67.69 1 7 3015 
open 67.70 1 5 2947 
open 67.75 1 7 3029 
open 67.11 1 7 3024 
open 66.30 1 6 3008 
open 66.20 1 7 3015 
open 64.61 1 5 3012 
open 62.40 1 7 3007 
open 61.43 1 6 3009 
open 59.76 1 5 3002 
open 59.40 1 6 3007 
open 61.07 1 5 3006 
open 61.61 1 7 3014 
open 63.57 1 7 3013 
open 63.15 1 7 3007 
open 64.17 1 6 3006 
open 63.26 1 7 3011 
open 62.99 1 6 3006 
open 61.73 1 7 3009 
open 63.71 1 7 3015 
open 63.03 1 7 3037 
open 62.28 1 7 3024 
open 63.87 1 6 3008 
open 64.03 1 7 3017 
open 64.39 1 7 3027 
open 64.90 1 7 3019 
open 65.52 1 7 3019 
open 65.47 1 7 3014 
open 64.91 1 7 3018 
open 67.20 1 6 3025 
open 67.57 1 7 3016 
open 68.31 1 7 3024 
open 70.10 1 7 3018 
open 70.11 1 7 4829 
open 69.99 1 7 3025 
open 72.73 1 6 3009 
open 73.80 1 6 3007 
open 74.43 2 12 6037 
open 74.48 1 7 3009 
open 76.11 1 4 3005 
open 78.42 1 6 3004 
open 78.81 1 6 3003 
open 78.28 1 7 3009 
open 76.21 1 7 3010 
open 78.39 1 6 3003 
open 79.29 1 6 3008 
open 78.96 1 6 2952 
open 82.82 1 6 3005 
open 84.26 1 7 3006 
open 82.72 1 6 3010 
open 83.63 1 4 3002 
open 84.23 1 5 3004 
open 83.06 1 4 3001 
open 81.84 1 3 2999 
open 78.85 1 3 2999 
open 76.24 1 5 3001 
open 75.86 2 8 6003 
open 76.01 1 6 3123 
open 78.29 2 13 6685 
open 78.71 2 13 6063 
open 77.67 1 5 3005 
open 76.75 1 6 3006 
open 78.73 2 11 6013 
open 76.79 2 14 6102 
open 76.30 1 6 3008 
open 81.18 1 7 3010 
open 82.16 1 7 3008 
open 81.13 1 7 3009 
open 80.94 1 5 3005 
open 83.25 1 7 3020 
open 81.95 1 6 3070 
open 81.34 1 6 3013 
open 82.59 1 7 3023 
open 82.69 1 7 3018 
open 83.20 1 5 3007 
open 83.86 1 6 3009 
open 84.54 1 7 3009 
open 85.86 1 7 5885 
open 85.38 1 7 4750 
open 86.38 2 13 6024 
open 86.60 1 5 3008 
open 87.09 1 7 3011 
open 86.78 1 5 3006 
open 83.93 1 6 3009 
open 85.25 1 7 3009 
open 84.58 1 7 3016 
open 85.02 1 7 3007 
open 86.07 1 7 3009 
open 87.47 1 7 3014 
open 87.31 1 7 3017 
open 87.70 1 6 2952 
open 89.00 1 6 3008 
open 88.88 1 7 3013 
open 88.11 1 7 3023 
open 88.20 1 6 3015 
open 88.03 1 7 3018 
open 88.07 1 7 3014 
open 88.18 1 7 3017 
open 86.94 2 14 6164 
open 86.48 1 7 3018 
open 87.75 1 7 3024 
open 88.85 1 7 3015 
open 88.86 1 7 3023 
open 89.22 1 7 3015 
open 89.60 1 7 3019 
open 88.55 2 14 6025 
open 87.34 1 7 3020 
open 87.24 1 7 3009 
open 86.51 1 7 3016 
open 86.83 1 7 3041 
open 86.80 1 7 3028 
open 87.23 1 7 3080 
open 87.59 1 7 3016 
open 87.76 1 7 7388 
open 85.56 1 7 8701 
open 84.76 1 5 3013 
open 85.36 1 4 3009 
open 84.46 1 5 3022 
open 84.95 1 5 3024 
open 88.45 1 6 3008 
open 90.88 1 5 3017 
open 92.64 1 7 3035 
open 92.55 1 7 3040 
open 92.83 1 7 3039 
open 91.97 1 7 3042 
open 91.45 1 7 3289 
open 93.05 1 7 5904 
open 93.41 1 7 4470 
open 92.77 1 7 3038 
open 90.48 1 7 3038 
open 89.21 1 7 3040 
open 86.01 1 7 4416 
open 86.37 1 7 3036 
open 88.68 1 6 3034 
open 89.54 1 7 3037 
open 89.94 1 6 3043 
open 90.78 1 7 3052 
open 88.74 1 7 3027 
open 89.88 1 6 3011 
open 90.70 1 6 2948 
open 89.03 1 7 3011 
open 90.74 1 7 3009 
open 90.40 1 7 3010 
open 91.66 1 6 3007 
open 90.61 1 6 3007 
open 89.45 1 6 3008 
open 89.74 1 7 3009 
open 89.78 1 6 3006 
open 88.84 1 7 3018 
open 86.63 1 7 3007 
open 85.42 1 6 3005 
open 85.29 1 5 3004 
open 82.65 1 7 3011 
open 81.05 2 13 6806 
open 81.51 2 13 6027 
open 82.47 1 4 3004 
open 81.31 1 5 3007 
open 82.06 1 7 3013 
open 81.66 1 5 3002 
open 77.49 1 4 3003 
open 76.66 1 5 3004 
open 75.60 1 6 3004 
open 76.46 1 6 3004 
open 75.36 1 6 3007 
open 76.56 1 6 3006 
open 79.28 2 14 6027 
open 80.52 1 6 3068 
open 80.91 1 6 3005 
open 80.14 1 6 3007 
open 80.54 1 5 3003 
open 79.97 1 6 3011 
open 80.69 1 5 3008 
open 83.13 1 7 3009 
open 82.03 1 7 4508 
open 82.37 1 5 4566 
open 78.55 1 4 3001 
open 76.53 2 12 6073 
open 75.24 1 5 3006 
open 76.28 1 4 3003 
open 75.80 1 4 3004 
open 74.52 2 11 6250 
open 75.20 1 7 3012 
open 75.41 1 6 2948 
open 77.56 1 5 3003 
open 74.90 1 5 3001 
open 75.51 1 6 3008 
open 76.57 1 6 3005 
open 73.61 1 7 3013 
open 73.79 1 7 3008 
open 74.41 1 7 3024 
open 73.86 1 7 3023 
open 74.61 1 6 3025 
open 76.09 1 7 3013 
open 74.87 1 4 3000 
open 73.16 1 5 3002 
open 72.06 1 4 3000 
open 75.54 1 4 3000 
open 74.31 1 6 3003 
open 72.38 1 6 3011 
open 73.67 1 6 3008 
open 72.65 1 4 3003 
open 73.49 2 12 6020 
open 75.77 1 6 3003 
open 74.47 1 6 3005 
open 73.69 1 6 3008 
open 73.28 1 6 3005 
open 74.09 1 7 3011 
open 74.73 1 6 3064 
open 75.28 1 6 3013 
open 77.11 1 4 3011 
open 78.82 1 6 3013 
open 81.02 1 4 3012 
open 83.27 1 5 3013 
open 81.04 1 5 3492 
open 81.69 1 5 3012 
open 81.37 1 4 3011 
open 81.64 1 5 3013 
open 82.60 1 5 3011 
open 82.40 1 5 3015 
open 82.39 1 7 3021 
open 81.45 1 7 3017 
open 81.24 1 7 3018 
open 79.02 1 7 3024 
open 78.11 1 5 3007 
open 77.07 1 6 3004 
open 76.10 1 7 3012 
open 77.60 1 7 3010 
open 78.03 1 7 3013 
open 77.00 1 6 3008 
open 78.58 1 7 3015 
open 78.40 1 7 3022 
open 78.95 1 6 3012 
open 79.26 1 7 3015 
open 80.57 1 7 3015 
open 82.05 1 7 3016 
open 82.42 1 7 3018 
open 82.12 2 13 6900 
open 82.33 1 7 3011 
open 83.58 1 5 3004 
open 80.45 1 7 3006 
open 79.46 1 7 3010 
open 78.59 2 14 6024 
open 80.09 1 5 3007 
open 82.58 1 7 3011 
open 81.26 1 7 3009 
open 80.70 1 7 3011 
open 79.78 1 7 3017 
open 78.18 1 7 3074 
open 77.58 1 7 3024 
open 76.95 1 7 3028 
open 79.01 1 7 3023 
open 79.49 1 7 4522 
open 79.83 1 7 4949 
open 79.76 1 7 3035 
open 80.18 1 7 3023 
open 80.87 1 7 3025 
open 80.12 1 6 3040 
open 80.37 1 7 3236 
open 79.10 1 7 3020 
open 78.75 1 6 3009 
open 78.72 1 7 3015 
open 76.81 1 6 3005 
open 77.18 1 7 3013 
open 77.70 1 7 3018 
open 76.50 1 6 2948 
open 76.97 1 7 3008 
open 78.14 1 6 3007 
open 78.68 1 7 3021 
open 77.31 1 7 4269 
open 76.13 2 14 6026 
open 76.07 2 13 6289 
open 77.46 1 6 3013 
open 77.39 1 7 3008 
open 74.99 1 6 3009 
open 74.67 1 7 3020 
open 75.57 2 13 6042 
open 75.81 1 7 3027 
open 75.83 1 7 3028 
open 74.39 1 7 3025 
open 72.56 1 7 3030 
open 74.03 1 6 3022 
open 74.96 1 7 3026 
open 73.45 1 7 3027 
open 72.94 1 7 3021 
open 75.04 1 7 3035 
open 74.53 1 7 3027 
open 72.51 1 7 3019 
open 73.59 1 7 3024 
open 73.06 1 7 3077 
open 73.63 1 6 3026 
open 77.04 1 7 3021 
open 77.22 1 7 3021 
open 78.04 1 6 3024 
open 74.92 1 7 3198 
open 72.41 2 14 6027 
open 73.39 1 7 3017 
open 73.90 1 7 3019 
open 74.36 1 7 3024 
open 75.14 2 14 5993 
open 74.51 1 7 3031 
open 75.40 1 7 3031 
open 75.98 1 7 3018 
open 75.92 1 7 3027 
open 76.31 1 7 3012 
open 75.61 1 7 3015 
open 75.07 1 7 3027 
open 75.32 1 7 3039 
open 73.89 1 7 3018 
open 73.83 1 7 3026 
open 71.76 1 7 3015 
open 71.54 1 7 3019 
open 71.36 1 7 3018 
open 71.75 1 7 3024 
open 71.34 1 7 3017 
open 70.83 1 7 3022 
open 71.94 2 14 6036 
open 72.62 1 7 3023 
hight 63.94 1 7 6483 
hight 64.47 2 14 9201 
hight 65.36 1 7 6212 
hight 65.38 1 7 6293 
hight 65.92 1 7 6089 
hight 66.86 1 7 6455 
hight 66.99 1 7 6315 
hight 66.79 1 7 6320 
hight 66.56 1 7 6681 
hight 66.55 2 14 9223 
hight 66.32 1 7 5555 
hight 66.90 1 7 5358 
hight 66.26 1 7 5427 
hight 65.89 1 7 5245 
hight 67.07 2 14 10933 
hight 67.41 1 7 6046 
hight 67.51 1 7 5545 
hight 67.95 1 7 5521 
hight 68.63 1 7 5297 
hight 68.56 1 7 5693 
hight 69.28 1 7 5140 
hight 69.16 1 7 5257 
hight 69.55 2 14 11117 
hight 71.18 1 7 5366 
hight 71.12 1 7 5284 
hight 70.02 1 7 5134 
hight 69.42 1 7 4999 
hight 70.88 1 7 5053 
hight 70.49 1 7 4750 
hight 70.23 2 14 12614 
hight 70.56 1 7 5080 
hight 69.52 1 7 4837 
hight 67.69 1 7 5268 
hight 68.53 1 7 4973 
hight 69.12 2 14 8117 
hight 67.89 1 7 4542 
hight 67.03 1 7 4490 
hight 66.74 1 7 4974 
hight 65.95 1 7 4918 
hight 66.24 1 7 4692 
hight 67.08 1 7 4882 
hight 68.08 1 7 4770 
hight 68.29 1 7 4874 
hight 69.86 1 7 4571 
hight 70.31 1 7 4961 
hight 70.64 1 7 4993 
hight 70.32 1 7 4874 
hight 70.17 1 7 4989 
hight 69.95 1 7 5385 
hight 71.60 1 7 4512 
hight 73.35 1 7 3072 
hight 72.26 1 7 3061 
hight 72.18 1 7 3049 
hight 72.21 1 7 3072 
hight 73.96 1 7 3060 
hight 75.08 1 7 3090 
hight 75.49 1 7 3050 
hight 75.83 1 7 3053 
hight 76.16 1 7 3065 
hight 73.38 1 7 3047 
hight 71.11 1 7 3037 
hight 69.74 1 7 2992 
hight 69.78 1 7 3056 
hight 70.47 1 7 3057 
hight 70.03 1 7 3042 
hight 69.31 1 7 3047 
hight 69.70 1 7 3061 
hight 69.82 1 7 3055 
hight 69.51 1 7 3040 
hight 69.58 1 7 3048 
hight 70.59 1 7 3022 
hight 69.66 1 7 3017 
hight 69.99 1 7 3021 
hight 69.47 1 7 3017 
hight 71.49 1 7 3021 
hight 72.06 1 7 3026 
hight 71.86 1 7 3013 
hight 70.57 1 7 3018 
hight 71.96 1 7 3013 
hight 72.73 1 7 3018 
hight 73.80 1 7 3021 
hight 73.65 1 7 3019 
hight 72.08 1 7 3015 
hight 71.78 1 7 3014 
hight 72.75 2 14 6034 
hight 73.37 1 7 3021 
hight 74.69 3 20 9033 
hight 75.27 2 14 6055 
hight 75.32 1 7 3017 
hight 75.30 1 7 3020 
hight 75.04 1 7 3019 
hight 73.46 1 7 3079 
hight 73.50 1 7 3018 
hight 74.01 1 7 3020 
hight 73.97 2 14 6041 
hight 74.62 1 7 3024 
hight 75.06 1 7 3024 
hight 75.02 2 13 6048 
hight 74.74 1 7 3024 
hight 74.31 1 7 4335 
hight 73.53 2 13 6024 
hight 72.50 1 7 3017 
hight 74.10 1 7 3020 
hight 74.14 1 7 3029 
hight 74.47 1 7 3022 
hight 75.52 1 7 3017 
hight 76.78 1 7 3012 
hight 76.19 1 7 3017 
hight 77.55 1 6 3018 
hight 77.64 2 12 6026 
hight 78.03 1 7 3028 
hight 76.58 1 7 2962 
hight 77.47 2 14 6033 
hight 78.01 1 7 3022 
hight 78.34 1 7 3013 
hight 78.16 2 14 6059 
hight 77.33 1 7 3031 
hight 77.42 4 27 12067 
hight 77.10 3 21 9141 
hight 76.94 1 7 3022 
hight 77.24 1 7 3013 
hight 76.60 1 7 3021 
hight 77.93 1 7 3015 
hight 78.33 1 7 3017 
hight 77.67 3 17 9028 
hight 76.18 1 7 3018 
hight 76.61 1 7 3015 
hight 76.81 2 11 6013 
hight 76.88 1 7 3019 
hight 77.84 1 7 3012 
hight 77.78 2 14 6027 
hight 77.28 1 7 3014 
hight 77.03 1 7 3015 
hight 78.40 1 7 3020 
hight 78.46 2 14 6040 
hight 78.11 1 7 3012 
hight 79.85 2 14 6024 
hight 79.83 1 7 3022 
hight 80.73 1 7 3013 
hight 81.45 2 12 6019 
hight 81.74 1 7 3068 
hight 81.20 1 7 3013 
hight 81.71 2 13 6027 
hight 82.49 1 6 3008 
hight 84.38 1 6 3011 
hight 87.07 1 6 3013 
hight 85.49 1 7 3012 
hight 83.27 1 6 3012 
hight 80.30 1 7 3019 
hight 80.67 1 7 3018 
hight 80.19 1 6 3013 
hight 80.34 1 7 3019 
hight 79.65 1 7 3022 
hight 81.02 2 12 6025 
hight 81.97 1 7 3014 
hight 80.94 2 14 6031 
hight 79.61 1 7 3013 
hight 78.00 3 21 9055 
hight 77.95 1 7 3015 
hight 76.73 1 7 3023 
hight 75.91 1 7 3007 
hight 73.69 1 7 2949 
hight 73.00 1 7 3010 
hight 73.94 1 7 3016 
hight 74.70 1 7 3013 
hight 74.67 1 6 3006 
hight 73.13 1 6 3014 
hight 73.06 1 7 3015 
hight 70.22 1 7 3010 
hight 71.75 1 6 3005 
hight 72.07 1 7 3012 
hight 71.52 1 7 3017 
hight 72.36 2 14 6033 
hight 71.69 1 7 3019 
hight 71.01 1 7 3016 
hight 70.27 1 7 3019 
hight 71.39 1 7 3019 
hight 73.33 1 7 3032 
hight 72.33 1 7 3013 
hight 72.90 1 7 3018 
hight 74.49 1 7 3034 
hight 74.65 1 7 3021 
hight 76.24 2 13 6052 
hight 77.02 1 6 3022 
hight 78.63 1 7 3013 
hight 78.21 1 7 3021 
hight 78.28 1 7 3024 
hight 79.10 2 14 6043 
hight 79.08 1 7 3015 
hight 79.49 2 14 6048 
hight 78.95 2 13 6093 
hight 79.23 1 7 3016 
hight 78.62 1 7 3024 
hight 79.21 1 7 3019 
hight 79.11 2 12 6023 
hight 79.70 1 7 3017 
hight 81.44 1 7 3015 
hight 82.65 1 7 3017 
hight 83.62 1 7 4403 
hight 84.69 1 7 4390 
hight 84.47 2 12 6019 
hight 84.13 1 7 3029 
hight 85.43 2 12 6047 
hight 85.13 1 7 3015 
hight 83.43 1 7 3015 
hight 83.98 1 7 3019 
hight 85.44 1 7 3020 
hight 85.81 1 7 3021 
hight 83.37 1 6 3011 
hight 82.23 2 10 6014 
hight 83.59 1 6 3010 
hight 85.11 1 7 2963 
hight 85.71 1 7 3016 
hight 87.12 1 7 3026 
hight 89.02 3 21 9060 
hight 88.87 1 7 3023 
hight 88.90 1 7 3014 
hight 88.82 1 7 3018 
hight 88.85 1 7 3014 
hight 88.86 2 13 6036 
hight 91.75 1 7 3020 
hight 92.97 1 7 3017 
hight 94.36 1 7 3019 
hight 95.19 1 7 3010 
hight 95.98 1 6 3008 
hight 96.95 1 7 3022 
hight 96.86 1 7 3014 
hight 97.76 1 7 3011 
hight 96.76 1 5 3006 
hight 92.19 1 5 3005 
hight 92.21 1 7 3012 
hight 82.28 1 4 3016 
hight 84.85 1 5 3004 
hight 82.72 1 7 3015 
hight 85.51 1 7 3015 
hight 86.21 1 6 3014 
hight 89.93 1 7 3011 
hight 91.19 1 7 3015 
hight 87.98 1 6 3003 
hight 89.28 1 6 3070 
hight 90.04 1 6 3004 
hight 88.06 1 6 3003 
hight 85.25 1 7 3008 
hight 85.58 2 14 6030 
hight 85.91 1 7 3007 
hight 89.07 1 7 3013 
hight 88.32 1 6 3012 
hight 87.79 1 7 4400 
hight 88.23 1 7 5830 
hight 85.41 2 13 6017 
hight 86.20 1 6 3010 
hight 83.42 1 4 3003 
hight 84.68 1 7 3006 
hight 85.15 1 7 3012 
hight 86.41 1 6 3008 
hight 88.09 1 5 3005 
hight 86.93 1 6 3004 
hight 83.45 1 5 3004 
hight 82.92 1 4 3003 
hight 81.28 2 12 5980 
hight 82.09 1 7 3007 
hight 81.62 2 13 6014 
hight 82.89 1 5 3004 
hight 82.45 1 6 3010 
hight 83.01 1 7 3011 
hight 81.43 1 5 3004 
hight 80.89 1 6 3007 
hight 82.51 1 7 3015 
hight 82.71 1 7 3007 
hight 81.61 2 13 6015 
hight 81.90 1 4 3004 
hight 82.39 1 7 3009 
hight 81.82 1 7 3013 
hight 81.35 1 5 3007 
hight 81.59 1 6 3007 
hight 80.42 1 7 3009 
hight 79.45 1 7 3009 
hight 79.01 2 12 5958 
hight 78.41 1 7 3005 
hight 77.35 2 13 6012 
hight 74.56 2 13 6022 
hight 72.09 1 4 3000 
hight 74.13 1 6 3004 
hight 73.40 1 7 3004 
hight 71.43 1 4 3000 
hight 65.26 2 10 6009 
hight 63.74 1 5 3001 
hight 59.03 1 5 3072 
hight 61.51 1 4 3002 
hight 60.01 1 5 3001 
hight 56.28 1 6 3004 
hight 53.74 1 4 3002 
hight 52.95 1 4 3004 
hight 51.19 1 6 3006 
hight 52.06 1 4 3000 
hight 53.99 1 6 3122 
hight 53.40 1 7 4804 
hight 56.27 1 6 4381 
hight 54.72 1 6 3004 
hight 50.44 1 6 3008 
hight 48.52 1 7 3006 
hight 47.48 1 6 3008 
hight 49.86 1 5 3005 
hight 48.57 1 6 3006 
hight 50.34 1 5 3004 
hight 50.45 1 7 3008 
hight 50.12 1 6 3002 
hight 52.59 1 7 3007 
hight 56.26 1 7 3007 
hight 57.10 1 7 2946 
hight 60.30 2 13 6022 
hight 59.42 1 5 3014 
hight 57.58 1 5 3001 
hight 56.24 1 4 3000 
hight 57.93 1 7 3014 
hight 58.41 1 6 3010 
hight 59.47 1 6 3004 
hight 63.27 2 13 6037 
hight 62.63 1 5 3003 
hight 63.34 1 7 3004 
hight 62.29 1 6 3009 
hight 62.94 1 6 3006 
hight 61.92 1 4 3003 
hight 61.41 2 14 6033 
hight 62.20 1 6 3007 
hight 63.06 1 6 3004 
hight 64.40 1 7 3006 
hight 65.88 1 5 3006 
hight 65.51 2 13 6019 
hight 65.17 1 5 3007 
hight 64.58 1 6 3003 
hight 64.61 1 7 3013 
hight 65.00 2 12 6015 
hight 66.33 1 7 3012 
hight 65.85 1 7 3007 
hight 65.65 2 13 6017 
hight 69.43 1 5 3002 
hight 69.67 1 7 3066 
hight 67.34 1 7 3005 
hight 67.02 1 5 3003 
hight 66.82 1 6 3004 
hight 66.64 1 6 3036 
hight 63.90 1 6 3005 
hight 64.84 1 6 3008 
hight 64.71 1 6 3006 
hight 66.81 2 13 7632 
hight 68.21 2 12 7627 
hight 68.62 1 6 3004 
hight 68.34 2 14 6039 
hight 66.25 1 6 3004 
hight 64.63 3 20 9040 
hight 63.55 1 7 3007 
hight 64.30 2 14 6017 
hight 64.44 1 7 3005 
hight 62.65 1 6 3012 
hight 64.27 2 14 6024 
hight 64.90 1 6 3003 
hight 64.80 1 7 3010 
hight 66.45 1 7 2945 
hight 66.85 1 6 3006 
hight 66.96 1 7 3013 
hight 66.83 1 7 3014 
hight 68.25 2 14 6023 
hight 69.32 1 6 3011 
hight 68.32 2 12 6017 
hight 67.24 2 13 6023 
hight 63.07 1 6 3002 
hight 62.85 1 6 3007 
hight 63.91 1 7 3006 
hight 64.37 1 7 3009 
hight 64.18 1 7 3012 
hight 61.78 2 14 6037 
hight 64.24 1 6 3011 
hight 63.98 1 6 3008 
hight 63.66 1 7 3022 
hight 63.03 1 7 3014 
hight 61.40 2 14 6081 
hight 61.24 1 6 3014 
hight 62.93 1 7 3026 
hight 62.92 1 7 3077 
hight 62.10 1 7 3022 
hight 62.52 1 7 3229 
hight 62.55 1 7 3087 
hight 62.24 1 7 3028 
hight 61.30 1 7 3059 
hight 63.95 1 7 3084 
hight 64.79 1 6 3013 
hight 64.70 1 7 3014 
hight 65.35 1 7 3016 
hight 63.73 1 7 3164 
hight 63.44 3 21 9314 
hight 62.59 1 7 3024 
hight 62.70 1 7 3780 
hight 63.48 1 7 3017 
hight 63.97 1 7 3040 
hight 63.53 1 7 3030 
hight 64.20 1 7 3016 
hight 63.87 1 6 3011 
hight 63.77 1 7 3013 
hight 63.68 1 7 3024 
hight 61.80 1 7 3014 
hight 61.38 1 7 3013 
hight 61.11 1 4 3005 
hight 60.34 1 7 3013 
hight 63.32 1 6 2954 
hight 66.67 1 6 3012 
hight 66.61 1 3 3002 
hight 66.51 1 7 3092 
hight 66.34 1 7 3040 
hight 66.08 1 6 3057 
hight 64.51 1 7 3045 
hight 65.61 1 6 3005 
hight 67.37 1 7 3006 
hight 66.35 1 7 3003 
hight 66.48 1 5 3005 
hight 65.67 1 6 3011 
hight 66.75 1 7 3008 
hight 67.29 1 7 3272 
hight 67.80 2 13 6013 
hight 68.83 1 6 3003 
hight 68.03 1 5 3005 
hight 64.48 1 7 3009 
hight 64.14 1 6 3007 
hight 65.64 1 7 3005 
hight 65.70 1 7 3067 
hight 64.81 1 7 3099 
hight 64.04 1 7 3026 
hight 60.16 1 6 3026 
hight 61.83 1 7 3063 
hight 62.41 1 7 3051 
hight 61.59 1 7 3011 
hight 64.53 1 7 3097 
hight 62.34 1 7 3007 
hight 61.06 2 14 6066 
hight 59.13 1 7 3007 
hight 60.71 1 6 3042 
hight 60.77 1 6 3006 
hight 60.37 1 6 3008 
hight 60.58 1 7 3709 
hight 60.66 1 7 3432 
hight 61.27 1 7 3018 
hight 62.04 1 7 3014 
hight 63.60 1 7 3013 
hight 63.76 1 7 3009 
hight 64.66 1 7 3013 
hight 66.07 1 6 3007 
hight 67.27 1 7 3011 
hight 68.20 1 7 3009 
hight 68.28 1 7 3011 
hight 69.07 1 7 3015 
hight 68.51 1 5 2947 
hight 67.44 2 14 6034 
hight 66.41 1 7 3015 
hight 64.74 1 5 3012 
hight 63.09 1 7 3007 
hight 61.63 1 6 3009 
hight 60.73 1 5 3002 
hight 61.12 1 6 3007 
hight 62.09 1 5 3006 
hight 63.59 1 7 3014 
hight 64.05 1 7 3013 
hight 64.35 1 6 3006 
hight 63.24 1 6 3006 
hight 63.62 1 7 3009 
hight 63.96 1 7 3013 
hight 64.67 1 7 3015 
hight 63.11 1 7 3037 
hight 64.07 1 7 3024 
hight 65.16 1 7 3006 
hight 65.09 1 7 3017 
hight 65.08 1 7 3027 
hight 64.95 1 7 3037 
hight 65.47 1 7 3019 
hight 66.13 1 7 3087 
hight 66.73 1 7 3019 
hight 68.04 1 6 3025 
hight 70.28 1 7 3024 
hight 71.26 1 7 3018 
hight 70.43 1 7 4829 
hight 73.10 1 7 3025 
hight 73.89 1 6 3009 
hight 75.48 2 13 6042 
hight 75.76 1 5 3003 
hight 76.33 2 14 6022 
hight 79.36 2 8 6008 
hight 78.99 1 6 3004 
hight 79.59 1 6 3003 
hight 78.98 2 13 6017 
hight 79.42 1 6 3003 
hight 79.56 1 6 3008 
hight 85.73 2 14 6013 
hight 86.36 1 3 2999 
hight 84.45 1 6 3005 
hight 84.89 1 7 3006 
hight 84.83 1 6 3010 
hight 84.77 1 4 3002 
hight 83.24 1 4 3001 
hight 79.05 2 7 6010 
hight 77.61 1 5 3001 
hight 76.72 1 3 2999 
hight 78.20 1 6 3123 
hight 79.69 1 5 3002 
hight 78.87 1 7 3730 
hight 80.04 1 6 3019 
hight 80.39 1 5 3005 
hight 78.67 1 5 3005 
hight 78.91 1 6 3006 
hight 79.84 1 4 3004 
hight 77.62 1 7 3009 
hight 81.23 1 7 3044 
hight 82.24 1 7 3010 
hight 83.64 1 7 3008 
hight 82.13 2 12 6017 
hight 83.29 1 6 3009 
hight 83.93 1 7 3020 
hight 82.33 1 6 3070 
hight 82.99 3 19 9043 
hight 84.03 1 7 3026 
hight 83.80 1 7 3018 
hight 84.79 1 5 3007 
hight 85.70 1 6 3009 
hight 86.05 1 7 3009 
hight 85.90 1 7 5885 
hight 86.67 1 7 4750 
hight 87.19 1 6 3007 
hight 87.39 1 5 3008 
hight 87.33 1 7 3011 
hight 86.90 2 12 6022 
hight 84.10 1 6 3009 
hight 85.75 1 6 3011 
hight 86.31 1 7 3007 
hight 87.91 1 7 3009 
hight 88.29 1 7 3014 
hight 88.26 1 7 3017 
hight 89.89 1 6 2952 
hight 89.19 2 13 6021 
hight 88.44 1 7 3023 
hight 88.47 1 6 3015 
hight 89.25 1 7 3018 
hight 88.49 1 7 3014 
hight 88.63 1 7 3017 
hight 87.40 1 7 3028 
hight 86.71 1 7 3017 
hight 87.94 1 7 3018 
hight 89.15 1 7 3015 
hight 89.36 1 7 3023 
hight 89.68 1 7 3015 
hight 89.66 1 7 3019 
hight 88.60 1 7 3013 
hight 87.54 1 7 3020 
hight 87.56 1 7 3009 
hight 87.23 1 7 3041 
hight 87.48 1 7 3028 
hight 87.55 1 7 3136 
hight 88.02 1 7 3080 
hight 87.93 1 7 3016 
hight 88.89 1 7 7388 
hight 85.86 1 7 8701 
hight 85.94 1 5 3013 
hight 85.78 1 4 3009 
hight 86.14 1 7 3098 
hight 89.23 1 5 3024 
hight 91.12 1 6 3008 
hight 93.19 1 5 3017 
hight 93.65 1 7 3035 
hight 93.43 1 7 3040 
hight 93.95 1 7 3039 
hight 93.28 1 7 3042 
hight 93.30 1 7 3289 
hight 94.02 1 7 5904 
hight 93.50 1 7 4470 
hight 93.73 1 7 3038 
hight 91.88 1 7 3038 
hight 89.30 1 7 3040 
hight 87.66 1 7 4416 
hight 88.93 1 7 3036 
hight 90.07 1 6 3034 
hight 89.97 1 7 3037 
hight 91.06 1 6 3043 
hight 90.92 1 7 3052 
hight 90.47 1 7 3027 
hight 91.86 1 6 3011 
hight 90.79 1 6 2948 
hight 91.05 1 7 3011 
hight 91.49 1 7 3009 
hight 92.37 1 7 3010 
hight 92.02 1 6 3007 
hight 91.20 1 6 3007 
hight 90.01 1 6 3008 
hight 90.05 1 7 3009 
hight 89.92 1 7 3012 
hight 89.88 1 6 3006 
hight 89.16 1 7 3018 
hight 86.75 1 7 3007 
hight 85.52 1 6 3005 
hight 85.64 1 5 3004 
hight 82.86 2 14 7519 
hight 82.48 2 12 6024 
hight 83.25 1 6 3007 
hight 82.56 2 11 6025 
hight 82.60 2 12 6018 
hight 82.46 1 7 3013 
hight 82.03 1 5 3002 
hight 78.82 1 4 3003 
hight 77.73 2 12 6022 
hight 76.83 1 6 3004 
hight 77.50 1 6 3004 
hight 77.18 1 6 3007 
hight 79.77 1 6 3006 
hight 80.95 1 7 3005 
hight 81.85 1 7 3009 
hight 82.66 1 6 3068 
hight 81.92 1 6 3005 
hight 81.03 1 6 3007 
hight 80.74 1 5 3003 
hight 81.14 1 6 3011 
hight 83.34 1 7 3010 
hight 83.12 2 11 6025 
hight 83.13 1 7 3009 
hight 82.63 1 5 4566 
hight 79.12 1 4 3001 
hight 76.85 1 5 3003 
hight 79.15 2 12 6032 
hight 76.49 2 8 6004 
hight 76.08 1 4 3004 
hight 76.56 1 4 3002 
hight 77.77 1 6 3003 
hight 76.98 1 7 3012 
hight 76.44 1 5 3004 
hight 78.10 1 6 2948 
hight 78.18 1 5 3003 
hight 75.72 1 5 3001 
hight 77.08 1 6 3008 
hight 77.25 1 4 3000 
hight 74.55 2 14 6034 
hight 74.79 1 7 3024 
hight 75.38 1 7 3023 
hight 75.35 1 5 3002 
hight 77.69 1 4 3000 
hight 74.24 1 5 3002 
hight 75.00 1 7 3248 
hight 74.96 1 6 3003 
hight 74.29 2 13 6088 
hight 73.85 1 6 3008 
hight 73.56 1 4 3003 
hight 75.09 1 6 3003 
hight 76.03 1 5 3005 
hight 75.95 1 6 3003 
hight 74.95 1 6 3005 
hight 73.92 1 6 3008 
hight 74.63 1 7 3011 
hight 75.03 1 6 3017 
hight 75.21 1 7 3010 
hight 75.45 1 6 3064 
hight 77.88 1 6 3013 
hight 81.05 1 6 3013 
hight 81.50 2 11 6037 
hight 83.41 1 7 3018 
hight 83.70 1 5 3013 
hight 81.49 1 7 3799 
hight 81.98 1 5 3492 
hight 81.75 1 5 3012 
hight 81.88 1 4 3011 
hight 82.82 1 5 3013 
hight 83.76 1 5 3011 
hight 82.55 1 5 3015 
hight 81.70 1 7 3017 
hight 81.46 1 7 3018 
hight 80.02 1 7 3024 
hight 79.71 1 6 3015 
hight 78.48 1 6 2955 
hight 78.37 1 5 3007 
hight 76.67 1 7 3012 
hight 77.63 1 7 3008 
hight 77.99 1 7 3011 
hight 79.33 1 7 3010 
hight 78.70 1 6 3008 
hight 78.93 1 7 3015 
hight 79.96 1 6 3012 
hight 81.07 1 7 3015 
hight 82.08 1 7 3015 
hight 82.80 1 7 3016 
hight 83.21 1 7 3889 
hight 83.65 1 7 3011 
hight 83.87 1 5 3004 
hight 82.22 1 6 3011 
hight 80.54 1 7 3006 
hight 79.87 1 7 3009 
hight 79.58 2 14 6031 
hight 80.35 1 7 3007 
hight 82.70 1 5 3007 
hight 80.77 1 7 3011 
hight 80.91 1 7 3017 
hight 80.92 1 7 3018 
hight 78.94 1 7 3074 
hight 79.37 1 7 3029 
hight 79.40 1 7 3022 
hight 77.59 2 14 6032 
hight 77.31 1 7 3070 
hight 77.70 2 14 6049 
hight 80.13 1 7 4522 
hight 80.27 1 7 4949 
hight 81.18 1 7 3023 
hight 80.86 1 6 3040 
hight 80.99 1 7 3236 
hight 79.25 1 7 3020 
hight 79.27 1 6 3009 
hight 78.81 1 7 3015 
hight 78.58 1 7 3013 
hight 77.16 1 6 2948 
hight 78.13 1 7 3008 
hight 78.73 1 7 3017 
hight 77.38 1 7 4269 
hight 76.34 1 7 3011 
hight 76.25 1 6 3084 
hight 77.65 1 6 3013 
hight 77.85 1 6 3013 
hight 76.12 1 7 3012 
hight 75.23 1 6 3009 
hight 76.10 1 7 3020 
hight 76.82 1 6 3022 
hight 76.68 1 7 3022 
hight 76.27 1 7 3027 
hight 75.86 1 7 3028 
hight 74.40 1 7 3025 
hight 74.09 1 7 3030 
hight 74.98 1 7 3026 
hight 73.63 1 7 3027 
hight 75.50 1 7 3034 
hight 74.53 1 7 3027 
hight 74.08 1 7 3019 
hight 74.36 1 7 3024 
hight 77.14 1 6 3026 
hight 78.83 1 6 3027 
hight 78.26 1 6 3024 
hight 76.29 2 14 6236 
hight 74.94 1 7 3198 
hight 73.78 1 7 3013 
hight 74.42 1 7 3017 
hight 74.58 1 7 3019 
hight 75.89 1 7 3028 
hight 75.78 2 14 6046 
hight 76.52 1 7 3018 
hight 76.46 1 7 3027 
hight 76.47 1 7 3020 
hight 76.63 1 7 3012 
hight 76.74 1 7 3007 
hight 75.93 2 14 5992 
hight 75.33 1 7 3039 
hight 74.06 1 7 3026 
hight 72.13 1 7 3015 
hight 71.82 1 7 3019 
hight 71.99 1 7 3018 
hight 72.22 1 7 3024 
hight 71.40 1 7 3017 
hight 72.03 1 7 3022 
hight 72.89 1 7 3015 
hight 72.88 1 7 3021 
hight 73.21 1 7 3023 
hight 72.53 1 7 3024 
low 62.08 2 14 9514 
low 63.23 1 7 6189 
low 63.84 1 7 6212 
low 63.95 2 14 9310 
low 64.68 1 7 6089 
low 65.51 1 7 6455 
low 65.19 1 7 6315 
low 65.60 1 7 6320 
low 65.58 2 14 12226 
low 64.05 1 7 6208 
low 63.87 1 7 5555 
low 65.49 1 7 5358 
low 65.22 1 7 5427 
low 64.27 1 7 5245 
low 65.20 2 14 10015 
low 66.09 1 7 6046 
low 66.27 1 7 5408 
low 65.85 1 7 5521 
low 66.13 1 7 5297 
low 67.73 1 7 5693 
low 67.76 1 7 5140 
low 67.24 1 7 5257 
low 67.83 1 7 5797 
low 68.50 1 7 5320 
low 68.84 2 14 8370 
low 68.69 1 7 5284 
low 67.71 1 7 5134 
low 67.46 1 7 4999 
low 69.18 1 7 5053 
low 69.30 1 7 4750 
low 68.75 2 13 7821 
low 69.07 1 7 5080 
low 66.63 1 7 4837 
low 65.46 1 7 5268 
low 65.54 1 7 4973 
low 67.18 2 13 8096 
low 65.94 1 7 4542 
low 65.33 2 13 7980 
low 64.41 1 7 4918 
low 64.89 1 7 4692 
low 65.93 1 7 4882 
low 66.10 1 7 4770 
low 67.04 1 7 4874 
low 67.97 1 7 4571 
low 69.35 1 7 4961 
low 69.58 1 7 4993 
low 69.12 1 7 4874 
low 69.17 1 7 4989 
low 68.66 1 7 5385 
low 69.19 1 7 7797 
low 69.88 1 7 4512 
low 71.04 1 7 3072 
low 69.91 1 7 3061 
low 70.85 2 14 6068 
low 70.24 2 14 6089 
low 71.74 1 7 3060 
low 73.40 1 7 3090 
low 73.54 1 7 3050 
low 72.91 1 7 3053 
low 72.59 1 7 3065 
low 69.93 1 7 3047 
low 68.99 1 7 3037 
low 67.80 1 7 2992 
low 68.03 1 7 3056 
low 68.30 1 7 3057 
low 67.64 2 14 6082 
low 67.66 1 7 3047 
low 67.99 1 7 3061 
low 68.34 1 7 3055 
low 68.11 1 7 3048 
low 68.20 1 7 3022 
low 67.44 1 7 3017 
low 68.21 2 14 6045 
low 67.53 1 7 3026 
low 67.60 1 7 3017 
low 68.63 1 7 3021 
low 70.71 1 7 3026 
low 69.96 1 7 3013 
low 69.41 1 7 3018 
low 70.26 2 14 6027 
low 71.44 1 7 3018 
low 72.26 2 14 6100 
low 70.74 1 7 3019 
low 71.09 2 14 6027 
low 71.15 1 7 3020 
low 71.75 2 14 6036 
low 73.23 1 7 3020 
low 73.98 1 7 3031 
low 73.72 2 13 6039 
low 74.00 1 7 3020 
low 72.95 2 13 6024 
low 72.66 2 12 6020 
low 72.93 1 7 3020 
low 72.84 1 7 3018 
low 73.07 1 7 3023 
low 73.26 1 7 3024 
low 73.74 2 14 6045 
low 73.80 3 21 9063 
low 72.68 1 7 4335 
low 71.56 2 12 6016 
low 70.79 1 7 3017 
low 71.97 1 7 3020 
low 73.34 2 14 6051 
low 74.22 1 7 3017 
low 75.12 3 20 9046 
low 75.58 1 7 3017 
low 76.01 1 6 3018 
low 76.46 1 7 3020 
low 75.67 2 14 6033 
low 75.51 1 7 2962 
low 75.75 2 11 6028 
low 77.17 2 14 6752 
low 76.69 1 7 3013 
low 76.06 3 20 9056 
low 76.08 3 18 9056 
low 76.42 1 7 3020 
low 75.33 1 7 3018 
low 76.09 1 7 3022 
low 75.64 1 7 3013 
low 75.28 1 7 3021 
low 76.30 2 14 6023 
low 77.49 2 14 6039 
low 76.63 2 14 6025 
low 75.31 1 7 3022 
low 75.11 2 13 6022 
low 75.24 1 7 3015 
low 75.39 1 7 3013 
low 76.22 1 7 3019 
low 76.76 1 7 3014 
low 76.23 1 7 3014 
low 76.35 1 7 3015 
low 76.86 1 7 3013 
low 77.25 1 7 3020 
low 77.64 3 21 9066 
low 76.73 1 7 3012 
low 77.76 1 7 3014 
low 78.71 1 7 3022 
low 79.07 1 7 3013 
low 80.44 3 20 9883 
low 80.74 1 7 3068 
low 79.46 3 19 10965 
low 80.53 1 7 3020 
low 81.27 1 6 3008 
low 82.24 1 6 3011 
low 84.26 1 6 3013 
low 82.46 1 7 3012 
low 79.39 1 6 3012 
low 77.97 1 7 3019 
low 79.17 1 7 3018 
low 78.61 1 6 3013 
low 78.90 1 7 3019 
low 78.62 1 7 3016 
low 79.66 2 13 6025 
low 78.75 1 7 3022 
low 77.89 2 14 6022 
low 76.16 3 20 9036 
low 76.17 1 7 3015 
low 74.86 3 18 9031 
low 72.35 2 14 6084 
low 70.52 1 7 2949 
low 70.69 1 7 3010 
low 71.70 1 7 3016 
low 73.00 1 7 3013 
low 71.88 1 6 3014 
low 68.79 1 7 3015 
low 67.81 1 7 3010 
low 68.72 1 6 3005 
low 70.29 1 7 3017 
low 71.03 1 7 3010 
low 68.93 1 7 3016 
low 68.90 1 7 3019 
low 69.33 1 7 3019 
low 70.95 1 7 3014 
low 72.18 1 7 3032 
low 70.32 1 7 3013 
low 70.97 1 7 3018 
low 72.55 1 7 3034 
low 73.79 1 7 3027 
low 74.59 1 7 3030 
low 74.02 2 13 6227 
low 76.71 2 14 7282 
low 76.37 1 7 3021 
low 76.59 1 7 3024 
low 77.75 2 13 5973 
low 78.20 1 7 3015 
low 77.94 2 12 5970 
low 77.40 1 7 3084 
low 78.40 1 7 3016 
low 77.42 1 7 3024 
low 77.38 1 6 3016 
low 78.34 1 7 3017 
low 78.83 1 7 3015 
low 80.67 1 7 3017 
low 81.99 1 7 4403 
low 83.17 2 13 7401 
low 80.99 2 13 6025 
low 82.12 1 7 3029 
low 83.45 1 7 3025 
low 82.74 1 7 3015 
low 81.50 1 7 3015 
low 82.44 1 7 3019 
low 82.57 1 7 3020 
low 82.07 1 7 3021 
low 77.43 1 6 3011 
low 78.13 1 7 3015 
low 80.89 2 13 6018 
low 82.56 1 7 2963 
low 82.94 2 13 6022 
low 85.32 1 7 3026 
low 86.38 1 7 3019 
low 86.70 1 7 3023 
low 87.89 1 7 3014 
low 87.85 1 7 3018 
low 86.88 1 7 3017 
low 87.74 2 13 6022 
low 87.55 1 7 3021 
low 88.53 1 7 3020 
low 90.53 1 7 3017 
low 91.73 1 7 3019 
low 92.64 1 7 3010 
low 93.67 1 6 3008 
low 93.38 1 7 3022 
low 95.07 1 7 3014 
low 95.95 1 7 3011 
low 88.62 1 5 3006 
low 88.59 1 5 3005 
low 81.98 1 7 3012 
low 74.27 2 11 6044 
low 78.28 2 12 6026 
low 78.82 1 7 3015 
low 76.95 3 19 9021 
low 80.41 1 7 3015 
low 83.53 1 6 3014 
low 85.88 1 6 3015 
low 87.45 1 7 3011 
low 86.14 1 7 3015 
low 83.64 1 6 3003 
low 85.72 1 6 3070 
low 86.07 1 6 3004 
low 81.25 1 6 3003 
low 80.75 3 17 9032 
low 80.30 1 7 3014 
low 83.18 2 13 6016 
low 85.03 1 7 3013 
low 84.80 1 6 3012 
low 85.26 1 7 4400 
low 84.29 1 7 5830 
low 82.95 1 7 3011 
low 78.17 1 4 3003 
low 80.98 1 7 3006 
low 82.29 1 7 3012 
low 84.57 1 6 3008 
low 85.61 1 5 3005 
low 81.67 1 6 3004 
low 79.91 1 5 3004 
low 76.75 2 11 6016 
low 77.53 1 5 3009 
low 79.81 2 14 6017 
low 79.11 1 6 3006 
low 80.03 1 5 3004 
low 79.95 2 11 6018 
low 80.50 2 10 6010 
low 78.51 1 5 3004 
low 79.15 1 6 3007 
low 79.79 1 7 3015 
low 80.90 1 7 3007 
low 80.22 1 6 3006 
low 80.62 2 11 6013 
low 81.40 2 13 6018 
low 79.73 1 7 3013 
low 79.90 1 7 3008 
low 80.14 1 5 3007 
low 80.10 2 13 6030 
low 78.94 2 14 6027 
low 73.96 1 6 3006 
low 73.22 1 7 3007 
low 69.90 2 13 6022 
low 67.22 2 11 6016 
low 57.28 1 4 3000 
low 58.07 1 4 3000 
low 56.78 1 5 3001 
low 49.24 1 5 3072 
low 55.58 1 4 3002 
low 52.45 1 5 3001 
low 51.69 1 6 3004 
low 48.65 1 4 3002 
low 48.66 1 4 3004 
low 47.75 1 6 3006 
low 48.13 1 4 3000 
low 50.98 1 6 3122 
low 51.83 1 7 4804 
low 52.38 1 6 4381 
low 47.81 1 6 3004 
low 45.05 1 6 3008 
low 45.59 1 7 3006 
low 44.20 1 6 3008 
low 45.13 1 5 3005 
low 46.45 1 6 3006 
low 46.92 1 5 3004 
low 47.70 1 7 3008 
low 48.34 1 6 3002 
low 48.60 1 7 3007 
low 51.49 1 7 3007 
low 53.67 1 7 2946 
low 55.47 1 6 3011 
low 56.49 1 5 3014 
low 53.62 1 5 3001 
low 52.87 1 4 3000 
low 54.69 1 7 3014 
low 56.17 1 7 3011 
low 55.18 1 6 3010 
low 56.88 1 6 3004 
low 58.68 1 6 3006 
low 60.19 1 5 3003 
low 59.80 3 21 9731 
low 59.41 1 6 3009 
low 61.00 1 6 3006 
low 56.87 1 4 3003 
low 56.89 1 7 3006 
low 59.87 2 13 6013 
low 61.40 1 6 3004 
low 61.47 1 7 3006 
low 62.85 2 11 6018 
low 62.48 1 6 3005 
low 62.75 1 5 3007 
low 61.67 1 6 3003 
low 61.83 1 7 3013 
low 62.99 1 5 3005 
low 64.48 1 7 3012 
low 63.44 2 14 6012 
low 63.03 2 14 6023 
low 65.14 1 7 3015 
low 66.33 1 5 3002 
low 65.24 1 7 3066 
low 63.77 1 7 3005 
low 64.58 1 5 3003 
low 65.88 1 6 3004 
low 63.59 1 6 3036 
low 59.84 1 6 3005 
low 61.99 1 6 3008 
low 63.39 1 7 3010 
low 62.94 1 6 3006 
low 64.33 1 7 4624 
low 66.72 1 6 4622 
low 66.92 2 12 6015 
low 65.39 1 7 3010 
low 62.71 1 6 3004 
low 60.44 1 7 3007 
low 61.91 1 7 3010 
low 61.80 1 7 3005 
low 60.86 1 6 3012 
low 60.58 1 7 3007 
low 62.91 1 6 3003 
low 62.97 1 7 3010 
low 64.45 1 7 2945 
low 65.06 1 7 3013 
low 64.75 1 7 3014 
low 65.62 1 7 3013 
low 61.87 1 5 3001 
low 60.66 1 6 3005 
low 58.63 1 6 3002 
low 59.57 1 6 3007 
low 61.12 1 7 3009 
low 63.29 1 6 3009 
low 60.43 2 14 6026 
low 59.53 1 7 3012 
low 61.63 1 6 3011 
low 60.87 1 6 3008 
low 61.34 1 7 3015 
low 62.01 2 14 6031 
low 60.52 1 7 3014 
low 59.83 1 7 3025 
low 58.47 1 7 3034 
low 58.39 1 6 3014 
low 59.64 1 7 3027 
low 60.20 1 7 3026 
low 61.64 1 7 3077 
low 61.21 1 7 3022 
low 61.03 1 7 3229 
low 60.93 1 7 3087 
low 60.45 1 7 3028 
low 60.40 1 7 3059 
low 60.64 1 7 3084 
low 63.09 1 6 3013 
low 62.86 1 7 3016 
low 61.84 1 7 3164 
low 62.46 1 7 3013 
low 61.71 1 7 3024 
low 61.69 1 7 3780 
low 62.39 1 7 3290 
low 62.66 1 7 3017 
low 62.70 1 7 3040 
low 62.42 1 7 3030 
low 62.90 1 7 3016 
low 62.63 1 6 3011 
low 62.83 1 7 3013 
low 61.22 2 14 6031 
low 60.30 1 7 3013 
low 54.88 1 4 3005 
low 56.29 1 7 3013 
low 60.04 1 6 2954 
low 62.62 2 13 6025 
low 64.72 1 3 3002 
low 64.42 1 7 3092 
low 65.07 1 7 3040 
low 63.37 1 6 3057 
low 62.50 1 7 3045 
low 64.02 1 6 3005 
low 65.28 1 7 3006 
low 64.71 1 7 3003 
low 64.99 1 5 3005 
low 64.29 1 6 3011 
low 64.50 1 7 3008 
low 66.38 1 7 3272 
low 64.10 1 6 3007 
low 66.12 1 7 3006 
low 66.06 2 13 6014 
low 61.35 1 5 3005 
low 62.47 1 6 3007 
low 63.45 1 7 3067 
low 62.28 2 14 6110 
low 61.16 1 7 3026 
low 58.22 1 7 3047 
low 57.30 1 6 3026 
low 58.48 1 7 3063 
low 60.27 1 7 3051 
low 60.06 1 7 3011 
low 60.79 1 7 3097 
low 60.51 2 14 6021 
low 58.69 1 7 3027 
low 57.07 1 7 3007 
low 56.99 1 6 3042 
low 59.93 1 7 3039 
low 58.42 1 6 3006 
low 58.20 1 6 3008 
low 59.52 1 7 3432 
low 61.38 1 7 3013 
low 62.26 1 7 3009 
low 63.17 1 7 3013 
low 64.06 1 6 3007 
low 64.63 1 7 3011 
low 66.26 1 7 3010 
low 65.26 1 7 3009 
low 67.50 1 7 3015 
low 66.50 1 5 2947 
low 66.55 1 7 3029 
low 65.55 2 13 6032 
low 65.50 1 7 3010 
low 64.40 1 7 3015 
low 62.13 1 5 3012 
low 59.14 1 6 3009 
low 59.35 1 5 3002 
low 57.94 1 6 3007 
low 60.26 1 5 3006 
low 61.48 1 7 3014 
low 62.38 1 7 3013 
low 62.21 1 7 3007 
low 62.84 1 6 3006 
low 60.96 1 6 3006 
low 61.59 1 7 3009 
low 63.10 1 7 3012 
low 63.21 1 7 3013 
low 63.64 1 7 3015 
low 62.88 1 7 3017 
low 62.00 1 7 3037 
low 62.23 1 7 3024 
low 63.62 2 13 6045 
low 63.50 1 7 3006 
low 63.66 1 7 3027 
low 64.53 1 7 3019 
low 64.95 1 7 3087 
low 65.35 1 7 3019 
low 64.23 1 7 3014 
low 64.82 1 7 3018 
low 66.96 1 6 3025 
low 69.10 1 7 4829 
low 69.98 1 7 3025 
low 72.10 1 6 3009 
low 73.45 1 6 3007 
low 73.88 1 5 3003 
low 74.35 1 7 3009 
low 75.71 2 10 6013 
low 77.98 1 6 3003 
low 75.07 3 17 9017 
low 77.54 1 7 3010 
low 77.71 1 6 3003 
low 77.99 2 12 6023 
low 78.00 1 7 3004 
low 82.20 1 6 3005 
low 82.32 1 7 3006 
low 82.21 1 6 3010 
low 83.25 1 4 3002 
low 82.70 1 5 3004 
low 81.10 1 4 3001 
low 78.48 1 3 2999 
low 74.42 1 5 3001 
low 75.01 1 3 2999 
low 75.87 1 6 3123 
low 77.35 1 5 3002 
low 78.43 1 6 3019 
low 77.52 1 5 3005 
low 76.32 2 12 6042 
low 76.50 1 6 3006 
low 76.53 1 4 3004 
low 78.33 2 14 6065 
low 80.58 1 7 3010 
low 79.84 1 7 3009 
low 80.00 1 5 3005 
low 80.37 1 6 3009 
low 81.31 1 7 3020 
low 81.20 1 7 3023 
low 82.06 2 12 6037 
low 82.11 1 7 3018 
low 82.76 1 5 3007 
low 84.39 1 7 3009 
low 84.85 1 7 5885 
low 85.30 2 14 7757 
low 85.35 1 6 3007 
low 85.91 1 5 3008 
low 85.51 1 7 3011 
low 83.43 1 5 3006 
low 84.52 1 7 3009 
low 83.98 1 7 3016 
low 84.50 2 13 6012 
low 86.00 1 7 3009 
low 86.31 1 7 3014 
low 87.09 1 7 3017 
low 87.47 1 6 2952 
low 88.03 1 6 3008 
low 87.49 1 7 3013 
low 87.61 1 7 3023 
low 87.22 1 6 3015 
low 87.86 1 7 3018 
low 87.48 1 7 3014 
low 86.35 1 7 3017 
low 86.16 1 7 3028 
low 85.83 1 7 3017 
low 86.37 1 7 3018 
low 87.75 1 7 3024 
low 88.24 1 7 3015 
low 88.48 1 7 3023 
low 88.98 1 7 3015 
low 88.33 1 7 3019 
low 87.32 1 7 3013 
low 86.67 1 7 3020 
low 86.27 1 7 3009 
low 85.71 1 7 3016 
low 86.33 1 7 3041 
low 86.49 1 7 3028 
low 86.66 1 7 3136 
low 87.13 1 7 3080 
low 87.14 1 7 3016 
low 85.56 1 7 7388 
low 84.66 1 7 8701 
low 84.37 1 5 3013 
low 83.57 1 4 3009 
low 83.36 1 5 3022 
low 83.93 1 7 3098 
low 84.63 1 5 3024 
low 87.95 1 6 3008 
low 90.64 1 5 3017 
low 91.80 1 7 3035 
low 92.36 1 7 3040 
low 90.67 1 7 3039 
low 89.94 1 7 3042 
low 91.17 1 7 3289 
low 92.93 1 7 5904 
low 91.60 1 7 4470 
low 89.81 1 7 3038 
low 88.94 1 7 3038 
low 85.89 1 7 3040 
low 84.04 1 7 4416 
low 86.09 1 7 3036 
low 87.29 1 6 3034 
low 88.65 1 7 3037 
low 89.74 1 6 3043 
low 87.28 1 7 3052 
low 88.19 1 7 3027 
low 89.08 1 6 3011 
low 88.73 1 6 2948 
low 88.81 1 7 3011 
low 89.00 1 7 3009 
low 90.36 1 7 3010 
low 90.20 1 6 3007 
low 89.38 1 6 3007 
low 88.27 1 7 3009 
low 88.37 1 7 3012 
low 87.92 1 6 3006 
low 86.05 1 7 3018 
low 82.52 1 5 3004 
low 80.64 2 13 6026 
low 80.76 1 6 3007 
low 80.45 1 6 3009 
low 81.19 1 6 3007 
low 81.05 1 4 3004 
low 81.02 1 5 3007 
low 81.07 1 7 3013 
low 75.45 1 4 3003 
low 74.43 2 12 6038 
low 74.95 1 6 3007 
low 78.88 1 7 3005 
low 80.24 2 13 6077 
low 79.89 1 6 3005 
low 79.93 1 6 3007 
low 80.91 1 4 3007 
low 81.13 1 7 3009 
low 81.92 1 7 4508 
low 78.45 1 5 4566 
low 73.65 1 5 3003 
low 74.75 2 12 6021 
low 76.00 1 4 3003 
low 75.17 1 5 3004 
low 73.21 1 4 3004 
low 73.57 2 10 6030 
low 73.94 1 4 3002 
low 74.41 1 7 3012 
low 75.26 1 6 2948 
low 74.53 2 11 6087 
low 72.86 1 5 3001 
low 74.29 1 6 3008 
low 75.52 2 12 5953 
low 73.33 1 4 3000 
low 72.51 1 7 3013 
low 73.36 1 7 3008 
low 73.25 1 7 3024 
low 73.42 1 7 3023 
low 73.75 1 6 3025 
low 72.28 1 5 3002 
low 69.24 1 4 3000 
low 71.22 1 5 3002 
low 71.71 1 4 3000 
low 74.18 1 4 3000 
low 73.20 1 7 3248 
low 72.19 1 6 3003 
low 72.33 2 13 6030 
low 72.20 1 6 3008 
low 72.34 2 11 6028 
low 73.24 1 6 3003 
low 74.70 1 5 3005 
low 74.03 1 6 3003 
low 73.43 1 6 3005 
low 72.63 1 6 3008 
low 72.71 1 7 3011 
low 72.99 1 6 3017 
low 73.99 1 7 3010 
low 74.45 2 13 6099 
low 73.68 1 6 3013 
low 76.93 1 4 3011 
low 78.54 1 6 3013 
low 80.13 1 4 3012 
low 81.42 1 7 3018 
low 80.96 1 5 3013 
low 80.66 1 5 3492 
low 80.69 1 5 3012 
low 81.38 2 12 6029 
low 81.16 1 5 3015 
low 80.82 1 7 3021 
low 80.49 1 7 3017 
low 78.87 1 7 3024 
low 77.44 1 6 2955 
low 76.92 2 12 6035 
low 75.66 1 6 3004 
low 75.84 1 7 3012 
low 76.11 1 7 3011 
low 76.24 1 6 3008 
low 77.96 1 7 3015 
low 78.81 1 6 3012 
low 78.95 1 7 3015 
low 80.39 1 7 3015 
low 81.90 1 7 3018 
low 81.66 1 7 3889 
low 82.19 1 7 3011 
low 81.87 1 5 3004 
low 80.21 1 6 3011 
low 79.05 1 7 3009 
low 78.55 1 7 3006 
low 78.26 2 14 6019 
low 78.16 1 7 3007 
low 79.31 1 5 3007 
low 80.47 1 7 3011 
low 79.24 1 7 3011 
low 79.64 1 7 3017 
low 77.92 1 7 3018 
low 77.32 1 7 3074 
low 78.47 1 7 3029 
low 77.50 1 7 3022 
low 76.25 1 7 3070 
low 76.56 1 7 3028 
low 78.37 1 7 3023 
low 79.23 1 7 4522 
low 79.72 1 7 3035 
low 80.11 1 7 3025 
low 79.13 1 6 3040 
low 78.79 1 7 3236 
low 78.31 1 6 3009 
low 76.81 1 7 3015 
low 75.91 1 6 3005 
low 76.85 1 7 3013 
low 75.97 1 7 3018 
low 76.14 1 7 3008 
low 77.59 1 6 3007 
low 77.09 1 7 3017 
low 75.88 1 7 3093 
low 75.57 1 7 3011 
low 75.54 1 7 3015 
low 75.63 1 6 3013 
low 76.55 1 6 3013 
low 75.46 1 7 3008 
low 74.71 1 7 3012 
low 74.07 1 6 3009 
low 74.52 1 7 3020 
low 75.53 1 6 3022 
low 75.25 1 7 3022 
low 75.15 1 7 3027 
low 72.42 1 7 3030 
low 72.81 1 7 3026 
low 72.23 1 7 3027 
low 72.89 1 7 3021 
low 72.32 1 7 3027 
low 73.03 1 7 3024 
low 76.19 1 7 3021 
low 76.41 1 7 3021 
low 77.55 1 6 3027 
low 76.94 1 6 3024 
low 72.41 1 7 3198 
low 69.68 1 7 3013 
low 73.05 1 7 3017 
low 73.19 1 7 3019 
low 73.95 1 7 3024 
low 74.40 1 7 3028 
low 73.81 1 7 3031 
low 74.82 1 7 3018 
low 75.48 1 7 3027 
low 75.00 1 7 3020 
low 75.94 1 7 3012 
low 74.88 1 7 3007 
low 74.73 1 7 2965 
low 74.87 1 7 3027 
low 73.69 1 7 3039 
low 73.59 1 7 3018 
low 71.83 1 7 3026 
low 71.52 1 7 3014 
low 71.48 1 7 3015 
low 71.07 1 7 3019 
low 70.66 1 7 3018 
low 71.17 1 7 3024 
low 70.42 1 7 3022 
low 71.57 1 7 3023 
low 71.81 1 7 3021 
low 72.29 1 7 3023 
low 71.25 1 7 3024 
close 63.49 2 13 9494 
close 63.92 2 14 9198 
close 63.95 1 7 6212 
close 65.04 1 7 6293 
close 65.85 1 7 6089 
close 66.49 1 7 6455 
close 65.72 1 7 6315 
close 66.20 2 13 9328 
close 66.35 1 7 6681 
close 64.09 1 7 6208 
close 66.06 1 7 5555 
close 65.64 1 7 5358 
close 65.61 1 7 5427 
close 65.63 1 7 5245 
close 66.56 1 7 5525 
close 66.55 1 7 6046 
close 66.75 1 7 5408 
close 66.16 1 7 5545 
close 66.83 1 7 5521 
close 68.33 1 7 5297 
close 68.23 1 7 5693 
close 69.12 1 7 5140 
close 67.86 1 7 5257 
close 68.95 1 7 5797 
close 69.00 2 14 10454 
close 70.24 1 7 5366 
close 69.23 1 7 5284 
close 69.17 1 7 4999 
close 70.05 1 7 5053 
close 69.58 2 14 7798 
close 70.19 1 7 4817 
close 69.47 1 7 5080 
close 66.64 1 7 4837 
close 65.78 1 7 5268 
close 68.05 1 7 4973 
close 67.77 1 7 5091 
close 66.59 2 12 7543 
close 66.73 1 7 4490 
close 65.51 2 14 8061 
close 65.02 1 7 4918 
close 66.11 1 7 4692 
close 66.10 1 7 4882 
close 67.65 1 7 4770 
close 68.04 2 13 9496 
close 69.46 1 7 4571 
close 69.98 1 7 4961 
close 69.86 1 7 4993 
close 70.15 1 7 4874 
close 69.32 1 7 4989 
close 69.40 1 7 5385 
close 70.23 1 7 7797 
close 71.21 1 7 4512 
close 72.25 1 7 3072 
close 71.71 1 7 3061 
close 71.46 1 7 3049 
close 71.83 1 7 3072 
close 73.76 1 7 3060 
close 74.62 1 7 3090 
close 74.84 1 7 3050 
close 73.47 1 7 3053 
close 73.07 1 7 3065 
close 70.31 1 7 3047 
close 69.20 2 14 6054 
close 69.62 1 7 2992 
close 69.36 1 7 3056 
close 68.93 1 7 3057 
close 67.98 1 7 3042 
close 68.54 1 7 3047 
close 69.24 1 7 3061 
close 69.13 1 7 3055 
close 68.44 1 7 3040 
close 68.40 1 7 3022 
close 68.56 1 7 3017 
close 69.11 1 7 3021 
close 67.60 1 7 3026 
close 71.26 2 14 6045 
close 71.24 1 7 3026 
close 70.20 1 7 3013 
close 70.30 1 7 3018 
close 71.67 1 7 3013 
close 72.46 1 7 3018 
close 72.63 3 20 9050 
close 71.41 1 7 3019 
close 71.58 3 20 9030 
close 71.42 1 7 3014 
close 72.28 1 7 3020 
close 73.24 2 14 6039 
close 74.35 1 7 3020 
close 75.03 1 7 3031 
close 74.30 2 14 6265 
close 74.72 1 7 3020 
close 73.31 1 7 3019 
close 73.30 1 7 3079 
close 73.61 2 11 6020 
close 73.14 2 11 6018 
close 73.74 1 7 3023 
close 74.26 1 7 3024 
close 74.78 2 13 6041 
close 74.13 2 14 6033 
close 73.98 1 7 3024 
close 72.77 1 7 4335 
close 72.32 2 12 6016 
close 72.12 1 7 3017 
close 73.73 1 7 3020 
close 74.05 2 14 6050 
close 74.32 2 14 6035 
close 75.17 1 7 3017 
close 75.66 2 11 6016 
close 76.13 1 7 3017 
close 76.83 1 6 3018 
close 77.59 1 7 3020 
close 75.96 1 7 3028 
close 76.17 1 7 2962 
close 77.25 2 14 6039 
close 77.96 1 7 3022 
close 77.68 1 7 3013 
close 76.62 1 7 3022 
close 76.63 1 7 3031 
close 76.88 2 13 6033 
close 76.28 1 7 3018 
close 76.93 2 14 6036 
close 75.72 2 11 6015 
close 76.51 2 14 6036 
close 77.82 1 7 3015 
close 77.61 2 14 6028 
close 77.27 1 7 3013 
close 75.47 1 7 3022 
close 75.28 1 7 3018 
close 76.49 1 7 3013 
close 76.78 2 14 7288 
close 77.09 1 7 3012 
close 76.65 2 13 6036 
close 76.91 1 7 3015 
close 77.47 2 13 6026 
close 78.21 1 7 3020 
close 77.95 1 7 3027 
close 77.94 1 7 3012 
close 79.21 1 7 3014 
close 79.73 1 7 3022 
close 80.48 2 14 6026 
close 81.16 1 7 3014 
close 80.87 1 7 3068 
close 80.84 3 19 9026 
close 81.60 1 7 3020 
close 82.35 2 13 7516 
close 84.33 1 6 3011 
close 85.09 1 6 3013 
close 83.07 2 14 6033 
close 79.59 1 6 3012 
close 80.15 1 7 3019 
close 79.72 1 7 3018 
close 79.60 1 6 3013 
close 78.99 1 7 3019 
close 79.50 1 7 3022 
close 80.78 1 7 3016 
close 79.94 1 7 3014 
close 79.39 1 7 3022 
close 77.92 1 7 3013 
close 77.14 2 14 6041 
close 76.66 1 7 3015 
close 75.90 1 7 3023 
close 73.16 1 7 3007 
close 71.23 1 7 2949 
close 72.16 1 7 3010 
close 73.93 1 7 3016 
close 72.79 1 6 3014 
close 69.22 1 7 3015 
close 69.06 1 7 3010 
close 71.49 1 7 3012 
close 71.47 1 7 3017 
close 70.88 1 7 3019 
close 69.29 1 7 3016 
close 69.84 1 7 3019 
close 71.32 2 14 6023 
close 73.01 1 7 3014 
close 72.26 2 14 6047 
close 71.28 1 7 3013 
close 72.87 1 7 3018 
close 74.36 1 7 3034 
close 76.07 4 27 12092 
close 75.76 1 7 3030 
close 76.81 2 13 6037 
close 77.20 1 7 3013 
close 78.10 1 7 3024 
close 78.89 3 18 9039 
close 78.07 2 13 6052 
close 78.73 2 13 6093 
close 78.53 1 7 3016 
close 77.73 2 14 6034 
close 78.23 1 7 3019 
close 78.85 1 6 3016 
close 79.05 1 7 3017 
close 81.43 2 14 6036 
close 82.22 1 7 3017 
close 83.29 1 7 4403 
close 84.47 1 7 4390 
close 82.18 1 7 3015 
close 83.57 1 7 3029 
close 84.88 1 7 3025 
close 83.35 1 7 3015 
close 82.94 1 7 3015 
close 83.71 2 14 6031 
close 85.33 1 7 3020 
close 78.59 3 19 9040 
close 81.34 1 7 3015 
close 83.44 1 6 3010 
close 82.99 1 7 2963 
close 85.63 1 7 3016 
close 86.89 1 7 3026 
close 88.56 1 7 3019 
close 88.34 1 7 3023 
close 88.63 1 7 3014 
close 88.01 1 7 3018 
close 88.50 1 7 3017 
close 88.60 1 7 3014 
close 88.84 1 7 3021 
close 91.18 1 7 3020 
close 91.79 1 7 3017 
close 93.62 1 7 3019 
close 94.06 1 7 3010 
close 95.86 1 6 3008 
close 95.58 1 7 3022 
close 96.68 1 7 3014 
close 96.51 1 7 3011 
close 91.17 1 5 3006 
close 92.17 1 5 3005 
close 82.11 3 17 9020 
close 81.74 1 4 3016 
close 81.62 1 5 3004 
close 79.22 1 7 3015 
close 81.12 1 6 3007 
close 85.31 1 7 3015 
close 85.88 1 6 3014 
close 87.74 2 13 6031 
close 89.35 1 7 3011 
close 87.39 1 7 3015 
close 86.33 1 6 3003 
close 89.14 1 6 3070 
close 86.48 1 6 3004 
close 84.62 1 6 3003 
close 81.63 2 11 6019 
close 84.93 1 7 3014 
close 85.61 2 14 6011 
close 88.23 1 7 3013 
close 85.40 1 6 3012 
close 87.65 1 7 4400 
close 84.92 1 7 5830 
close 85.14 1 7 3011 
close 82.65 3 16 9027 
close 81.39 1 4 3003 
close 83.08 1 7 3006 
close 84.74 1 6 3006 
close 86.29 1 6 3008 
close 86.76 1 5 3005 
close 83.43 1 6 3004 
close 81.85 2 9 6005 
close 79.65 1 5 3009 
close 80.66 1 5 2945 
close 81.14 1 7 3007 
close 80.67 1 6 3006 
close 81.27 1 6 3010 
close 81.31 2 12 6026 
close 79.41 1 5 3004 
close 80.08 1 6 3007 
close 82.20 3 20 9047 
close 80.96 1 7 3007 
close 80.75 1 6 3006 
close 81.81 1 4 3004 
close 81.59 2 14 6019 
close 81.06 1 5 3007 
close 80.37 1 6 3007 
close 79.36 1 7 3009 
close 78.90 1 7 3009 
close 76.71 1 6 3006 
close 78.27 1 6 3009 
close 76.90 1 7 3005 
close 70.34 1 6 3004 
close 68.86 1 4 3000 
close 72.37 1 6 3004 
close 59.73 1 4 3000 
close 59.50 1 4 3000 
close 57.69 1 5 3001 
close 56.50 1 5 3072 
close 58.37 1 4 3002 
close 52.63 1 5 3001 
close 51.92 1 6 3004 
close 52.53 1 4 3002 
close 49.80 1 4 3004 
close 50.38 1 6 3006 
close 51.74 1 4 3000 
close 51.94 1 6 3122 
close 52.69 1 7 4804 
close 54.73 1 6 4381 
close 48.09 1 6 3004 
close 47.66 1 6 3008 
close 47.40 1 7 3006 
close 45.36 1 6 3008 
close 47.50 1 5 3005 
close 47.78 1 6 3006 
close 49.56 1 5 3004 
close 50.00 1 7 3008 
close 49.83 1 6 3002 
close 52.35 1 7 3007 
close 55.48 1 7 3007 
close 55.86 1 7 2946 
close 57.59 1 6 3011 
close 57.53 1 5 3014 
close 54.56 1 5 3001 
close 54.95 1 4 3000 
close 57.76 1 7 3014 
close 56.44 1 7 3011 
close 57.44 1 6 3010 
close 58.69 1 6 3004 
close 60.98 1 6 3006 
close 62.11 1 5 3003 
close 60.41 1 7 3004 
close 61.19 1 6 3009 
close 61.89 1 6 3006 
close 58.00 1 4 3003 
close 61.05 1 7 3006 
close 61.57 2 13 6021 
close 61.55 1 6 3004 
close 63.75 1 7 3006 
close 64.49 1 5 3006 
close 63.36 1 6 3005 
close 64.18 1 5 3007 
close 62.04 1 6 3003 
close 64.21 1 7 3013 
close 64.68 1 5 3005 
close 65.69 2 14 6015 
close 64.99 1 7 3007 
close 65.26 1 7 3009 
close 66.38 1 7 3015 
close 68.80 1 5 3002 
close 65.47 2 14 6085 
close 65.74 1 7 3005 
close 66.45 1 5 3003 
close 66.51 1 6 3004 
close 63.89 1 6 3036 
close 63.31 2 12 5959 
close 63.56 2 13 6022 
close 64.59 1 7 3010 
close 64.44 2 13 6073 
close 66.77 1 7 4624 
close 67.48 2 13 6017 
close 65.87 1 7 3010 
close 63.57 1 6 3004 
close 63.42 1 6 3012 
close 62.33 3 21 9267 
close 63.98 1 7 3010 
close 62.45 1 7 3005 
close 61.41 1 6 3012 
close 63.51 2 14 6023 
close 64.46 1 6 3003 
close 64.66 1 7 3010 
close 66.12 1 7 2945 
close 65.90 1 6 3006 
close 66.72 2 13 6016 
close 66.00 1 7 3014 
close 67.93 1 6 3011 
close 62.38 1 6 3005 
close 60.02 1 6 3002 
close 62.68 1 6 3007 
close 61.51 1 7 3006 
close 63.74 2 14 6036 
close 64.04 1 6 3009 
close 60.56 2 14 6051 
close 61.63 1 7 3012 
close 63.67 1 6 3011 
close 61.76 1 6 3008 
close 63.16 2 14 6028 
close 62.92 1 7 3022 
close 60.61 1 7 3014 
close 60.92 1 7 3025 
close 59.35 1 7 3034 
close 60.05 1 6 3014 
close 60.60 1 7 3027 
close 62.29 1 7 3026 
close 61.77 1 7 3077 
close 61.62 2 12 6028 
close 61.93 1 7 3087 
close 60.94 2 14 6087 
close 63.73 1 7 3084 
close 64.12 1 6 3013 
close 64.03 2 14 6020 
close 62.97 1 7 3164 
close 62.75 1 7 3013 
close 61.91 1 7 3024 
close 62.58 1 7 3780 
close 63.01 2 14 6306 
close 63.33 1 7 3017 
close 62.80 1 7 3040 
close 63.41 1 7 3030 
close 63.06 1 7 3013 
close 61.43 1 7 3024 
close 60.71 1 7 3014 
close 60.91 1 7 3013 
close 56.49 1 4 3005 
close 60.06 1 7 3013 
close 66.28 1 6 3012 
close 65.93 1 3 3002 
close 65.57 1 7 3092 
close 65.91 1 7 3040 
close 63.90 1 6 3057 
close 64.05 1 7 3045 
close 64.43 1 7 3013 
close 65.39 2 13 6010 
close 65.94 1 7 3006 
close 65.16 1 5 3005 
close 65.41 1 6 3011 
close 66.65 1 7 3008 
close 66.93 1 7 3272 
close 66.96 1 6 3007 
close 67.57 1 7 3006 
close 67.88 1 6 3005 
close 62.06 1 5 3005 
close 63.79 1 6 3007 
close 62.74 1 7 3099 
close 61.17 1 7 3026 
close 59.25 1 7 3047 
close 58.74 1 6 3026 
close 61.37 1 7 3063 
close 60.86 1 7 3051 
close 60.87 1 7 3011 
close 61.36 1 7 3097 
close 60.51 1 7 3007 
close 58.88 1 7 3027 
close 57.13 1 7 3007 
close 60.43 1 6 3042 
close 58.47 1 6 3006 
close 60.03 1 6 3008 
close 59.81 1 7 3709 
close 60.35 1 7 3432 
close 61.23 1 7 3018 
close 63.38 1 7 3013 
close 63.39 1 7 3009 
close 64.15 1 7 3013 
close 65.20 1 6 3007 
close 66.46 1 7 3011 
close 67.80 1 7 3010 
close 66.14 1 7 3009 
close 67.69 1 7 3011 
close 67.71 1 7 3015 
close 67.76 1 5 2947 
close 67.12 1 7 3029 
close 66.27 1 7 3024 
close 66.31 1 7 3010 
close 64.62 1 7 3015 
close 62.41 1 5 3012 
close 61.44 1 7 3007 
close 59.76 1 6 3009 
close 59.40 1 5 3002 
close 61.07 1 6 3007 
close 64.17 1 7 3007 
close 63.27 1 6 3006 
close 63.00 1 7 3011 
close 61.73 1 6 3006 
close 63.35 1 7 3009 
close 63.66 1 7 3012 
close 63.71 1 7 3013 
close 63.91 1 7 3015 
close 63.04 1 7 3017 
close 62.27 1 7 3037 
close 63.88 1 7 3024 
close 65.01 1 6 3008 
close 64.39 1 7 3017 
close 64.91 1 7 3037 
close 65.42 1 7 3019 
close 64.92 1 7 3014 
close 67.20 1 7 3018 
close 67.58 1 6 3025 
close 68.30 1 7 3016 
close 70.10 2 14 6042 
close 69.99 1 7 4829 
close 72.74 1 7 3025 
close 73.81 1 6 3009 
close 74.42 1 6 3007 
close 74.48 2 11 6006 
close 76.12 2 14 6102 
close 78.43 1 4 3005 
close 78.80 1 6 3004 
close 78.29 1 6 3003 
close 76.21 1 7 3009 
close 78.40 2 14 6025 
close 79.29 1 6 3003 
close 78.95 2 13 6030 
close 78.26 1 6 2952 
close 82.81 1 3 2999 
close 84.27 1 6 3005 
close 82.73 1 7 3006 
close 83.62 1 6 3010 
close 84.22 1 4 3002 
close 83.05 1 5 3004 
close 78.84 1 3 2999 
close 76.25 1 3 2999 
close 75.88 1 5 3001 
close 76.00 1 3 2999 
close 77.67 1 6 3123 
close 78.30 1 5 3002 
close 78.71 2 13 6738 
close 79.95 1 6 3019 
close 77.66 1 5 3005 
close 76.76 1 5 3005 
close 78.72 1 6 3006 
close 76.80 1 4 3004 
close 76.30 1 7 3009 
close 81.17 1 7 3044 
close 82.17 1 7 3010 
close 81.13 1 7 3008 
close 80.95 1 7 3009 
close 83.24 1 6 3009 
close 81.95 1 7 3020 
close 81.33 1 6 3070 
close 82.60 1 6 3013 
close 82.70 1 7 3026 
close 83.19 1 7 3018 
close 83.87 1 5 3007 
close 84.53 1 6 3009 
close 85.85 1 7 3009 
close 85.38 1 7 5885 
close 86.39 2 14 7778 
close 86.61 1 6 3007 
close 87.09 1 5 3008 
close 86.79 1 7 3011 
close 83.92 1 5 3006 
close 83.42 1 6 3009 
close 85.24 1 6 3011 
close 84.57 1 7 3009 
close 85.01 1 7 3016 
close 86.08 1 7 3007 
close 87.47 1 7 3009 
close 87.31 1 7 3014 
close 87.69 1 7 3017 
close 89.00 1 6 2952 
close 88.88 1 6 3008 
close 88.10 1 7 3013 
close 88.21 1 7 3023 
close 88.03 1 6 3015 
close 88.06 1 7 3018 
close 88.18 1 7 3014 
close 86.94 2 14 6045 
close 86.49 1 7 3017 
close 87.75 1 7 3018 
close 88.85 2 13 6030 
close 88.86 1 7 3015 
close 89.22 2 14 6061 
close 89.60 1 7 3015 
close 88.55 1 7 3019 
close 87.32 1 7 3013 
close 87.25 1 7 3020 
close 86.50 1 7 3009 
close 86.84 1 7 3016 
close 86.81 1 7 3041 
close 87.23 1 7 3136 
close 87.58 1 7 3080 
close 85.60 1 7 7388 
close 84.75 1 7 8701 
close 85.35 1 5 3013 
close 84.46 1 4 3009 
close 84.34 1 5 3022 
close 84.96 1 7 3098 
close 88.46 1 5 3024 
close 90.87 1 6 3008 
close 92.63 1 5 3017 
close 92.54 1 7 3035 
close 92.82 1 7 3040 
close 91.96 1 7 3039 
close 91.46 1 7 3042 
close 93.06 1 7 3289 
close 93.40 1 7 5904 
close 92.78 1 7 4470 
close 90.47 1 7 3038 
close 86.00 1 7 3040 
close 86.36 1 7 4416 
close 88.67 1 7 3036 
close 89.54 1 6 3034 
close 89.95 1 7 3037 
close 90.77 1 6 3043 
close 88.74 1 7 3052 
close 89.87 1 7 3027 
close 90.70 1 6 3011 
close 89.04 1 6 2948 
close 90.75 1 7 3011 
close 90.41 1 7 3009 
close 91.66 1 7 3010 
close 90.62 1 6 3007 
close 89.44 1 6 3007 
close 89.75 1 6 3008 
close 88.54 1 7 3009 
close 89.77 1 7 3012 
close 86.62 1 7 3018 
close 85.41 1 7 3007 
close 85.28 1 6 3005 
close 81.04 1 7 3011 
close 81.50 1 6 3007 
close 82.48 1 6 3007 
close 81.32 1 4 3004 
close 82.06 1 5 3007 
close 81.67 1 7 3013 
close 77.51 1 5 3002 
close 76.68 1 4 3003 
close 75.58 2 12 5969 
close 76.46 1 6 3004 
close 75.36 1 6 3004 
close 76.57 1 6 3007 
close 79.28 2 13 6035 
close 80.76 1 7 3005 
close 80.52 1 7 3009 
close 80.93 1 6 3068 
close 80.12 1 6 3005 
close 80.55 1 6 3007 
close 79.98 1 5 3003 
close 80.70 2 13 6020 
close 81.82 1 5 3008 
close 83.12 1 4 3007 
close 82.10 1 7 3009 
close 78.54 1 5 4566 
close 76.53 1 4 3001 
close 75.26 1 5 3003 
close 76.29 1 5 3006 
close 78.56 1 4 3003 
close 75.79 1 5 3004 
close 74.54 1 4 3004 
close 75.20 1 6 3003 
close 75.87 1 7 3012 
close 75.43 1 5 3004 
close 77.50 1 6 2948 
close 74.93 1 5 3003 
close 75.59 1 5 3001 
close 76.56 1 6 3008 
close 77.24 2 13 6026 
close 73.85 1 7 3013 
close 74.40 1 7 3008 
close 73.83 1 7 3024 
close 74.58 1 7 3023 
close 74.87 1 7 3013 
close 74.90 1 5 3002 
close 72.05 1 5 3002 
close 75.51 1 4 3000 
close 74.55 1 4 3000 
close 72.40 1 6 3003 
close 73.66 1 6 3011 
close 73.49 2 11 6014 
close 74.85 1 6 3003 
close 75.77 1 5 3005 
close 73.68 1 6 3005 
close 73.29 1 6 3008 
close 74.09 1 6 3005 
close 74.73 1 7 3010 
close 75.27 1 6 3064 
close 77.10 1 4 3010 
close 78.83 1 4 3011 
close 81.03 1 6 3013 
close 81.48 1 4 3012 
close 83.28 1 7 3018 
close 81.07 1 5 3013 
close 81.10 1 7 3799 
close 81.68 1 5 3492 
close 81.36 1 5 3012 
close 82.40 1 5 3011 
close 82.39 1 6 3015 
close 81.22 1 7 3017 
close 79.03 1 7 3018 
close 79.57 1 7 3024 
close 78.31 1 6 3015 
close 78.11 1 6 2955 
close 77.07 1 5 3007 
close 76.09 1 6 3004 
close 76.64 2 14 6020 
close 78.04 1 7 3010 
close 76.99 1 7 3013 
close 79.25 1 6 3012 
close 80.57 1 7 3015 
close 82.04 1 7 3015 
close 82.42 1 7 3016 
close 82.14 1 7 3018 
close 82.32 1 7 3889 
close 83.58 1 7 3011 
close 80.85 1 6 3011 
close 80.44 1 7 3009 
close 78.75 1 7 3006 
close 79.46 1 7 3009 
close 78.58 1 7 3010 
close 80.07 1 7 3007 
close 82.58 1 5 3007 
close 81.28 1 7 3011 
close 79.78 1 7 3011 
close 80.88 1 7 3017 
close 78.17 1 7 3018 
close 78.61 1 7 3074 
close 77.58 1 7 3022 
close 76.52 1 7 3024 
close 76.98 2 13 6018 
close 77.26 1 7 3028 
close 79.01 1 7 3028 
close 79.49 1 7 3023 
close 79.85 1 7 4522 
close 79.76 1 7 4949 
close 80.18 1 7 3035 
close 80.91 1 7 3023 
close 80.11 1 7 3025 
close 80.38 1 6 3040 
close 79.11 1 7 3236 
close 78.76 1 7 3020 
close 77.18 1 6 3005 
close 77.71 1 7 3013 
close 76.50 2 14 6030 
close 78.12 1 7 3008 
close 78.67 1 6 3007 
close 77.34 1 7 3017 
close 76.16 1 7 3011 
close 75.91 2 13 6102 
close 77.40 1 6 3013 
close 75.74 1 7 3008 
close 74.99 1 7 3012 
close 74.67 1 6 3009 
close 75.56 1 7 3020 
close 75.81 1 7 3022 
close 75.85 1 7 3027 
close 74.38 2 14 6047 
close 72.55 1 7 3025 
close 74.03 1 7 3030 
close 74.95 1 6 3022 
close 73.43 1 7 3026 
close 72.94 1 7 3027 
close 74.43 1 7 3021 
close 75.04 1 7 3034 
close 74.53 1 7 3035 
close 72.51 1 7 3027 
close 73.62 2 14 6096 
close 73.04 1 7 3024 
close 77.03 1 6 3026 
close 78.08 1 7 3037 
close 77.65 1 6 3024 
close 74.89 1 7 3205 
close 72.43 1 7 3198 
close 73.39 1 7 3013 
close 73.90 1 7 3017 
close 75.12 1 7 3024 
close 74.47 1 7 3028 
close 75.42 1 7 3031 
close 75.97 1 7 3031 
close 75.57 1 7 3027 
close 76.32 1 7 3020 
close 75.13 1 7 3007 
close 75.08 1 7 3015 
close 75.33 1 7 3027 
close 73.91 1 7 3039 
close 73.82 1 7 3018 
close 72.41 1 7 3026 
close 71.79 1 7 3014 
close 71.57 1 7 3015 
close 71.34 1 7 3019 
close 71.75 1 7 3018 
close 71.33 1 7 3024 
close 70.83 1 7 3017 
close 71.94 1 7 3022 
close 71.95 1 7 3023 
close 72.44 1 7 3023 
body 1.18 1 7 6483 
body 0.43 5 35 18291 
body 0.03 6 41 21279 
body 1.09 4 28 17017 
body 0.80 2 14 9107 
body 0.65 1 7 6455 
body -0.77 2 14 9338 
body 0.48 8 54 27452 
body 0.14 4 24 15747 
body -2.26 2 14 9229 
body 1.96 1 7 5555 
body -0.41 4 28 14523 
body -0.03 2 14 8440 
body 0.01 3 21 11291 
body 0.93 3 19 11540 
body -0.01 3 20 12062 
body 0.19 5 32 17460 
body -0.58 2 14 8569 
body 0.66 4 28 15407 
body 1.49 3 21 11337 
body -0.09 3 21 11734 
body 0.87 3 21 13213 
body -1.27 3 18 11271 
body 1.08 3 19 11828 
body 0.05 5 32 18139 
body 1.23 2 14 8374 
body -1.02 2 14 8293 
body -0.23 3 21 11164 
body 0.16 2 14 8044 
body -0.46 3 21 10777 
body 0.62 8 52 25975 
body -0.72 3 20 11101 
body -2.83 1 7 4837 
body -0.85 1 7 5268 
body 2.26 1 7 4973 
body -0.29 2 14 8104 
body -1.18 3 19 10751 
body 0.13 1 7 4490 
body -1.23 3 21 11006 
body -0.48 2 14 10803 
body -0.02 5 34 16975 
body 1.54 1 7 4770 
body 0.38 10 64 31979 
body 1.43 2 12 7575 
body 0.53 4 27 14005 
body -0.12 7 44 24927 
body 0.28 2 14 7888 
body -0.84 6 41 20066 
body 0.08 1 7 5385 
body 0.83 4 25 16860 
body 0.98 2 14 7525 
body 1.04 4 26 12095 
body -0.54 2 14 6225 
body -0.25 2 14 6076 
body 1.93 1 7 3060 
body 0.86 3 19 9128 
body 0.22 1 7 3050 
body -1.37 2 14 6058 
body -2.77 2 14 6054 
body -1.11 3 16 9043 
body -0.26 2 14 6067 
body -0.43 5 33 15123 
body -0.94 1 7 3042 
body 0.57 3 20 9092 
body 0.69 7 43 21130 
body -0.69 2 14 6047 
body 1.14 2 13 6056 
body -1.17 2 13 6029 
body 0.17 2 14 6038 
body 0.55 7 47 21530 
body -1.52 1 7 3026 
body 1.59 2 13 6025 
body 2.07 1 7 3021 
body -1.04 5 31 15048 
body 0.10 3 21 9055 
body 1.37 1 7 3013 
body 0.18 1 7 3015 
body -0.16 4 27 12134 
body 0.97 1 7 3021 
body 1.11 3 21 9061 
body 0.68 3 20 9067 
body -1.41 2 14 6058 
body 0.00 7 48 21218 
body -0.07 6 40 20038 
body 0.37 4 27 12049 
body 0.59 3 16 9038 
body 0.51 6 41 18118 
body -0.65 2 14 6053 
body -0.15 4 27 12054 
body -1.21 2 11 7336 
body -0.45 1 6 3010 
body -0.21 3 21 9742 
body 1.61 4 28 12325 
body 0.33 3 21 9085 
body 0.27 4 26 12075 
body 0.85 1 7 3017 
body 0.49 3 19 9027 
body 0.76 7 47 21118 
body -1.63 2 14 6052 
body 0.20 6 41 19019 
body 0.72 3 19 9048 
body -1.06 2 14 6046 
body 0.25 1 7 3020 
body -0.61 1 7 3018 
body -1.20 4 28 12064 
body 0.79 3 21 9059 
body 1.31 4 28 12064 
body -0.22 8 54 24328 
body -0.35 3 17 9042 
body -1.80 1 7 3022 
body -0.18 6 40 18022 
body 1.24 3 19 9038 
body 0.29 4 27 12436 
body 0.31 3 21 9052 
body -0.27 3 21 9042 
body 0.26 7 44 21118 
body 0.56 4 28 12136 
body 0.73 6 39 18085 
body 1.26 5 33 16670 
body 0.67 7 45 21064 
body -0.30 3 21 9100 
body -0.04 1 7 3013 
body 0.75 5 31 16852 
body 1.98 1 6 3011 
body -2.03 1 7 3012 
body -3.48 1 6 3012 
body -0.60 2 14 6030 
body 1.28 2 13 6027 
body -0.56 3 19 9034 
body -1.46 1 7 3013 
body -0.78 2 14 6033 
body -0.49 2 14 6024 
body -2.74 1 7 3007 
body -1.92 1 7 2949 
body 1.76 1 7 3016 
body 0.40 1 7 3013 
body -2.00 1 6 3006 
body 0.47 1 6 3014 
body -3.56 1 7 3015 
body 2.52 1 6 3005 
body -0.10 4 25 12060 
body 0.12 1 7 3010 
body -0.70 3 19 8978 
body -1.60 2 14 6026 
body 1.68 1 7 3014 
body -0.75 1 7 3032 
body -0.98 2 13 6017 
body 1.60 3 20 9055 
body 1.48 4 28 12059 
body 2.01 1 7 3027 
body -0.32 3 20 9062 
body 1.05 3 17 9036 
body 0.96 3 20 9040 
body -0.82 1 7 3025 
body -0.79 3 19 9034 
body 0.50 2 14 6037 
body 2.39 2 13 6024 
body 1.06 2 14 7410 
body 1.17 1 7 4390 
body -2.29 2 12 6020 
body 1.38 1 7 3029 
body -1.53 4 28 12052 
body -0.42 4 27 12071 
body 1.63 1 7 3020 
body -4.48 1 6 3011 
body 2.74 1 7 3015 
body 2.11 2 13 6017 
body -0.44 1 7 2963 
body 2.64 1 7 3016 
body 1.25 2 14 6037 
body 1.65 2 14 6029 
body -0.62 3 20 9102 
body 0.24 3 20 9042 
body 2.35 1 7 3020 
body 1.82 2 14 6032 
body 0.45 4 27 12095 
body 1.79 2 13 6032 
body -0.17 2 13 6026 
body -5.35 1 5 3006 
body 0.99 2 12 6015 
body -10.05 1 7 3012 
body -0.36 4 21 12111 
body -0.13 1 5 3004 
body -2.39 1 7 3015 
body 1.91 1 6 3007 
body 4.19 1 7 3015 
body 1.85 1 6 3015 
body -1.97 1 7 3015 
body -1.05 4 26 12038 
body 2.82 2 13 6084 
body -2.66 1 6 3004 
body -1.87 1 6 3003 
body -2.98 2 12 6009 
body 3.31 1 7 3014 
body 2.61 1 7 3013 
body -2.82 1 6 3012 
body 2.25 1 7 4400 
body -2.73 2 12 8834 
body 0.23 2 13 6018 
body -2.50 1 6 3010 
body -1.25 3 18 9027 
body 1.70 2 14 6032 
body 1.56 3 19 9027 
body 0.46 4 20 12033 
body -3.32 1 6 3004 
body -1.57 2 12 6038 
body -2.94 1 4 3003 
body 1.00 1 5 2945 
body -0.47 1 6 3006 
body 0.04 2 14 6038 
body -1.89 1 5 3004 
body 2.12 1 7 3015 
body 1.07 2 11 6016 
body -1.12 1 7 3013 
body 0.21 1 5 3007 
body -2.18 1 6 3006 
body 1.57 2 12 6022 
body -3.78 1 6 3004 
body -1.49 1 4 3000 
body 3.52 1 6 3004 
body -11.58 1 4 3000 
body -0.24 3 18 9025 
body -1.81 1 5 3001 
body -1.13 2 11 6077 
body 1.86 1 4 3002 
body -5.75 1 5 3001 
body 0.60 2 11 6032 
body -2.72 1 4 3004 
body 0.58 1 6 3006 
body 1.35 1 4 3000 
body 1.94 1 6 4381 
body -6.63 1 6 3004 
body -2.02 3 17 9036 
body 2.15 1 5 3005 
body 1.78 1 5 3004 
body 2.53 1 7 3007 
body 3.13 1 7 3007 
body 1.74 1 6 3011 
body -1.33 1 7 3011 
body 1.01 4 25 13785 
body 2.28 2 10 6009 
body 1.12 2 11 6018 
body -1.69 2 14 6103 
body 0.78 1 6 3009 
body -3.88 1 4 3003 
body 3.06 1 7 3006 
body 2.19 1 7 3006 
body -2.15 1 6 3003 
body 2.16 1 7 3013 
body 1.13 3 19 9050 
body 2.42 2 11 6010 
body -3.33 1 7 3066 
body -2.62 1 6 3036 
body -0.59 1 6 3005 
body 2.34 1 7 4624 
body -0.57 1 6 3004 
body -2.30 2 13 6042 
body -0.14 3 16 9021 
body -1.10 2 13 6011 
body 0.95 1 6 3003 
body 1.47 3 21 8990 
body -0.73 2 14 6026 
body -1.35 1 5 3001 
body -4.20 1 6 3005 
body -2.35 1 6 3002 
body 2.65 1 6 3007 
body -1.16 1 7 3006 
body 2.24 1 7 3009 
body -3.49 1 7 3012 
body 2.04 1 6 3011 
body -1.90 1 6 3008 
body 1.39 1 7 3015 
body -2.32 1 7 3014 
body 0.30 4 25 12050 
body -0.53 4 28 13377 
body 0.71 1 7 3229 
body -1.00 1 7 3028 
body 2.78 1 7 3084 
body -0.08 1 7 3014 
body 0.42 3 21 10055 
body 0.32 3 21 10540 
body -0.52 4 24 12051 
body -0.40 3 20 9033 
body -0.71 1 7 3014 
body -4.42 1 4 3005 
body 3.56 1 7 3013 
body 3.25 1 6 2954 
body 2.96 1 6 3012 
body -2.01 1 6 3057 
body 0.39 2 14 6031 
body -1.15 2 10 6007 
body -4.66 1 5 3005 
body 1.87 1 7 3009 
body -0.96 3 21 9095 
body -1.58 2 14 6041 
body -1.91 3 20 9065 
body -0.51 6 40 18156 
body 2.62 1 7 3063 
body -0.50 1 7 3051 
body -1.64 1 7 3027 
body -1.75 1 7 3007 
body 3.30 1 6 3042 
body -2.10 1 6 3006 
body 0.89 2 14 6038 
body 0.34 1 7 3014 
body 1.34 1 7 3010 
body -1.67 2 13 6018 
body 0.02 2 14 6023 
body 0.06 2 10 5949 
body -0.63 2 14 7499 
body -2.20 2 10 6025 
body 1.67 1 6 3007 
body 1.95 1 7 3014 
body 1.02 1 7 3007 
body -0.90 2 10 6015 
body -1.26 3 20 9280 
body 1.62 1 7 3009 
body -0.88 2 14 6027 
body -0.76 2 14 6062 
body -0.97 1 7 3006 
body 0.36 3 21 10562 
body 1.16 1 7 3037 
body 0.52 1 7 3019 
body 0.09 1 7 3087 
body -0.05 2 14 6029 
body -0.55 3 21 9066 
body 2.29 1 7 3018 
body 2.75 1 7 3025 
body 1.64 1 7 3009 
body 2.32 1 4 3005 
body -2.07 1 7 3009 
body 1.52 1 7 3010 
body 0.90 2 12 6013 
body -0.34 2 13 6028 
body 7.34 1 7 3004 
body -2.81 1 3 2999 
body 1.45 1 6 3005 
body -3.00 1 3 2999 
body -2.60 1 3 2999 
body 1.66 1 6 3123 
body -0.91 1 5 3005 
body 1.97 1 6 3006 
body -1.93 1 4 3004 
body 2.41 1 6 3008 
body 2.46 1 7 3044 
body -1.03 2 14 6017 
body -1.30 2 14 6031 
body -0.39 3 20 9060 
body -2.86 1 5 3006 
body 1.81 1 6 3011 
body -0.68 1 7 3009 
body 1.40 1 7 3009 
body 1.30 1 6 2952 
body 0.11 2 14 6031 
body -1.24 1 7 3017 
body 1.27 1 7 3018 
body 1.10 2 14 6041 
body -0.74 1 7 3009 
body 0.35 3 21 13400 
body 0.15 1 7 3016 
body -2.16 1 7 7388 
body -0.81 2 11 11704 
body 3.51 1 5 3024 
body 1.75 1 5 3017 
body -0.87 1 7 3039 
body -3.21 1 7 3040 
body 2.30 1 7 3036 
body 0.41 3 19 9112 
body -2.04 1 7 3052 
body 0.82 1 6 3011 
body -1.66 1 6 2948 
body 1.72 2 11 6022 
body -0.33 2 12 6021 
body 1.22 1 7 3012 
body -0.93 1 6 3006 
body -2.22 1 7 3018 
body -1.22 2 14 6020 
body -2.64 1 5 3004 
body -1.61 2 14 6036 
body -4.15 1 5 3002 
body -1.08 1 5 3004 
body 1.21 1 6 3007 
body 2.72 1 6 3006 
body 1.51 1 4 3007 
body -3.83 1 5 4566 
body 1.20 1 4 3002 
body 2.09 1 6 2948 
body -2.63 1 5 3003 
body -3.63 1 4 3000 
body 0.61 2 14 6042 
body 1.46 1 6 3025 
body -1.73 1 4 3000 
body 3.45 1 4 3000 
body -0.99 1 4 3000 
body 0.84 2 11 6040 
body 1.36 1 6 3003 
body -1.29 1 6 3003 
body 0.81 1 6 3005 
body 1.29 1 6 3017 
body 0.54 2 13 6076 
body 2.21 1 6 3013 
body 1.77 2 14 6046 
body 0.64 1 5 3492 
body -0.20 2 12 6030 
body -1.09 1 5 3015 
body -2.21 1 7 3018 
body -1.28 1 6 3015 
body 0.44 2 14 5975 
body -0.28 1 7 3018 
body -1.47 1 5 3004 
body -1.70 2 14 6028 
body 2.49 1 5 3007 
body -0.92 1 7 3011 
body -2.71 1 7 3018 
body 1.15 1 7 3008 
body -0.67 2 14 6121 
body -0.06 2 13 6028 
body -1.65 1 7 3008 
body -1.45 1 7 3028 
body -1.84 1 7 3025 
body 0.92 1 6 3022 
body 3.40 1 6 3026 
body -2.49 1 7 3198 
body 0.91 1 7 3031 
body -1.36 1 7 3007 
body -1.42 1 7 3026 
body -0.19 1 7 3015 
up 0.45 10 68 37240 
up 0.55 5 32 22921 
up 1.41 1 7 6212 
up 0.34 6 39 21359 
up 0.07 11 73 37486 
up 0.37 9 60 32616 
up 0.50 7 49 24430 
up 0.59 8 52 27424 
up 0.21 8 55 27864 
up 0.20 15 93 48400 
up 0.26 11 68 39500 
up 0.85 3 21 14410 
up 0.62 9 59 32716 
up 0.51 7 45 25101 
up 0.32 17 111 55581 
up 0.77 6 39 20660 
up 1.12 4 27 14587 
up 0.30 13 86 49197 
up 0.24 15 99 48186 
up 0.16 6 42 21023 
up 0.03 10 68 32407 
up 0.60 7 46 23832 
up 0.94 1 7 5366 
up 0.87 5 34 17380 
up 0.79 3 20 11156 
up 0.25 15 99 49027 
up 0.83 2 14 8062 
up 0.04 12 79 42459 
up 0.05 11 73 34915 
up 1.06 3 20 13366 
up 0.48 12 80 38390 
up 0.12 20 128 62502 
up 0.00 11 72 39935 
up 0.13 12 76 37852 
up 0.96 3 20 10923 
up 0.43 10 62 32180 
up 0.40 7 49 22693 
up 0.33 10 64 34833 
up 0.66 2 13 7998 
up 0.17 17 110 54774 
up 0.01 12 80 38160 
up 0.39 11 69 35394 
up 1.10 5 34 15155 
up 0.47 7 46 21139 
up 0.38 12 79 36375 
up 0.46 11 76 33402 
up 0.65 6 41 18130 
up 0.99 5 33 15097 
up 2.68 1 7 3065 
up 0.80 6 37 18109 
up 1.11 6 39 18139 
up 0.57 10 60 30205 
up 1.02 3 20 9057 
up 0.88 1 7 3021 
up 0.27 12 81 36170 
up 0.23 10 68 30160 
up 0.29 8 51 24117 
up 1.17 2 13 6030 
up 1.01 4 27 12069 
up 0.58 7 46 23973 
up 0.19 14 93 42348 
up 0.36 8 55 24438 
up 0.28 10 68 33414 
up 0.61 4 27 12089 
up 0.76 4 26 12059 
up 0.09 15 96 46654 
up 0.15 13 88 39237 
up 0.35 8 52 24037 
up 0.06 8 54 24178 
up 0.72 4 23 12046 
up 0.44 11 71 35159 
up 0.41 3 21 8981 
up 0.22 13 86 41046 
up 0.70 7 48 21104 
up 0.54 9 61 27107 
up 0.11 8 52 24115 
up 0.10 13 86 39167 
up 0.75 5 33 15015 
up 0.31 10 67 30624 
up 0.64 6 40 18074 
up 0.14 9 61 28613 
up 1.98 1 6 3013 
up 0.52 8 51 24093 
up 1.19 3 20 9046 
up 0.08 6 41 18134 
up 0.84 4 24 12032 
up 0.78 8 47 24043 
up 1.43 2 14 6019 
up 1.00 4 25 12048 
up 0.18 18 111 54284 
up 0.49 3 19 9027 
up 0.98 1 7 3019 
up 0.56 4 26 12764 
up 0.89 3 20 9856 
up 1.68 1 7 2963 
up 0.02 9 57 27339 
up 1.18 2 14 6115 
up 0.74 2 10 6018 
up 1.13 3 21 13408 
up 1.08 2 12 6013 
up 3.10 1 5 3004 
up 1.83 1 7 3015 
up 0.90 2 13 6025 
up 1.57 1 6 3003 
up 1.05 3 19 9067 
up 1.60 2 14 6011 
up 1.44 1 7 3012 
up 0.67 4 26 12114 
up 1.33 3 16 9034 
up 1.09 1 4 3003 
up 1.37 2 10 6010 
up 0.95 2 11 6007 
up 1.70 1 7 3011 
up 0.81 5 33 15063 
up 0.68 2 13 6029 
up 1.74 1 4 3000 
up 1.76 1 6 3004 
up 1.03 1 7 3004 
up 5.52 1 4 3000 
up 4.24 1 5 3001 
up 1.40 2 12 6110 
up 3.14 1 4 3002 
up 1.63 1 5 3001 
up 3.64 1 6 3004 
up 1.21 3 17 9031 
up 2.05 2 12 6125 
up 0.71 3 20 10826 
up 1.54 1 6 4381 
up 2.36 2 11 6013 
up 1.24 3 21 8956 
up 2.71 1 6 3011 
up 1.82 1 5 3014 
up 1.29 3 18 9036 
up 2.53 1 7 3011 
up 0.97 3 16 9034 
up 2.29 1 6 3006 
up 0.63 8 50 24079 
up 1.50 1 6 3004 
up 1.39 3 16 9019 
up 1.28 2 11 6011 
up 1.07 2 11 6016 
up 0.73 1 6 3006 
up 1.22 1 6 3009 
up 1.47 1 7 3015 
up 0.86 1 7 3025 
up 1.31 3 19 9063 
up 0.42 3 18 9039 
up 0.91 1 6 3026 
up 3.17 1 7 3097 
up 1.36 1 7 3015 
up 0.69 3 18 9038 
up 1.16 3 18 9040 
up 0.93 1 4 3005 
up 1.45 1 7 3010 
up 0.53 2 12 6157 
up 1.48 1 7 3008 
up 0.92 1 5 3007 
up 0.82 1 7 3014 
up 1.30 2 11 7416 
up 1.49 1 6 3007 
up 1.04 1 6 3004 
up 1.73 1 6 3068 
up 1.53 1 7 3010 
up 1.35 1 5 3006 
up 2.82 1 4 3000 
up 1.34 1 7 3015 
down 0.23 12 81 42933 
down 0.26 8 53 29060 
down 0.08 13 89 44179 
down 0.00 9 62 32475 
down 0.37 7 45 24174 
down 0.33 9 59 30606 
down 0.53 9 61 33347 
down 0.12 7 46 27311 
down 0.63 5 33 21592 
down 0.04 8 55 34482 
down 0.15 12 78 40429 
down 0.39 6 40 20543 
down 1.35 1 7 5245 
down 0.43 10 67 32561 
down 0.46 7 47 25026 
down 0.29 8 53 26509 
down 0.58 9 59 29674 
down 0.32 9 60 32136 
down 0.71 10 65 32442 
down 0.50 6 39 20764 
down 0.49 8 51 26262 
down 0.62 7 42 25186 
down 0.45 5 31 17353 
down 0.17 7 47 25375 
down 0.54 7 49 23424 
down 1.29 2 14 8173 
down 1.55 2 14 8006 
down 0.28 22 141 71015 
down 0.82 2 14 7824 
down 0.40 12 76 38183 
down 0.01 11 76 37492 
down 0.25 12 79 38101 
down 0.59 9 61 29453 
down 0.65 8 52 25611 
down 1.40 1 7 4490 
down 0.18 9 58 29091 
down 0.61 9 63 29846 
down 0.13 16 109 51450 
down 0.06 6 39 21240 
down 0.10 8 54 27757 
down 0.75 3 18 10888 
down 0.66 5 33 17461 
down 0.21 10 68 34956 
down 0.35 8 50 25598 
down 1.80 1 7 3061 
down 1.21 3 17 9086 
down 0.09 14 96 50913 
down 0.36 4 24 12124 
down 1.08 1 7 3050 
down 0.56 8 55 24205 
down 0.48 4 27 12125 
down 0.38 12 77 36718 
down 1.39 5 33 15082 
down 1.33 3 20 9081 
down 0.34 5 32 15080 
down 0.31 15 98 45288 
down 0.79 4 28 12110 
down 0.80 5 32 15082 
down 0.20 13 88 39436 
down 0.95 2 14 6035 
down 0.07 10 70 31445 
down 0.24 10 65 31609 
down 0.22 10 68 30157 
down 0.67 5 32 15086 
down 1.16 4 23 12043 
down 0.52 6 39 18089 
down 1.04 3 19 9116 
down 0.30 6 41 20056 
down 0.51 6 40 18067 
down 0.76 7 44 21183 
down 0.05 12 78 36140 
down 0.41 11 73 34552 
down 0.99 4 26 12133 
down 0.44 9 56 27123 
down 0.64 7 47 21115 
down 0.16 6 41 18099 
down 0.03 3 21 9047 
down 1.10 4 28 12280 
down 0.27 14 89 42239 
down 0.42 6 40 18062 
down 0.19 8 56 24157 
down 1.38 2 13 6097 
down 0.11 12 81 39479 
down 1.62 1 7 3019 
down 0.55 8 51 24119 
down 1.50 2 13 6028 
down 0.88 5 34 15072 
down 0.98 4 25 11993 
down 0.81 6 39 18071 
down 0.47 4 28 12127 
down 0.92 3 21 9058 
down 1.25 4 27 12049 
down 1.18 3 17 10486 
down 0.96 2 13 6021 
down 1.17 1 7 3030 
down 1.74 1 6 3022 
down 0.77 3 20 9038 
down 0.69 4 24 12042 
down 0.85 5 28 15057 
down 1.19 2 13 6022 
down 1.44 2 13 6041 
down 1.13 4 25 12196 
down 1.00 6 41 18168 
down 1.64 3 18 9029 
down 1.14 3 18 9030 
down 1.05 2 13 6026 
down 0.97 4 24 12037 
down 2.20 1 7 3022 
down 2.55 1 5 3006 
down 2.59 1 5 3005 
down 7.47 1 4 3016 
down 3.34 1 5 3004 
down 2.26 2 10 6007 
down 1.78 2 13 6024 
down 2.69 1 6 3003 
down 0.60 8 50 24140 
down 3.37 1 6 3003 
down 1.32 3 19 9031 
down 1.76 2 13 6011 
down 0.14 10 63 31654 
down 1.96 1 7 3011 
down 1.66 1 6 3010 
down 3.22 1 4 3003 
down 1.94 1 5 3004 
down 2.14 1 4 3003 
down 1.36 1 5 3009 
down 1.72 2 11 5950 
down 0.84 2 12 6012 
down 1.56 1 6 3006 
down 0.90 2 11 6009 
down 0.57 9 58 27112 
down 1.01 1 7 3009 
down 2.75 1 6 3006 
down 1.23 4 23 12022 
down 0.91 4 24 12036 
down 2.48 1 7 3004 
down 2.45 2 8 6004 
down 1.43 1 4 3000 
down 7.26 1 5 3072 
down 0.93 2 10 6008 
down 3.28 1 4 3002 
down 2.05 1 6 3006 
down 2.61 1 6 3008 
down 1.81 2 14 5952 
down 1.06 2 12 6015 
down 0.86 6 37 18125 
down 1.85 1 7 3008 
down 1.49 2 13 6012 
down 1.22 2 13 6015 
down 0.94 2 12 6008 
down 1.70 1 4 3000 
down 0.02 3 19 9158 
down 1.97 2 14 7425 
down 1.71 2 13 6013 
down 1.15 3 17 9099 
down 3.47 1 6 3005 
down 1.89 1 7 3007 
down 0.83 4 26 12029 
down 4.72 1 5 3001 
down 1.03 3 20 9066 
down 0.89 6 34 19965 
down 1.61 2 9 6008 
down 0.70 4 24 12068 
down 1.42 1 7 3013 
down 2.83 1 6 3007 
down 0.72 3 21 9049 
down 1.20 1 5 2947 
down 0.78 5 32 15046 
down 1.46 3 18 9060 
down 1.47 1 6 3004 
down 0.68 2 12 6012 
down 2.31 1 3 2999 
down 1.12 2 14 6750 
down 1.11 1 7 3009 
down 1.28 1 7 3011 
down 2.02 1 6 3009 
down 0.74 3 19 9053 
down 1.52 1 7 3042 
down 1.41 1 7 3009 
down 1.02 1 6 3007 
down 4.85 1 5 3002 
down 2.04 1 5 3001 
down 1.07 1 7 3013 
down 2.56 1 5 3002 
down 3.90 1 4 3000 
down 1.60 1 6 3013 
down 0.73 1 7 3017 
down 0.87 1 7 3205 
down 2.73 1 7 3013 
down 1.09 1 7 3018 
