open 108.81 1 7 3217 
open 110.30 1 6 3256 
open 111.02 1 5 3054 
open 109.04 1 7 3274 
open 107.29 1 7 3141 
open 106.89 1 7 3169 
open 107.58 1 7 3412 
open 105.37 1 7 3162 
open 106.69 1 7 3368 
open 110.85 1 7 3325 
open 109.55 1 7 3142 
open 111.29 1 7 3159 
open 109.12 1 7 3105 
open 112.62 1 7 3180 
open 110.57 1 7 3747 
open 108.94 1 7 3057 
open 109.41 1 7 3222 
open 109.06 1 7 3267 
open 107.35 2 12 6179 
open 108.17 1 7 3162 
open 106.09 1 7 3415 
open 102.77 2 13 6204 
open 102.60 1 7 3268 
open 103.74 2 13 6154 
open 104.93 1 7 3206 
open 106.91 1 7 3182 
open 105.45 1 7 3485 
open 107.18 1 7 3182 
open 107.37 1 7 3335 
open 108.42 1 7 3494 
open 109.60 1 7 3660 
open 108.28 1 7 3439 
open 109.92 2 14 6790 
open 109.47 1 7 3507 
open 106.01 1 7 3427 
open 108.68 2 14 6412 
open 108.71 1 7 3229 
open 108.49 1 7 3328 
open 110.67 1 7 3277 
open 109.83 1 7 3173 
open 110.13 1 7 3235 
open 109.14 1 7 3327 
open 110.42 1 7 3274 
open 108.41 1 7 3524 
open 107.03 1 7 3570 
open 108.26 1 7 4916 
open 109.43 2 12 7668 
open 110.52 1 7 4215 
open 112.42 1 7 4329 
open 115.55 1 7 5661 
open 115.45 1 7 7949 
open 117.08 1 7 4314 
open 118.67 1 7 4387 
open 115.85 1 7 4528 
open 118.61 1 7 4367 
open 115.43 1 7 4438 
open 116.10 1 7 4671 
open 116.29 2 14 7374 
open 117.12 1 7 4414 
open 116.30 2 14 8526 
open 115.26 1 7 4153 
open 113.10 1 7 4263 
open 116.50 1 7 4446 
open 116.73 1 7 4429 
open 117.11 1 7 4780 
open 115.05 2 13 7844 
open 115.68 1 7 5146 
open 115.69 1 7 5129 
open 115.77 1 7 5265 
open 117.07 2 13 7833 
open 115.93 1 7 4627 
open 114.19 1 7 4847 
open 115.58 1 7 4682 
open 116.65 1 7 4663 
open 118.75 1 7 4633 
open 118.35 1 7 4651 
open 119.09 1 7 4451 
open 118.11 1 7 4745 
open 117.19 1 7 4699 
open 117.25 1 7 4711 
open 118.29 2 14 7220 
open 116.67 1 7 4528 
open 116.37 1 7 4139 
open 116.11 1 7 4583 
open 116.13 1 7 4666 
open 116.63 2 12 7642 
open 116.94 2 12 7608 
open 118.87 1 7 4353 
open 121.16 1 7 4428 
open 120.39 1 7 4843 
open 121.50 1 7 5148 
open 122.36 1 7 5092 
open 122.31 1 7 4887 
open 120.94 1 7 5268 
open 121.82 1 7 4819 
open 121.10 1 7 4876 
open 122.61 1 7 4970 
open 120.79 1 7 5427 
open 123.88 1 7 4760 
open 124.77 1 7 4368 
open 124.73 1 7 4911 
open 124.19 1 7 7180 
open 124.57 1 7 5829 
open 125.33 1 7 4589 
open 124.67 2 14 8006 
open 126.68 1 7 5163 
open 128.42 1 7 4899 
open 130.23 1 7 4989 
open 129.98 2 13 8063 
open 127.18 1 7 4913 
open 126.35 2 14 8543 
open 128.57 1 7 5128 
open 129.24 2 14 8289 
open 126.26 1 7 4263 
open 127.93 1 7 4435 
open 128.94 1 7 4216 
open 128.31 1 7 4388 
open 129.89 1 7 4885 
open 131.41 2 11 7349 
open 132.69 1 7 4434 
open 134.37 1 7 4349 
open 134.65 1 7 4247 
open 136.89 2 13 7471 
open 138.55 1 7 3960 
open 139.83 1 7 4182 
open 137.47 1 7 4547 
open 139.18 1 7 4117 
open 135.62 1 7 4291 
open 137.92 1 7 4492 
open 133.81 2 14 7030 
open 131.78 1 7 3750 
open 134.76 1 7 3937 
open 137.16 3 17 9875 
open 136.63 2 14 6820 
open 133.71 2 10 6940 
open 132.04 2 13 6782 
open 127.56 1 7 4268 
open 125.93 1 7 3658 
open 131.11 1 7 3877 
open 129.83 1 7 3569 
open 128.40 3 18 9706 
open 129.88 2 13 6837 
open 129.48 1 7 3885 
open 127.62 1 7 3656 
open 127.84 2 11 6807 
open 126.37 1 7 3768 
open 125.99 1 7 3917 
open 125.19 2 12 6630 
open 129.07 1 7 3892 
open 131.54 1 7 3704 
open 131.24 1 7 3650 
open 132.66 1 7 3909 
open 133.16 1 7 6030 
open 134.84 1 7 5903 
open 135.17 1 7 3041 
open 135.66 2 13 6060 
open 134.60 1 7 3018 
open 133.52 2 14 6059 
open 132.31 2 14 6052 
open 133.93 1 7 3038 
open 135.70 1 7 3030 
open 137.23 1 7 3031 
open 134.40 2 13 6039 
open 131.84 1 7 2974 
open 128.93 1 7 3018 
open 128.28 2 13 6056 
open 127.44 1 7 3021 
open 129.02 1 7 3027 
open 130.68 1 7 3033 
open 132.52 1 7 3025 
open 134.15 1 7 3028 
open 136.25 1 7 3022 
open 135.26 1 7 3014 
open 135.19 1 7 3010 
open 134.27 1 7 3008 
open 133.08 1 7 3009 
open 132.33 1 7 3009 
open 130.86 1 7 3018 
open 134.38 1 7 3014 
open 133.70 1 7 3012 
open 133.82 1 7 3017 
open 133.76 2 12 6012 
open 133.37 1 7 3016 
open 136.07 1 7 3015 
open 135.71 1 7 3016 
open 132.54 1 7 3010 
open 132.89 1 7 3012 
open 134.29 1 7 3014 
open 135.32 2 14 6030 
open 137.14 1 7 3012 
open 136.76 1 7 3016 
open 135.11 1 7 3015 
open 135.63 1 7 3013 
open 136.16 1 7 3075 
open 135.13 2 14 6050 
open 136.28 1 7 3013 
open 136.52 1 7 3015 
open 136.90 1 7 3011 
open 138.10 2 14 5959 
open 140.30 1 7 3014 
open 139.57 2 13 6030 
open 140.26 1 7 4332 
open 138.62 1 7 3008 
open 135.56 1 7 3011 
open 133.00 1 6 3014 
open 134.87 2 13 6054 
open 135.21 1 7 3013 
open 135.02 1 6 3007 
open 135.98 1 7 3012 
open 138.08 2 11 6008 
open 137.60 1 6 3013 
open 139.13 1 6 3011 
open 138.85 1 7 3003 
open 139.20 2 13 6015 
open 139.60 1 6 3006 
open 137.78 1 6 3005 
open 135.12 1 5 3006 
open 135.89 2 11 6009 
open 135.36 1 6 3004 
open 135.20 2 13 6018 
open 133.41 1 6 3004 
open 130.94 1 6 3008 
open 131.55 1 7 3010 
open 131.96 1 7 3009 
open 132.51 1 6 3002 
open 133.06 1 7 3009 
open 135.68 2 11 6009 
open 135.79 1 6 3005 
open 135.81 1 6 3006 
open 138.36 1 5 3005 
open 135.34 1 7 3006 
open 136.02 2 11 6100 
open 136.55 1 7 3015 
open 135.92 1 7 3014 
open 135.64 1 7 3013 
open 136.08 1 6 3006 
open 136.26 1 7 3008 
open 137.27 2 13 6020 
open 138.35 1 6 3006 
open 139.40 1 7 3072 
open 140.42 1 6 3010 
open 138.14 1 5 3006 
open 139.34 1 6 3007 
open 140.34 1 7 3014 
open 140.86 1 7 3004 
open 142.24 1 7 3007 
open 143.25 1 5 3002 
open 138.95 1 6 3010 
open 138.89 2 13 6027 
open 139.65 1 7 3009 
open 138.02 1 6 3006 
open 139.86 1 5 3002 
open 140.93 1 6 3003 
open 142.36 1 7 3010 
open 141.08 1 7 3010 
open 139.92 1 7 3010 
open 141.45 1 6 3009 
open 140.04 1 6 3009 
open 141.32 1 6 3004 
open 141.81 1 7 2947 
open 141.42 2 13 6016 
open 143.95 1 6 3004 
open 143.57 1 7 3010 
open 144.56 2 12 6014 
open 142.80 1 7 3010 
open 143.02 1 7 3008 
open 141.70 1 4 3003 
open 141.03 1 6 3007 
open 143.33 1 7 3008 
open 144.30 1 7 3008 
open 145.12 1 7 3009 
open 144.63 1 6 3007 
open 146.21 1 5 3007 
open 147.19 1 7 3013 
open 145.93 1 7 3008 
open 146.65 1 7 3011 
open 147.39 1 7 3008 
open 146.85 1 6 3005 
open 147.76 1 7 3005 
open 148.27 1 7 3012 
open 149.21 1 7 3013 
open 149.70 1 7 3009 
open 148.95 1 7 3009 
open 149.52 1 6 3009 
open 149.07 1 6 3012 
open 148.59 1 7 3009 
open 150.31 1 6 3016 
open 149.94 1 6 3010 
open 148.74 1 7 3015 
open 149.91 1 7 3068 
open 149.18 1 7 3019 
open 150.36 1 7 3008 
open 150.63 1 7 3018 
open 151.36 1 6 3008 
open 153.33 1 6 3008 
open 153.03 1 6 3007 
open 155.07 1 7 3007 
open 155.81 1 7 4390 
open 156.12 1 7 4387 
open 157.78 2 14 6020 
open 155.12 1 7 3011 
open 155.83 1 7 3006 
open 158.43 1 6 3009 
open 155.85 1 7 3008 
open 158.04 1 6 3010 
open 157.67 1 7 3012 
open 156.47 1 7 3008 
open 153.29 1 4 3001 
open 153.22 1 7 3006 
open 156.11 1 7 2954 
open 157.31 1 6 3009 
open 158.36 1 7 3018 
open 159.99 1 7 3008 
open 161.43 1 6 3004 
open 161.57 1 6 3006 
open 162.89 2 10 6012 
open 162.46 1 7 3012 
open 163.39 1 7 3008 
open 163.60 1 6 3009 
open 163.48 1 5 3008 
open 164.01 1 7 3009 
open 161.81 1 7 3011 
open 165.63 1 7 3008 
open 165.45 1 6 3003 
open 166.70 1 7 3016 
open 166.97 1 6 3011 
open 168.23 1 6 3005 
open 166.21 1 4 3001 
open 161.88 1 6 3006 
open 163.24 1 5 3004 
open 158.90 1 4 3013 
open 153.55 1 5 3004 
open 155.47 1 5 3003 
open 158.26 1 6 3003 
open 158.05 2 10 6011 
open 162.03 1 4 3000 
open 162.27 1 6 3004 
open 163.74 1 5 3003 
open 165.30 1 7 3006 
open 165.78 1 6 3005 
open 163.70 1 5 3063 
open 165.56 1 5 3005 
open 166.98 1 4 3000 
open 162.13 1 5 3005 
open 163.05 1 6 3008 
open 161.42 1 6 3004 
open 162.20 1 6 3007 
open 162.28 1 4 3004 
open 163.28 1 7 4385 
open 164.65 1 7 5825 
open 163.27 1 7 3007 
open 160.21 1 4 3001 
open 156.48 2 7 6000 
open 158.09 1 5 3002 
open 156.40 1 6 3007 
open 156.44 1 7 3012 
open 158.83 1 6 3004 
open 161.09 1 4 3001 
open 157.26 1 5 3001 
open 158.61 1 4 3000 
open 156.24 1 5 2942 
open 158.76 1 5 3001 
open 161.31 1 4 3002 
open 160.72 1 5 3003 
open 164.44 1 6 3006 
open 161.90 1 4 3000 
open 162.68 1 4 3001 
open 161.91 1 6 3003 
open 162.07 1 4 3002 
open 163.46 1 6 3002 
open 162.38 1 5 3001 
open 165.95 1 4 3002 
open 167.52 1 4 3001 
open 167.77 1 6 3004 
open 167.39 1 5 3003 
open 168.30 1 5 3002 
open 166.63 1 4 3000 
open 169.32 1 4 3000 
open 168.51 1 5 3002 
open 167.42 1 6 3002 
open 162.08 1 3 3000 
open 160.53 1 4 3000 
open 157.69 1 4 3000 
open 151.78 1 3 2999 
open 149.10 1 4 3000 
open 155.28 1 3 2999 
open 149.54 1 3 2999 
open 137.81 1 3 2999 
open 138.81 1 3 2999 
open 131.01 1 4 3071 
open 125.78 1 5 3003 
open 129.65 1 3 2999 
open 122.10 1 3 2999 
open 122.47 1 3 2999 
open 124.45 1 5 3001 
open 118.49 1 4 3000 
open 119.25 1 4 3000 
open 125.06 1 5 3006 
open 126.58 1 5 4610 
open 127.32 1 6 4682 
open 126.15 1 4 3000 
open 117.80 1 5 3001 
open 115.40 1 3 2999 
open 117.52 1 4 3000 
open 116.31 1 5 3001 
open 116.18 1 5 3003 
open 124.51 1 4 3000 
open 123.18 1 3 2999 
open 125.40 2 11 6026 
open 128.75 1 3 2999 
open 132.41 1 3 2939 
open 131.08 1 5 3001 
open 131.35 1 6 3002 
open 127.57 1 5 3001 
open 126.77 1 4 3000 
open 131.71 1 5 3002 
open 131.62 1 5 3001 
open 131.03 1 5 3002 
open 132.98 1 3 2999 
open 136.73 1 3 2999 
open 137.02 1 5 3002 
open 133.44 1 5 3003 
open 133.88 1 5 3004 
open 135.22 2 12 6074 
open 131.86 1 5 3001 
open 130.46 1 3 2999 
open 133.19 1 5 3002 
open 133.63 2 11 7524 
open 137.15 1 3 2999 
open 133.95 1 3 2999 
open 134.68 1 5 3001 
open 131.91 2 11 6015 
open 133.83 1 5 3001 
open 133.40 1 7 3006 
open 134.80 1 6 3002 
open 130.55 1 4 3001 
open 133.24 1 4 3001 
open 135.43 1 5 3062 
open 135.87 1 4 3000 
open 132.88 1 5 3002 
open 134.54 1 4 3001 
open 132.79 1 6 3032 
open 132.44 1 4 3000 
open 130.78 1 4 3002 
open 129.93 1 4 3000 
open 130.37 1 3 2999 
open 130.85 1 5 4620 
open 131.99 1 5 4620 
open 131.77 1 3 3000 
open 130.19 1 5 3001 
open 126.16 1 6 3002 
open 126.22 1 5 3001 
open 123.80 1 4 3002 
open 124.10 1 3 3000 
open 121.91 1 6 3003 
open 120.78 1 4 3001 
open 122.28 1 5 3002 
open 124.33 1 6 3003 
open 121.94 1 4 2940 
open 124.56 1 6 3006 
open 125.67 2 12 6199 
open 126.87 1 6 3006 
open 125.12 2 13 6040 
open 122.72 1 4 3000 
open 122.78 1 4 3000 
open 116.97 1 4 3001 
open 112.02 2 11 6053 
open 111.50 1 6 3002 
open 111.46 1 4 3001 
open 112.67 2 10 6066 
open 111.13 1 5 3001 
open 108.04 1 5 3004 
open 110.40 1 4 3003 
open 112.96 1 5 3003 
open 112.52 1 6 3006 
open 113.99 1 6 3003 
open 113.43 1 7 3007 
open 112.55 1 6 3004 
open 110.20 1 6 3023 
open 106.36 1 7 3005 
open 106.72 1 7 3011 
open 106.14 1 5 3018 
open 107.88 1 6 3044 
open 112.80 2 12 6027 
open 113.79 1 6 3142 
open 115.11 1 7 3157 
open 113.81 1 6 3006 
open 113.18 1 7 3008 
open 112.37 1 6 3004 
open 112.41 1 5 3002 
open 111.24 1 6 3158 
open 108.61 1 5 3002 
open 110.71 3 18 9009 
open 111.88 1 5 3003 
open 109.68 1 7 3528 
open 107.99 1 6 3523 
open 109.24 1 6 3006 
open 108.10 1 6 3008 
open 110.56 1 6 3042 
open 112.47 2 12 6008 
open 112.11 1 7 3006 
open 112.91 1 7 3014 
open 113.02 1 7 3009 
open 114.96 1 6 3006 
open 112.89 1 4 3000 
open 114.98 1 5 2942 
open 116.27 1 4 3001 
open 121.05 1 5 3003 
open 120.99 1 6 3053 
open 118.38 1 7 3061 
open 119.67 1 5 3011 
open 120.11 1 5 3083 
open 116.75 1 4 3002 
open 116.19 1 5 3001 
open 115.71 1 4 3002 
open 117.47 1 4 3000 
open 117.69 1 3 3000 
open 116.36 1 3 3000 
open 115.38 1 5 3002 
open 116.39 1 5 3265 
open 110.83 1 4 3001 
open 112.13 1 6 3005 
open 113.00 1 4 3000 
open 109.61 1 3 2999 
open 110.79 1 4 3002 
open 110.48 1 7 3003 
open 110.65 1 7 3005 
open 105.25 1 7 3046 
open 104.64 1 4 3018 
open 104.31 1 6 3046 
open 102.30 1 4 3025 
open 104.60 1 7 3072 
open 105.43 1 5 3001 
open 105.80 1 6 3095 
open 107.04 1 5 3003 
open 107.47 1 6 3018 
open 104.19 1 5 3002 
open 104.01 1 6 3002 
open 103.89 1 6 3065 
open 104.15 1 4 3000 
open 101.59 1 7 3004 
open 101.80 1 6 3694 
open 101.74 1 7 3430 
open 100.10 1 7 3006 
open 98.10 1 6 3008 
open 97.87 1 6 3008 
open 101.19 1 7 3004 
open 99.84 1 7 3005 
open 101.81 1 6 3004 
open 102.96 2 13 6016 
open 105.49 2 13 6014 
open 108.34 1 6 3008 
open 105.89 1 7 3006 
open 108.53 1 5 3010 
open 110.75 1 6 3019 
open 109.45 1 7 3024 
open 106.25 1 5 3003 
open 107.34 1 6 3007 
open 106.07 1 5 3006 
open 102.16 1 5 3003 
open 101.37 1 5 3002 
open 99.15 1 4 3003 
open 98.01 1 5 3001 
open 99.60 1 6 3008 
open 100.25 1 4 3001 
open 99.31 1 7 3006 
open 100.57 1 7 3007 
open 97.26 1 7 3015 
open 97.18 1 5 3005 
open 94.28 1 7 3014 
open 96.01 1 5 3006 
open 97.42 1 6 3005 
open 97.02 1 7 3008 
open 98.85 1 5 3007 
open 98.72 1 7 3028 
open 98.54 1 7 3028 
open 99.96 1 7 3011 
open 100.35 1 7 3009 
open 101.00 1 6 3014 
open 100.74 1 6 3032 
open 103.27 1 7 3023 
open 103.69 1 7 3071 
open 103.19 1 7 3015 
open 100.88 1 6 3003 
open 104.66 1 6 3013 
open 106.20 1 7 3005 
open 107.22 1 6 3007 
open 111.41 1 7 4775 
open 112.06 1 7 3076 
open 114.54 1 6 3003 
open 113.66 1 6 3004 
open 118.13 1 3 3002 
open 118.20 1 6 3005 
open 122.39 1 6 3005 
open 127.19 1 5 3002 
open 125.44 1 5 3001 
open 125.24 1 5 3003 
open 120.13 1 3 3002 
open 121.78 2 10 6015 
open 124.92 1 3 2999 
open 122.20 1 6 3003 
open 121.70 1 6 2949 
open 119.74 1 4 3001 
open 129.69 1 3 3000 
open 128.63 1 7 3004 
open 129.28 2 11 6732 
open 128.25 1 6 3004 
open 129.18 1 6 3002 
open 132.25 1 6 3003 
open 132.28 1 4 3001 
open 131.49 1 5 3001 
open 131.00 1 4 3000 
open 127.92 1 6 3002 
open 130.77 1 5 3002 
open 130.39 2 14 6019 
open 131.59 1 6 3009 
open 130.05 1 6 3007 
open 130.01 1 5 3002 
open 130.29 1 4 3001 
open 130.59 2 12 6027 
open 130.00 1 5 3006 
open 131.25 2 13 6058 
open 133.18 1 6 3004 
open 132.43 1 6 3011 
open 133.04 1 7 3009 
open 132.58 1 6 3005 
open 131.63 1 5 3005 
open 132.82 1 6 3020 
open 134.94 1 6 3008 
open 132.71 3 20 9039 
open 133.85 1 6 3022 
open 135.55 1 7 3030 
open 137.44 1 5 3011 
open 139.29 1 6 3009 
open 141.50 1 4 3003 
open 141.34 1 6 4446 
open 142.82 1 7 4746 
open 145.00 1 6 4444 
open 142.46 1 6 3010 
open 142.51 1 7 3007 
open 141.06 1 6 3007 
open 139.96 1 7 3013 
open 140.89 1 6 3006 
open 140.48 1 7 3012 
open 140.46 1 6 3012 
open 142.62 1 6 3007 
open 141.24 1 5 3006 
open 141.40 1 6 2948 
open 142.93 1 6 3012 
open 140.53 1 6 3009 
open 140.66 1 6 3014 
open 141.68 1 7 3012 
open 141.73 1 7 3025 
open 141.59 1 7 3011 
open 140.09 1 7 3010 
open 138.76 1 7 3015 
open 139.04 1 5 3005 
open 139.69 1 6 3009 
open 138.56 1 6 3009 
open 138.40 2 12 6021 
open 138.67 1 7 3010 
open 138.18 1 7 3013 
open 137.94 1 7 3025 
open 137.19 1 7 3018 
open 136.71 1 7 3029 
open 137.07 1 7 3022 
open 137.03 1 7 3136 
open 138.01 1 7 3071 
open 137.35 1 7 3016 
open 138.77 1 7 5950 
open 138.47 2 12 13149 
open 136.80 1 7 3013 
open 135.61 1 7 3017 
open 137.68 1 6 3022 
open 142.43 1 5 3008 
open 144.45 1 3 3009 
open 146.51 1 7 3038 
open 147.07 1 7 3034 
open 147.62 1 7 3043 
open 148.01 1 7 3038 
open 145.75 1 6 3044 
open 146.93 1 7 4771 
open 144.97 1 7 5839 
open 140.79 1 7 3035 
open 138.87 1 7 3036 
open 137.10 2 14 6048 
open 133.90 1 7 4417 
open 134.83 1 7 3036 
open 136.01 2 14 6103 
open 133.78 1 7 3049 
open 129.43 2 12 6042 
open 128.53 1 5 3009 
open 130.64 1 6 2949 
open 128.86 1 7 3009 
open 130.15 1 6 3003 
open 127.13 1 6 3011 
open 128.47 1 6 3010 
open 134.06 1 6 3007 
open 134.43 1 6 3008 
open 134.50 1 6 3005 
open 133.91 1 7 3008 
open 138.31 1 7 3200 
open 140.23 1 5 3004 
open 138.74 1 5 3006 
open 136.24 1 7 3009 
open 134.77 1 5 3004 
open 135.82 1 6 3008 
open 135.44 2 11 6012 
open 136.69 1 5 3004 
open 135.41 1 7 3006 
open 138.11 1 6 3006 
open 135.10 1 6 3006 
open 134.41 1 6 3006 
open 133.55 1 3 3000 
open 134.82 1 5 3007 
open 136.34 1 6 3009 
open 132.96 1 6 3006 
open 132.03 1 7 3011 
open 131.34 1 6 3007 
open 130.41 1 5 3010 
open 130.65 2 10 6010 
open 133.86 1 5 3007 
open 132.99 1 6 3009 
open 132.62 1 7 4507 
open 131.61 1 7 4566 
open 128.11 1 3 3000 
open 127.70 1 6 3004 
open 128.33 1 6 3005 
open 128.68 1 4 3002 
open 130.81 1 4 3003 
open 129.94 2 13 6028 
open 127.16 1 4 3002 
open 123.40 2 11 6014 
open 123.91 1 5 3002 
open 123.98 1 6 3006 
open 125.71 2 10 6008 
open 125.94 1 6 2948 
open 127.11 1 5 3002 
open 125.68 1 5 3001 
open 123.63 1 5 3002 
open 124.07 1 5 3002 
open 125.62 1 4 3001 
open 122.62 1 7 3011 
open 124.17 1 7 3004 
open 123.35 2 14 6035 
open 122.65 1 6 3021 
open 123.07 1 6 3030 
open 121.72 1 5 3008 
open 118.97 1 4 3000 
open 117.72 1 4 3000 
open 113.61 1 5 3002 
open 111.89 1 6 3005 
open 115.76 1 5 3001 
open 116.84 1 5 3241 
open 113.32 1 7 3008 
open 113.24 1 7 3007 
open 113.04 1 3 3001 
open 113.33 1 5 3004 
open 114.77 1 5 3004 
open 114.80 1 7 3007 
open 114.99 1 7 3005 
open 113.44 1 7 3008 
open 112.56 1 6 3005 
open 115.24 1 7 3003 
open 114.37 1 5 3016 
open 114.00 1 5 3003 
open 113.40 1 7 3075 
open 115.04 1 5 3015 
open 115.96 1 7 3014 
open 118.09 1 7 3018 
open 119.71 1 6 3016 
open 122.21 1 7 3015 
open 122.37 2 11 6017 
open 122.41 1 7 3800 
open 122.77 1 7 3495 
open 122.52 1 5 3012 
open 122.17 1 5 3011 
open 120.59 1 5 3013 
open 122.06 1 6 3013 
open 120.03 1 5 3012 
open 120.82 2 13 5972 
open 119.77 1 6 3016 
open 119.24 1 6 3017 
open 120.42 1 6 3013 
open 121.67 1 5 3012 
open 120.17 1 7 3008 
open 116.35 1 6 3005 
open 121.30 2 14 6028 
open 123.84 2 12 6027 
open 125.05 1 7 3012 
open 123.37 1 5 3004 
open 123.96 1 7 3007 
open 127.27 1 7 3008 
open 130.28 1 6 3007 
open 130.30 1 7 3013 
open 129.51 1 5 3006 
open 129.81 1 4 3000 
open 129.03 1 6 3006 
open 131.22 1 6 3008 
open 129.44 1 4 3000 
open 132.34 1 7 3006 
open 132.47 1 7 3013 
open 132.00 1 7 3008 
open 134.05 1 7 3068 
open 132.32 1 6 3018 
open 132.07 1 6 3017 
open 131.98 1 7 3041 
open 131.93 1 5 3038 
open 133.13 1 7 3021 
open 133.29 1 6 3020 
open 134.23 1 7 4944 
open 135.37 1 7 3026 
open 134.44 1 7 3017 
open 135.42 1 6 3016 
open 134.91 1 7 3153 
open 135.53 1 7 3040 
open 133.15 1 7 3005 
open 132.35 1 4 3001 
open 131.33 1 6 3003 
open 131.09 1 6 3005 
open 131.97 1 7 3013 
open 130.43 1 5 2946 
open 130.90 1 6 3012 
open 132.42 1 6 3006 
open 132.39 1 7 3006 
open 133.09 1 7 4261 
open 131.76 1 7 3088 
open 129.37 1 7 3010 
open 130.40 1 5 3008 
open 130.52 1 7 3080 
open 125.11 1 6 3010 
open 128.77 1 5 3003 
open 129.74 1 7 3008 
open 127.54 1 6 3003 
open 128.26 2 12 6025 
open 128.82 1 6 3014 
open 130.08 1 6 3015 
open 131.64 1 6 3015 
open 130.58 1 7 3022 
open 129.17 1 7 3023 
open 126.17 1 6 3023 
open 127.37 1 6 3014 
open 129.99 1 7 3021 
open 129.10 1 6 3022 
open 129.49 1 7 3017 
open 131.20 1 7 3020 
open 132.91 1 7 3023 
open 128.92 1 7 3079 
open 129.53 1 6 3016 
open 128.52 1 7 3019 
open 128.16 1 7 3020 
open 128.44 1 5 3015 
open 127.91 1 7 3021 
open 127.87 1 7 3203 
open 124.41 1 7 3016 
open 124.01 1 7 3014 
open 124.23 1 7 3023 
open 124.98 1 7 3026 
open 125.38 1 7 3016 
open 125.92 1 7 3016 
open 126.44 1 6 3017 
open 125.65 1 7 3015 
open 126.42 1 7 3010 
open 124.61 1 7 2951 
open 125.16 1 7 3020 
open 125.50 1 7 3020 
open 124.93 1 7 3040 
open 123.29 1 6 3006 
open 122.82 1 6 3014 
open 122.12 1 7 3018 
open 121.81 1 7 3008 
open 122.89 1 7 3012 
open 121.54 1 6 3007 
open 121.85 1 6 3013 
open 121.69 1 7 3022 
open 122.04 1 7 3016 
open 120.67 1 7 3022 
hight 111.77 1 7 3217 
hight 113.15 1 6 3256 
hight 112.24 1 5 3054 
hight 109.92 1 7 3274 
hight 109.86 1 7 3141 
hight 109.68 2 14 6193 
hight 107.69 2 14 6594 
hight 107.06 1 7 3162 
hight 111.72 1 7 3368 
hight 112.54 1 7 3325 
hight 111.37 1 7 3142 
hight 112.36 1 7 3159 
hight 112.76 1 7 3105 
hight 113.69 1 7 3180 
hight 111.00 1 7 3747 
hight 111.07 2 14 6060 
hight 112.11 1 7 3222 
hight 109.26 1 7 3267 
hight 108.89 1 7 3173 
hight 109.71 1 7 3162 
hight 106.22 1 7 3415 
hight 103.48 1 7 3197 
hight 103.87 1 7 3268 
hight 106.54 1 7 3144 
hight 106.97 2 14 6252 
hight 107.52 1 7 3485 
hight 107.96 1 7 3182 
hight 108.70 3 20 9349 
hight 109.77 2 14 6825 
hight 110.10 1 7 3660 
hight 110.49 2 14 6674 
hight 110.61 1 7 3235 
hight 110.55 1 7 3555 
hight 109.62 1 7 3507 
hight 109.72 1 7 3427 
hight 109.38 1 7 3229 
hight 111.06 1 7 3328 
hight 111.75 1 7 3277 
hight 110.62 1 7 3173 
hight 110.67 1 7 3327 
hight 110.77 2 14 7940 
hight 109.44 1 7 3524 
hight 108.77 1 7 3570 
hight 109.78 1 7 4916 
hight 112.56 2 13 7219 
hight 115.93 2 14 7336 
hight 116.63 1 7 5661 
hight 117.08 1 7 7949 
hight 119.67 1 7 4314 
hight 119.06 1 7 4387 
hight 118.73 1 7 4528 
hight 119.13 1 7 4367 
hight 116.53 2 14 9277 
hight 117.91 1 7 4671 
hight 117.15 1 7 4367 
hight 117.54 1 7 4414 
hight 116.72 1 7 4310 
hight 115.30 1 7 4153 
hight 116.64 1 7 4263 
hight 117.07 2 13 7451 
hight 117.65 1 7 4429 
hight 117.19 1 7 4780 
hight 116.43 1 7 5146 
hight 115.88 1 7 5129 
hight 117.24 1 7 5265 
hight 117.47 1 7 4821 
hight 116.91 1 7 4627 
hight 115.78 1 7 4847 
hight 117.12 1 7 4682 
hight 118.84 1 7 4663 
hight 119.26 1 7 4633 
hight 119.40 1 7 4651 
hight 119.48 1 7 4451 
hight 118.22 1 7 4745 
hight 117.48 1 7 4699 
hight 118.09 1 7 4711 
hight 118.60 1 7 4216 
hight 118.39 1 7 4213 
hight 117.73 1 7 4528 
hight 116.54 2 14 7146 
hight 116.67 1 7 4583 
hight 116.77 1 7 4666 
hight 117.64 1 7 4640 
hight 118.90 1 7 4605 
hight 121.95 1 7 4353 
hight 121.17 2 11 7429 
hight 122.30 2 14 7859 
hight 123.02 1 7 5148 
hight 122.59 2 13 8095 
hight 122.31 1 7 4887 
hight 122.13 2 12 8269 
hight 122.48 1 7 4819 
hight 123.19 1 7 4876 
hight 123.14 1 7 4970 
hight 124.35 1 7 5427 
hight 125.63 1 7 4760 
hight 125.23 1 7 4368 
hight 124.88 1 7 4911 
hight 125.20 1 7 7180 
hight 125.47 1 7 5829 
hight 126.13 1 7 4589 
hight 126.92 1 7 4990 
hight 128.94 1 7 5163 
hight 130.44 1 7 4899 
hight 130.50 2 14 8812 
hight 130.74 2 14 8055 
hight 128.72 1 7 4913 
hight 128.70 1 7 5514 
hight 129.46 1 7 5128 
hight 129.62 1 7 4499 
hight 128.65 1 7 4263 
hight 129.74 1 7 4435 
hight 129.02 1 7 4216 
hight 130.05 1 7 4388 
hight 131.73 2 13 7897 
hight 132.96 1 7 4349 
hight 134.48 1 7 4434 
hight 135.49 1 7 4349 
hight 136.90 1 7 4247 
hight 139.17 2 14 7477 
hight 140.89 2 14 6969 
hight 140.07 2 13 7191 
hight 140.19 1 7 4547 
hight 139.41 2 13 7123 
hight 138.56 1 7 4291 
hight 138.01 1 7 4492 
hight 134.19 1 7 4009 
hight 135.43 2 13 6758 
hight 137.73 1 7 3937 
hight 137.40 3 21 9905 
hight 136.99 1 7 3808 
hight 135.27 1 7 3937 
hight 132.12 1 7 3776 
hight 128.69 1 7 4268 
hight 131.37 1 7 3658 
hight 132.86 1 7 3877 
hight 131.44 1 7 3569 
hight 130.20 1 7 3580 
hight 129.78 1 7 3885 
hight 128.78 1 7 3656 
hight 129.99 1 7 3807 
hight 128.10 1 7 3768 
hight 126.33 1 7 3917 
hight 129.31 1 7 3625 
hight 130.25 3 18 9807 
hight 132.26 2 11 6894 
hight 131.65 1 7 3704 
hight 133.09 2 14 6670 
hight 133.86 3 21 9951 
hight 134.84 1 7 6030 
hight 136.00 2 13 8908 
hight 137.80 1 7 3041 
hight 135.86 1 7 3034 
hight 135.59 1 7 3018 
hight 134.16 1 7 3034 
hight 134.92 1 7 3035 
hight 135.99 2 14 6044 
hight 137.56 3 21 9053 
hight 139.02 1 7 3030 
hight 133.63 1 7 3025 
hight 132.15 1 7 2974 
hight 129.00 1 7 3018 
hight 129.27 1 7 3034 
hight 130.65 2 13 6031 
hight 130.99 1 7 3027 
hight 132.99 2 13 6041 
hight 135.22 1 7 3025 
hight 137.85 1 7 3028 
hight 136.30 1 7 3022 
hight 136.34 1 7 3014 
hight 136.67 2 14 6047 
hight 134.51 1 7 3008 
hight 133.20 2 14 6050 
hight 132.38 3 18 9015 
hight 134.86 1 7 3018 
hight 134.99 1 7 3014 
hight 135.76 1 7 3012 
hight 134.81 2 12 6019 
hight 135.37 1 7 3009 
hight 136.54 1 7 3016 
hight 137.05 1 7 3015 
hight 135.93 1 7 3016 
hight 133.55 1 7 3010 
hight 133.69 1 7 3012 
hight 135.08 1 7 3017 
hight 135.46 2 14 6020 
hight 137.52 1 7 3015 
hight 137.39 2 12 6013 
hight 137.01 2 13 6022 
hight 136.86 1 7 3015 
hight 136.94 3 19 9027 
hight 136.47 1 7 3075 
hight 136.97 1 7 3013 
hight 138.26 1 7 3013 
hight 136.73 1 7 3015 
hight 136.93 1 7 3015 
hight 138.66 1 7 3011 
hight 140.47 1 7 3012 
hight 140.32 1 7 3014 
hight 140.73 1 7 3020 
hight 141.58 1 7 4332 
hight 138.94 2 10 6008 
hight 136.15 1 7 3011 
hight 135.33 2 12 6019 
hight 135.52 1 6 3013 
hight 135.78 1 7 3013 
hight 136.57 1 6 3007 
hight 138.29 1 7 3012 
hight 139.38 2 10 6009 
hight 139.77 1 6 3013 
hight 140.69 1 6 3010 
hight 140.17 1 6 3011 
hight 139.07 1 7 2947 
hight 139.45 1 7 3003 
hight 140.24 1 6 3007 
hight 140.03 1 7 3008 
hight 140.48 1 6 3006 
hight 137.93 1 6 3005 
hight 136.03 1 5 3006 
hight 136.21 1 6 3008 
hight 136.17 1 6 3004 
hight 133.67 1 6 3004 
hight 133.46 1 7 3010 
hight 133.37 2 14 6014 
hight 134.36 1 6 3002 
hight 135.73 1 7 3009 
hight 137.20 2 13 6023 
hight 136.98 2 13 6029 
hight 138.81 2 13 6014 
hight 138.37 1 5 3005 
hight 135.55 1 7 3006 
hight 136.11 1 6 3009 
hight 137.77 1 5 3004 
hight 136.39 1 7 3014 
hight 136.49 1 7 3013 
hight 136.83 1 6 3006 
hight 138.23 1 7 3008 
hight 138.65 1 7 3012 
hight 140.41 1 7 3072 
hight 141.15 1 6 3010 
hight 140.70 1 6 3007 
hight 141.06 1 7 3014 
hight 142.78 1 7 3004 
hight 143.59 1 7 3007 
hight 143.54 1 5 3002 
hight 139.34 1 6 3010 
hight 139.89 1 6 3007 
hight 139.92 1 6 3006 
hight 141.05 1 5 3002 
hight 142.65 1 6 3003 
hight 143.39 1 7 3010 
hight 142.53 1 7 3010 
hight 141.65 1 7 3010 
hight 141.61 1 6 3009 
hight 141.36 1 6 3005 
hight 142.30 1 6 3009 
hight 142.46 1 6 3004 
hight 141.96 1 7 2947 
hight 144.12 1 7 3010 
hight 144.88 1 6 3004 
hight 144.80 1 7 3010 
hight 145.46 1 6 3008 
hight 143.83 1 7 3010 
hight 144.67 2 12 6016 
hight 142.42 1 4 3003 
hight 143.76 1 6 3007 
hight 144.42 1 7 3008 
hight 145.47 1 7 3008 
hight 145.68 1 7 3009 
hight 145.81 1 6 3006 
hight 146.62 1 6 3007 
hight 147.26 1 5 3007 
hight 147.39 1 7 3013 
hight 147.16 1 7 3008 
hight 147.84 1 7 3011 
hight 148.01 1 7 3008 
hight 148.05 1 6 3005 
hight 148.57 1 7 3005 
hight 149.71 1 7 3012 
hight 149.98 1 7 3013 
hight 150.71 1 7 3009 
hight 149.77 1 7 3009 
hight 150.22 1 6 3009 
hight 149.31 1 6 3012 
hight 150.43 1 7 3009 
hight 150.37 1 6 3016 
hight 150.15 1 6 3010 
hight 150.02 1 7 3015 
hight 150.70 1 7 3068 
hight 150.56 1 7 3019 
hight 151.43 1 7 3008 
hight 151.65 1 7 3018 
hight 153.36 1 6 3008 
hight 154.16 1 6 3008 
hight 155.24 1 6 3007 
hight 155.90 1 7 3007 
hight 156.43 1 7 4390 
hight 157.89 1 7 4387 
hight 158.04 1 7 3014 
hight 156.33 1 7 3011 
hight 158.46 1 7 3006 
hight 158.61 1 6 3009 
hight 157.85 1 7 3006 
hight 158.92 1 7 3008 
hight 158.74 1 6 3010 
hight 159.63 1 7 3012 
hight 157.25 1 7 3008 
hight 155.71 1 4 3001 
hight 156.92 1 7 3006 
hight 157.99 1 7 2954 
hight 158.84 1 6 3009 
hight 160.09 1 7 3018 
hight 162.39 1 7 3008 
hight 161.94 1 6 3004 
hight 163.24 1 6 3006 
hight 163.58 1 7 3013 
hight 163.64 1 7 3012 
hight 163.92 1 7 3008 
hight 164.28 1 6 3009 
hight 164.57 1 5 3008 
hight 164.37 1 7 3009 
hight 166.07 1 7 3011 
hight 166.91 1 7 3008 
hight 167.16 1 6 3003 
hight 168.47 1 7 3016 
hight 168.92 1 6 3011 
hight 168.84 1 6 3005 
hight 166.30 1 4 3001 
hight 164.20 1 6 3006 
hight 165.38 1 5 3004 
hight 159.17 1 4 3013 
hight 159.67 1 5 3004 
hight 159.58 1 5 3003 
hight 158.64 1 6 3003 
hight 162.55 1 7 3012 
hight 162.80 1 4 3000 
hight 165.04 1 6 3004 
hight 165.81 1 5 3003 
hight 167.70 1 7 3006 
hight 166.46 1 6 3005 
hight 165.85 1 5 3063 
hight 167.25 1 5 3005 
hight 167.63 1 4 3000 
hight 164.27 1 5 3005 
hight 163.11 1 6 3008 
hight 163.82 1 6 3004 
hight 164.98 1 6 3007 
hight 165.29 1 4 3004 
hight 164.91 2 12 7388 
hight 166.62 1 7 5825 
hight 164.04 1 7 3007 
hight 162.28 1 4 3001 
hight 158.47 1 3 2999 
hight 159.09 1 3 2999 
hight 159.48 1 5 3002 
hight 157.00 1 6 3007 
hight 159.04 1 7 3012 
hight 161.34 1 6 3004 
hight 161.15 1 4 3001 
hight 159.19 1 5 3001 
hight 159.12 1 4 3000 
hight 156.74 1 4 3001 
hight 159.20 1 5 2942 
hight 161.67 1 5 3001 
hight 161.45 1 4 3002 
hight 164.95 1 6 3006 
hight 163.09 1 4 3000 
hight 163.05 1 4 3001 
hight 163.00 1 6 3003 
hight 163.87 1 4 3002 
hight 164.46 1 6 3002 
hight 167.14 1 5 3001 
hight 167.81 1 4 3002 
hight 168.36 1 4 3001 
hight 169.43 1 6 3004 
hight 169.12 1 5 3003 
hight 169.64 1 5 3002 
hight 169.90 1 4 3000 
hight 169.96 1 4 3000 
hight 169.16 1 5 3002 
hight 169.46 1 6 3002 
hight 163.83 1 3 2999 
hight 163.08 1 3 3000 
hight 161.98 1 4 3000 
hight 157.98 1 4 3000 
hight 153.42 1 3 2999 
hight 156.82 1 4 3000 
hight 156.30 1 3 2999 
hight 150.57 1 3 2999 
hight 141.70 2 10 6034 
hight 138.93 1 3 2999 
hight 131.31 1 4 3071 
hight 131.02 1 5 3003 
hight 130.16 1 3 2999 
hight 126.00 1 3 2999 
hight 126.19 1 3 2999 
hight 124.59 1 5 3001 
hight 120.95 1 4 3000 
hight 125.45 1 4 3000 
hight 130.96 1 5 3006 
hight 129.70 1 5 4610 
hight 128.53 1 6 4682 
hight 127.61 1 4 3000 
hight 119.42 1 3 2999 
hight 119.54 1 4 3000 
hight 120.00 1 5 3001 
hight 118.78 1 5 3002 
hight 124.74 1 5 3003 
hight 126.06 1 4 3000 
hight 126.01 2 9 6003 
hight 128.74 1 4 3000 
hight 134.49 1 3 2999 
hight 133.90 2 9 5959 
hight 134.32 1 3 3003 
hight 132.00 2 10 6002 
hight 129.24 1 5 3001 
hight 132.85 2 11 6013 
hight 133.39 1 5 3002 
hight 137.42 2 8 6003 
hight 139.20 1 3 2999 
hight 138.30 1 5 3002 
hight 135.14 1 5 3003 
hight 135.92 1 5 3004 
hight 136.87 1 5 3002 
hight 131.86 1 5 3001 
hight 134.73 1 3 2999 
hight 136.07 2 8 6001 
hight 137.67 1 4 3002 
hight 138.68 1 3 2999 
hight 137.83 1 5 3001 
hight 135.12 1 5 3001 
hight 133.85 1 5 3005 
hight 134.38 1 5 3001 
hight 135.18 1 6 3002 
hight 133.47 2 11 6007 
hight 136.05 2 11 6035 
hight 138.47 2 12 13142 
hight 135.97 1 4 3000 
hight 135.68 1 5 3002 
hight 135.31 1 4 3001 
hight 133.98 1 6 3032 
hight 132.66 1 4 3000 
hight 134.52 1 4 3002 
hight 131.58 1 4 3000 
hight 131.06 1 3 2999 
hight 132.58 1 5 4620 
hight 133.77 2 11 7629 
hight 134.35 1 3 3000 
hight 133.60 1 6 3006 
hight 130.29 1 5 3001 
hight 127.05 1 6 3002 
hight 126.94 1 5 3001 
hight 124.45 1 4 3002 
hight 125.22 1 3 3000 
hight 123.88 1 4 3001 
hight 125.17 1 5 3002 
hight 125.05 2 13 6019 
hight 125.42 1 4 2940 
hight 127.88 1 6 3006 
hight 127.43 2 11 5950 
hight 127.65 1 6 3006 
hight 126.27 1 6 3006 
hight 125.93 2 11 6026 
hight 123.35 1 4 3000 
hight 118.69 1 4 3001 
hight 114.38 1 4 3000 
hight 113.65 1 6 3002 
hight 114.12 1 4 3001 
hight 113.03 1 5 3002 
hight 113.38 1 5 3003 
hight 111.34 1 5 3001 
hight 110.82 1 5 3004 
hight 112.98 1 4 3003 
hight 113.36 1 5 3003 
hight 114.40 1 6 3006 
hight 114.71 1 6 3003 
hight 113.91 3 17 9061 
hight 110.32 1 6 3023 
hight 109.53 1 7 3005 
hight 109.52 1 7 3011 
hight 108.23 2 10 6021 
hight 112.96 1 6 3044 
hight 114.00 1 6 3025 
hight 115.32 1 6 3142 
hight 115.63 1 7 3157 
hight 114.75 2 13 6082 
hight 113.45 1 5 3063 
hight 115.39 1 7 3008 
hight 113.77 1 6 3004 
hight 114.93 1 5 3002 
hight 111.89 1 6 3158 
hight 111.18 1 5 3002 
hight 112.18 1 6 3020 
hight 112.10 1 5 3003 
hight 110.09 1 7 3528 
hight 110.22 1 6 3523 
hight 109.74 1 6 3006 
hight 111.13 1 6 3008 
hight 112.88 1 6 3042 
hight 113.98 1 7 3005 
hight 112.89 1 5 3003 
hight 113.42 1 7 3006 
hight 114.21 1 7 3014 
hight 113.80 1 7 3009 
hight 115.95 1 6 3002 
hight 115.24 1 6 3006 
hight 115.52 1 4 3000 
hight 116.39 1 5 2942 
hight 123.30 1 5 3003 
hight 122.14 2 9 6055 
hight 120.37 1 7 3061 
hight 121.82 1 5 3011 
hight 120.81 1 5 3083 
hight 116.80 1 4 3002 
hight 117.21 1 5 3001 
hight 117.77 1 4 3002 
hight 117.87 1 4 3000 
hight 117.83 1 3 3000 
hight 116.37 1 3 3000 
hight 116.65 1 5 3002 
hight 117.72 1 5 3265 
hight 117.03 1 5 3003 
hight 112.92 1 4 3001 
hight 113.55 1 6 3005 
hight 113.20 1 4 3000 
hight 114.15 1 3 2999 
hight 111.03 1 4 3002 
hight 111.91 1 7 3005 
hight 110.91 1 7 3046 
hight 109.01 1 7 3081 
hight 105.28 1 4 3018 
hight 104.91 1 6 3046 
hight 104.97 1 4 3025 
hight 107.66 1 7 3072 
hight 106.51 2 10 6007 
hight 111.56 1 6 3095 
hight 107.55 1 6 3018 
hight 104.37 1 5 3002 
hight 104.49 1 6 3002 
hight 105.64 1 6 3065 
hight 104.50 1 4 3000 
hight 102.15 1 7 3004 
hight 102.51 1 6 3694 
hight 101.78 1 7 3430 
hight 100.17 1 7 3006 
hight 98.77 1 6 3008 
hight 101.28 1 6 3008 
hight 102.19 1 7 3004 
hight 101.96 1 7 3005 
hight 103.27 1 6 3004 
hight 105.98 1 6 3004 
hight 109.90 1 7 3009 
hight 110.80 1 5 3010 
hight 111.41 1 5 2943 
hight 111.11 1 6 3019 
hight 107.07 1 6 3005 
hight 107.98 1 5 3003 
hight 107.63 1 6 3007 
hight 103.91 1 6 3010 
hight 102.69 1 5 3003 
hight 101.39 1 5 3002 
hight 99.27 1 4 3003 
hight 100.89 1 5 3001 
hight 100.83 1 6 3008 
hight 101.60 1 4 3001 
hight 101.37 1 7 3006 
hight 100.64 1 7 3007 
hight 97.82 1 7 3015 
hight 97.29 1 5 3005 
hight 97.31 1 7 3014 
hight 97.79 1 5 3006 
hight 97.45 1 6 3005 
hight 99.16 1 7 3008 
hight 99.00 2 12 6035 
hight 100.40 1 7 3028 
hight 103.83 1 7 3011 
hight 103.61 1 6 3007 
hight 101.17 1 7 3009 
hight 102.78 1 6 3014 
hight 103.34 1 6 3032 
hight 104.57 1 7 3023 
hight 104.40 1 7 3071 
hight 103.97 1 7 3015 
hight 103.39 1 7 3012 
hight 104.74 1 6 3003 
hight 107.11 1 6 3013 
hight 107.65 1 7 3005 
hight 107.94 1 6 3007 
hight 111.45 1 5 3006 
hight 112.47 1 7 4775 
hight 115.97 1 6 3003 
hight 120.10 1 6 3004 
hight 120.68 1 3 3002 
hight 122.89 1 6 3005 
hight 127.39 1 6 3005 
hight 127.69 1 5 3002 
hight 126.53 1 5 3001 
hight 125.87 1 5 3003 
hight 125.76 1 3 2999 
hight 124.47 1 6 3003 
hight 121.85 1 6 2949 
hight 130.07 2 10 6005 
hight 131.09 1 3 3000 
hight 130.64 1 7 3004 
hight 129.88 2 9 6001 
hight 130.39 1 6 3004 
hight 132.74 1 6 3002 
hight 132.52 1 6 3003 
hight 133.78 1 4 3001 
hight 132.05 2 12 6089 
hight 131.38 2 10 5949 
hight 129.32 1 6 3002 
hight 131.10 2 11 6142 
hight 130.84 1 5 3002 
hight 130.80 1 6 3731 
hight 132.21 1 7 3010 
hight 132.72 2 13 6020 
hight 131.92 1 6 3007 
hight 130.45 1 5 3002 
hight 131.01 1 4 3001 
hight 132.41 1 5 3007 
hight 131.45 1 5 3006 
hight 133.28 1 6 3038 
hight 133.34 1 6 3004 
hight 134.93 1 6 3011 
hight 133.91 1 7 3009 
hight 133.18 1 6 3005 
hight 133.80 1 5 3005 
hight 135.48 1 6 3020 
hight 135.25 1 7 3072 
hight 133.99 1 7 3016 
hight 135.66 1 6 3022 
hight 137.97 1 7 3030 
hight 140.00 1 5 3011 
hight 142.14 1 6 3009 
hight 142.80 1 4 3003 
hight 142.87 1 6 4446 
hight 145.67 1 7 4746 
hight 145.11 1 6 4444 
hight 143.14 1 6 3010 
hight 142.89 1 7 3007 
hight 142.40 1 6 3006 
hight 141.23 1 6 3007 
hight 140.26 2 13 6018 
hight 141.01 1 7 3013 
hight 141.25 1 6 3006 
hight 141.10 1 7 3012 
hight 143.77 1 6 3012 
hight 143.37 1 6 3007 
hight 141.90 1 5 3006 
hight 143.05 1 6 2948 
hight 143.46 1 6 3012 
hight 141.53 1 6 3009 
hight 141.80 1 6 3014 
hight 142.45 1 7 3012 
hight 142.34 2 14 6036 
hight 139.35 1 7 3015 
hight 139.76 1 5 3005 
hight 138.59 1 6 3009 
hight 138.89 1 7 3015 
hight 139.11 1 7 3010 
hight 139.25 1 7 3020 
hight 138.75 1 7 3013 
hight 138.07 2 14 6161 
hight 137.23 1 7 3012 
hight 138.00 1 6 3010 
hight 137.60 1 7 3029 
hight 137.99 1 7 3022 
hight 138.24 1 7 3071 
hight 141.21 1 7 5950 
hight 138.78 1 5 3069 
hight 137.92 1 7 3013 
hight 137.78 1 6 3096 
hight 142.60 1 6 3022 
hight 146.67 1 3 3009 
hight 149.11 1 7 3038 
hight 148.16 1 7 3034 
hight 149.73 1 7 3043 
hight 148.23 1 7 3038 
hight 147.12 1 6 3044 
hight 147.19 1 7 4771 
hight 145.30 1 7 5839 
hight 138.87 1 7 3036 
hight 137.29 1 7 3041 
hight 135.16 1 7 4417 
hight 135.34 1 7 3036 
hight 135.35 2 10 6041 
hight 133.84 2 13 6066 
hight 129.94 1 6 3035 
hight 131.52 1 5 3009 
hight 131.28 1 7 3009 
hight 130.34 1 6 3003 
hight 128.75 1 6 3011 
hight 135.24 1 7 3009 
hight 135.98 1 6 3007 
hight 141.02 1 7 3200 
hight 140.64 1 5 3004 
hight 140.62 1 5 3006 
hight 139.13 1 5 3006 
hight 137.38 1 7 3009 
hight 137.76 1 5 3004 
hight 136.35 1 6 3008 
hight 137.08 1 5 3006 
hight 137.30 1 5 3004 
hight 138.33 1 7 3006 
hight 138.84 1 6 3006 
hight 135.77 1 6 3006 
hight 135.69 1 5 3007 
hight 136.72 1 6 3009 
hight 136.36 1 7 3069 
hight 133.52 1 6 3006 
hight 133.16 1 6 3010 
hight 132.23 1 6 3007 
hight 130.77 1 5 3010 
hight 134.57 1 4 3004 
hight 134.20 1 5 3007 
hight 132.62 1 7 4507 
hight 131.89 1 7 4566 
hight 129.05 2 10 6020 
hight 128.73 1 6 3004 
hight 128.71 1 6 3005 
hight 131.63 1 4 3003 
hight 127.36 1 4 3002 
hight 125.00 1 4 3001 
hight 125.57 2 12 6022 
hight 127.27 1 6 3006 
hight 126.58 1 3 3001 
hight 128.20 1 5 3002 
hight 125.83 1 5 3001 
hight 124.42 1 5 3002 
hight 125.96 1 5 3002 
hight 126.44 1 4 3001 
hight 124.43 1 7 3011 
hight 124.62 1 7 3004 
hight 124.02 1 7 3020 
hight 124.17 1 6 3021 
hight 123.29 2 12 6043 
hight 122.01 1 5 3008 
hight 119.47 1 4 3000 
hight 121.98 1 4 3000 
hight 114.78 1 5 3002 
hight 116.41 1 6 3005 
hight 118.38 1 5 3001 
hight 118.45 1 5 3241 
hight 113.74 1 7 3008 
hight 114.01 1 7 3007 
hight 114.90 1 5 3004 
hight 116.34 1 5 3004 
hight 116.06 1 7 3005 
hight 114.33 1 7 3008 
hight 115.35 1 6 3005 
hight 116.25 1 7 3003 
hight 115.14 1 5 3016 
hight 114.46 1 5 3003 
hight 115.66 1 7 3075 
hight 115.98 1 5 3015 
hight 117.20 1 7 3014 
hight 118.14 1 6 3012 
hight 120.14 1 7 3018 
hight 123.16 2 13 6031 
hight 124.07 1 5 3012 
hight 123.15 1 7 3800 
hight 123.71 1 7 3495 
hight 123.70 1 5 3012 
hight 122.58 1 5 3011 
hight 122.91 1 5 3013 
hight 123.28 1 6 3013 
hight 122.47 1 4 3011 
hight 121.31 1 5 3012 
hight 121.25 1 6 3019 
hight 119.86 1 6 3016 
hight 121.11 1 6 3017 
hight 122.86 1 6 3013 
hight 122.23 1 5 3012 
hight 120.82 1 7 2953 
hight 120.42 1 7 3008 
hight 118.76 1 7 3007 
hight 121.62 1 6 3005 
hight 122.55 1 7 3013 
hight 124.50 1 6 3005 
hight 125.80 2 14 6025 
hight 125.32 1 5 3005 
hight 125.77 1 7 3012 
hight 125.29 1 5 3009 
hight 123.84 1 5 3004 
hight 124.63 1 7 3015 
hight 127.47 2 14 6023 
hight 128.95 1 7 3008 
hight 130.59 2 13 6027 
hight 130.54 1 6 3007 
hight 131.34 1 7 3013 
hight 130.00 1 5 3006 
hight 130.37 1 4 3000 
hight 131.60 1 6 3006 
hight 131.68 1 6 3008 
hight 131.94 1 4 3000 
hight 134.13 1 6 3010 
hight 134.39 1 5 3003 
hight 133.10 1 7 3006 
hight 133.48 1 7 3013 
hight 134.15 1 7 3008 
hight 134.47 1 7 3068 
hight 133.12 1 6 3018 
hight 134.33 1 5 3038 
hight 134.87 1 7 4522 
hight 135.60 1 7 4944 
hight 136.58 1 7 3026 
hight 136.08 1 7 3017 
hight 136.27 1 6 3016 
hight 136.23 1 6 3026 
hight 137.47 1 7 3153 
hight 135.82 1 7 3040 
hight 133.03 1 4 3001 
hight 131.97 1 6 3003 
hight 132.25 1 7 3013 
hight 131.80 1 5 2946 
hight 132.60 1 6 3006 
hight 132.95 1 6 3006 
hight 133.32 1 7 4261 
hight 131.35 1 7 3010 
hight 131.33 1 5 3008 
hight 130.63 1 7 3080 
hight 128.87 1 6 3010 
hight 130.32 1 7 3008 
hight 128.79 1 6 3003 
hight 129.54 1 5 3004 
hight 130.72 1 6 3014 
hight 131.96 1 6 3015 
hight 131.75 1 6 3015 
hight 131.08 1 7 3022 
hight 129.43 1 7 3023 
hight 128.03 1 6 3023 
hight 130.82 1 7 3021 
hight 129.91 1 6 3022 
hight 131.47 1 7 3017 
hight 133.08 1 7 3023 
hight 131.93 1 7 3020 
hight 130.48 1 6 3014 
hight 130.18 1 6 3016 
hight 129.19 1 7 3079 
hight 129.61 1 7 3021 
hight 130.13 1 6 3016 
hight 129.16 1 7 3019 
hight 129.28 1 5 3015 
hight 128.96 1 7 3021 
hight 129.23 1 6 3022 
hight 128.35 1 7 3203 
hight 127.02 1 7 3197 
hight 124.95 1 7 3014 
hight 125.28 1 7 3023 
hight 125.43 1 7 3026 
hight 125.51 1 7 3034 
hight 126.28 1 7 3016 
hight 126.51 1 6 3017 
hight 126.67 1 7 3015 
hight 126.73 1 7 3010 
hight 124.93 1 7 2951 
hight 125.60 1 7 3016 
hight 126.77 1 7 3020 
hight 126.82 1 7 3029 
hight 125.16 1 7 3040 
hight 123.59 1 6 3006 
hight 123.72 1 6 3014 
hight 123.49 1 7 3013 
hight 122.24 1 7 3018 
hight 123.13 1 7 3008 
hight 122.98 1 7 3012 
hight 122.44 1 6 3007 
hight 122.11 1 7 3022 
hight 121.47 1 7 3015 
hight 121.36 1 7 3022 
low 105.23 1 7 3217 
low 108.95 1 6 3256 
low 108.00 1 5 3054 
low 106.47 2 11 6274 
low 106.61 1 7 3141 
low 106.10 1 7 3169 
low 104.13 1 7 3412 
low 104.75 1 7 3162 
low 106.44 1 7 3368 
low 109.44 1 7 3325 
low 108.39 1 7 3142 
low 108.69 2 11 6159 
low 107.41 1 7 3105 
low 110.28 1 7 3180 
low 108.40 2 12 6749 
low 106.66 1 7 3057 
low 108.65 1 7 3222 
low 107.09 1 7 3267 
low 106.80 2 13 6179 
low 105.91 1 7 3162 
low 101.13 1 7 3415 
low 99.91 1 7 3197 
low 101.43 2 13 6962 
low 103.40 1 7 3144 
low 104.53 1 7 3206 
low 104.64 1 7 3182 
low 104.87 1 7 3485 
low 105.18 1 7 3182 
low 106.85 1 7 3335 
low 107.76 2 14 8410 
low 108.21 1 7 3660 
low 107.61 1 7 3439 
low 108.59 1 7 3235 
low 108.61 1 7 3555 
low 105.52 1 7 3507 
low 105.81 1 7 3427 
low 107.68 1 7 3331 
low 106.08 1 7 3229 
low 108.12 1 7 3328 
low 109.60 1 7 3277 
low 109.25 1 7 3173 
low 108.53 1 7 3235 
low 109.07 1 7 3327 
low 108.33 2 13 6432 
low 106.84 1 7 3524 
low 106.91 1 7 3570 
low 108.84 2 12 7668 
low 109.89 1 7 4215 
low 112.22 1 7 4329 
low 113.49 1 7 5661 
low 115.06 1 7 7949 
low 116.56 1 7 4314 
low 115.66 1 7 4387 
low 115.65 1 7 4528 
low 114.39 1 7 4367 
low 114.30 1 7 4438 
low 115.26 1 7 4671 
low 114.81 2 14 9496 
low 116.00 1 7 4414 
low 114.07 1 7 4310 
low 111.31 1 7 4153 
low 112.76 1 7 4263 
low 115.68 1 7 4446 
low 115.32 1 7 4429 
low 114.66 1 7 4780 
low 114.65 1 7 4839 
low 114.96 1 7 5146 
low 115.11 1 7 5265 
low 115.90 1 7 4821 
low 113.69 1 7 4627 
low 113.44 1 7 4847 
low 115.22 1 7 4682 
low 116.29 1 7 4663 
low 117.03 2 13 7638 
low 117.31 1 7 4651 
low 117.52 1 7 4451 
low 116.66 1 7 4745 
low 115.15 1 7 4699 
low 115.91 1 7 4711 
low 115.30 1 7 4216 
low 116.55 1 7 4213 
low 116.07 1 7 4528 
low 114.22 1 7 4139 
low 115.40 1 7 4583 
low 115.82 1 7 4666 
low 116.06 1 7 4640 
low 116.68 1 7 4605 
low 118.15 1 7 4353 
low 119.03 1 7 4428 
low 120.37 1 7 4843 
low 121.11 1 7 5148 
low 120.98 1 7 5092 
low 120.61 2 14 7900 
low 120.52 1 7 5268 
low 120.38 1 7 4819 
low 120.62 1 7 4876 
low 120.57 1 7 4970 
low 120.26 1 7 5427 
low 123.53 1 7 4760 
low 122.85 1 7 4368 
low 123.28 1 7 4911 
low 123.68 1 7 7180 
low 124.11 1 7 5829 
low 124.38 1 7 4589 
low 124.13 1 7 4990 
low 126.24 1 7 5163 
low 127.72 1 7 4899 
low 129.13 1 7 4989 
low 126.92 1 7 5047 
low 126.03 1 7 4913 
low 126.04 1 7 5514 
low 127.94 1 7 5128 
low 125.50 1 7 4499 
low 126.00 1 7 4263 
low 127.62 1 7 4435 
low 127.46 1 7 4216 
low 128.30 1 7 4388 
low 129.84 1 7 4885 
low 131.35 1 7 4349 
low 132.37 1 7 4434 
low 131.65 1 7 4349 
low 132.27 1 7 4247 
low 136.45 1 7 4461 
low 138.13 2 14 6975 
low 137.31 2 13 7195 
low 137.21 2 13 7556 
low 135.26 1 7 4117 
low 135.13 2 14 7306 
low 133.18 1 7 4492 
low 130.61 2 14 7018 
low 131.50 1 7 3750 
low 134.56 1 7 3937 
low 134.25 1 7 3843 
low 133.45 1 7 3808 
low 131.61 1 7 3937 
low 126.67 2 11 6776 
low 125.52 1 7 4268 
low 125.03 1 7 3658 
low 129.52 1 7 3877 
low 127.52 1 7 3569 
low 126.91 1 7 3580 
low 128.11 1 7 3823 
low 126.52 2 14 6893 
low 126.84 1 7 3656 
low 126.20 1 7 3807 
low 125.78 1 7 3768 
low 124.16 1 7 3917 
low 125.08 1 7 3625 
low 128.46 1 7 3790 
low 128.75 1 7 3892 
low 130.33 1 7 3704 
low 130.78 3 19 9668 
low 132.16 1 7 3909 
low 133.08 2 13 9035 
low 134.09 3 21 11943 
low 133.34 1 7 3041 
low 131.63 2 13 6040 
low 131.95 1 7 3018 
low 130.76 1 7 3034 
low 131.82 1 7 3035 
low 133.55 1 7 3038 
low 135.22 1 7 3030 
low 134.27 1 7 3031 
low 132.83 1 7 3030 
low 133.28 1 7 3032 
low 130.77 1 7 3025 
low 127.22 1 7 2974 
low 125.84 1 7 3018 
low 126.43 2 14 6038 
low 127.26 1 7 3021 
low 128.26 1 7 3027 
low 129.57 2 13 6042 
low 131.49 1 7 3025 
low 133.30 2 12 6032 
low 134.29 1 7 3022 
low 133.04 2 14 6020 
low 131.56 2 14 6018 
low 130.84 1 7 3009 
low 130.12 1 7 3009 
low 130.83 2 14 6038 
low 133.44 1 7 3014 
low 133.65 1 7 3012 
low 132.81 1 7 3017 
low 132.84 1 7 3009 
low 133.23 1 7 3016 
low 132.03 2 14 6022 
low 132.01 1 7 3012 
low 131.79 2 13 6023 
low 133.07 1 7 3014 
low 135.11 1 7 3015 
low 135.86 1 7 3012 
low 135.00 1 7 3016 
low 134.57 1 7 3015 
low 135.36 1 7 3013 
low 134.71 1 7 3075 
low 134.65 3 19 9025 
low 136.04 1 7 3013 
low 134.04 2 14 6041 
low 135.03 3 17 9027 
low 136.23 1 7 3011 
low 137.81 1 7 3012 
low 138.32 1 7 3014 
low 139.07 1 7 3020 
low 137.83 1 7 4332 
low 135.37 1 7 3008 
low 133.00 1 7 3011 
low 132.99 1 6 3014 
low 133.77 2 13 6021 
low 133.59 1 7 3013 
low 135.97 1 7 3012 
low 137.47 1 5 3003 
low 138.65 1 6 3010 
low 137.86 1 6 3011 
low 137.36 1 7 2947 
low 138.30 1 7 3003 
low 138.90 1 6 3007 
low 138.28 1 7 3008 
low 137.00 1 6 3006 
low 134.79 1 6 3005 
low 134.38 1 5 3006 
low 134.53 2 13 6022 
low 135.05 1 6 3004 
low 130.70 1 6 3004 
low 131.43 1 7 3010 
low 132.45 3 18 9015 
low 132.90 1 7 3009 
low 133.56 1 6 3005 
low 134.85 1 6 3012 
low 135.76 1 6 3006 
low 134.54 1 5 3005 
low 133.51 1 7 3006 
low 134.36 1 6 3009 
low 135.78 1 5 3004 
low 134.87 1 7 3015 
low 134.89 1 7 3013 
low 135.73 1 6 3006 
low 135.84 1 7 3008 
low 136.97 1 7 3012 
low 137.65 1 6 3006 
low 139.12 1 7 3072 
low 137.79 1 6 3010 
low 137.51 1 5 3006 
low 138.50 1 6 3007 
low 139.52 1 7 3014 
low 140.53 1 7 3004 
low 141.31 1 7 3007 
low 138.21 1 5 3002 
low 137.58 1 6 3010 
low 138.68 1 6 3007 
low 137.66 1 7 3009 
low 137.10 1 6 3006 
low 138.81 1 5 3002 
low 140.91 1 6 3003 
low 141.02 1 7 3010 
low 139.37 1 7 3010 
low 139.53 2 13 6019 
low 137.78 1 6 3005 
low 140.67 1 6 3004 
low 139.71 1 7 2947 
low 141.19 1 7 3010 
low 142.68 1 6 3004 
low 142.89 1 7 3010 
low 141.48 2 12 7452 
low 142.10 1 7 3010 
low 141.25 1 7 3008 
low 140.83 1 4 3003 
low 140.18 1 6 3007 
low 142.78 1 7 3008 
low 143.72 1 7 3008 
low 143.64 1 7 3009 
low 144.18 1 6 3006 
low 144.41 1 6 3007 
low 145.32 1 5 3007 
low 145.01 1 7 3013 
low 145.75 1 7 3008 
low 146.31 1 7 3011 
low 145.72 1 7 3008 
low 146.19 1 6 3005 
low 147.21 1 7 3005 
low 148.09 1 7 3012 
low 148.51 1 7 3013 
low 148.23 1 7 3009 
low 147.55 1 7 3009 
low 148.38 1 6 3009 
low 147.70 1 6 3012 
low 148.26 1 7 3009 
low 148.99 1 6 3016 
low 148.49 1 6 3010 
low 148.53 1 7 3015 
low 148.94 1 7 3068 
low 148.85 1 7 3019 
low 150.16 1 7 3008 
low 150.60 1 7 3018 
low 150.33 1 6 3008 
low 152.53 1 6 3008 
low 152.43 1 6 3007 
low 153.80 1 7 3007 
low 155.59 1 7 4390 
low 155.42 1 7 4387 
low 153.66 1 7 3014 
low 154.52 1 7 3011 
low 155.50 1 7 3006 
low 155.76 1 6 3009 
low 155.24 1 7 3006 
low 155.81 2 14 6020 
low 156.21 1 6 3010 
low 155.71 1 7 3012 
low 150.72 1 7 3008 
low 152.23 1 4 3001 
low 152.64 1 7 3006 
low 156.03 1 7 2954 
low 155.34 1 6 3009 
low 158.15 1 7 3018 
low 159.57 1 7 3008 
low 159.60 1 6 3004 
low 161.24 1 6 3006 
low 161.89 1 7 3013 
low 161.07 1 7 3012 
low 162.59 1 7 3008 
low 162.17 1 6 3009 
low 162.95 1 5 3008 
low 161.76 1 7 3009 
low 161.49 1 7 3011 
low 165.09 1 7 3008 
low 164.22 1 6 3003 
low 166.34 1 7 3016 
low 166.49 1 6 3011 
low 165.85 1 6 3005 
low 160.63 1 4 3001 
low 160.47 1 6 3006 
low 158.79 1 5 3004 
low 149.25 1 4 3013 
low 153.54 1 5 3004 
low 154.51 1 5 3003 
low 155.14 1 6 3003 
low 157.76 1 7 3012 
low 160.69 1 4 3000 
low 162.09 1 6 3004 
low 163.62 1 5 3003 
low 164.87 1 7 3006 
low 160.49 1 6 3005 
low 161.71 1 5 3063 
low 164.93 1 5 3005 
low 158.68 1 4 3000 
low 160.45 1 5 3005 
low 159.35 1 6 3008 
low 160.24 1 6 3004 
low 161.17 1 6 3007 
low 162.26 1 4 3004 
low 161.74 1 7 4385 
low 162.81 2 13 8827 
low 159.71 1 7 3007 
low 157.86 1 4 3001 
low 152.10 1 3 2999 
low 152.78 1 3 2999 
low 156.18 1 5 3002 
low 154.05 1 6 3007 
low 157.72 1 6 3004 
low 155.93 1 4 3001 
low 155.57 1 5 3001 
low 151.81 1 4 3000 
low 151.74 1 4 3001 
low 155.67 1 5 2942 
low 158.53 1 5 3001 
low 158.23 1 4 3002 
low 160.42 1 5 3003 
low 161.11 1 6 3006 
low 160.61 1 4 3000 
low 158.59 1 4 3001 
low 161.25 1 6 3003 
low 161.58 1 4 3002 
low 161.80 1 6 3002 
low 161.72 1 5 3001 
low 165.64 1 4 3002 
low 166.77 1 4 3001 
low 166.06 1 6 3004 
low 167.11 1 5 3003 
low 166.40 1 5 3002 
low 165.31 1 4 3000 
low 167.51 1 4 3000 
low 166.84 1 5 3002 
low 160.86 1 3 2999 
low 159.96 1 3 3000 
low 156.98 1 4 3000 
low 150.48 1 4 3000 
low 147.02 1 3 2999 
low 147.50 1 4 3000 
low 148.54 1 3 2999 
low 132.22 1 3 2999 
low 130.62 1 3 2999 
low 113.61 1 4 3071 
low 121.40 2 9 5943 
low 121.84 1 3 2999 
low 117.65 1 3 2999 
low 116.41 1 3 2999 
low 116.54 1 5 3001 
low 115.88 2 9 6265 
low 117.78 1 4 3000 
low 123.70 1 5 3006 
low 125.99 1 5 4610 
low 125.17 1 6 4682 
low 117.11 1 4 3000 
low 115.31 1 5 3001 
low 112.09 1 3 2999 
low 113.13 1 4 3000 
low 114.19 1 5 3001 
low 114.87 1 5 3002 
low 115.94 1 5 3003 
low 121.75 1 4 3000 
low 122.36 1 3 2999 
low 122.10 1 4 3000 
low 128.00 2 9 6730 
low 126.41 1 3 2939 
low 129.87 1 5 3001 
low 130.88 1 3 3003 
low 126.07 1 6 3002 
low 124.39 1 5 3001 
low 129.85 1 5 3002 
low 126.98 2 11 6004 
low 129.71 1 5 3002 
low 131.69 1 3 2999 
low 135.28 1 3 2999 
low 132.72 2 12 6071 
low 131.42 1 5 3003 
low 132.96 1 5 3004 
low 131.72 1 5 3002 
low 127.02 1 5 3001 
low 130.46 1 3 2999 
low 132.06 1 5 3002 
low 132.77 1 4 3002 
low 135.23 1 3 2999 
low 132.49 1 5 3001 
low 132.17 1 3 2999 
low 131.84 1 5 3001 
low 131.02 2 11 6014 
low 131.29 1 5 3001 
low 129.80 1 6 3002 
low 129.03 1 4 3000 
low 129.56 1 4 3001 
low 132.24 2 11 6022 
low 135.18 1 5 3062 
low 131.57 1 4 3000 
low 132.48 1 5 3002 
low 132.43 1 4 3001 
low 131.75 1 6 3032 
low 126.90 1 4 3000 
low 129.63 2 10 6008 
low 128.77 1 4 3000 
low 127.47 1 3 2999 
low 130.54 1 5 4620 
low 131.44 2 12 7688 
low 131.24 1 3 3000 
low 125.65 1 5 3001 
low 124.73 1 6 3002 
low 120.67 1 5 3001 
low 121.38 1 4 3002 
low 121.55 1 3 3000 
low 119.64 1 6 3003 
low 120.29 1 4 3001 
low 121.86 1 5 3002 
low 121.04 1 6 3003 
low 124.43 1 6 3006 
low 123.42 1 5 3002 
low 123.14 1 6 3006 
low 122.34 1 6 3006 
low 122.46 1 4 3000 
low 110.66 1 4 3000 
low 111.83 2 9 6003 
low 108.81 1 4 3000 
low 109.19 1 6 3002 
low 108.06 1 4 3001 
low 110.84 1 5 3003 
low 107.31 1 5 3001 
low 107.49 1 5 3004 
low 109.29 1 4 3003 
low 111.42 1 5 3003 
low 110.00 1 6 3006 
low 112.02 1 6 3003 
low 112.27 1 7 3007 
low 109.06 1 6 3004 
low 105.42 1 6 3023 
low 106.17 1 7 3005 
low 106.09 1 7 3011 
low 105.77 1 5 3018 
low 107.71 1 6 3044 
low 112.17 1 6 3025 
low 112.97 1 6 3142 
low 112.83 1 7 3157 
low 111.79 1 6 3006 
low 111.55 1 7 3053 
low 111.52 1 5 3063 
low 111.71 1 7 3008 
low 111.04 1 6 3004 
low 110.73 1 5 3002 
low 110.47 1 6 3020 
low 109.55 1 5 3003 
low 107.62 1 7 3528 
low 107.60 1 6 3523 
low 107.84 1 6 3008 
low 110.30 1 6 3042 
low 111.40 1 7 3005 
low 110.76 1 5 3003 
low 112.04 1 7 3006 
low 112.21 1 7 3014 
low 111.94 2 13 6015 
low 112.51 1 6 3002 
low 113.54 1 5 2942 
low 116.22 1 4 3001 
low 120.13 1 5 3003 
low 116.46 1 6 3053 
low 118.38 1 7 3061 
low 119.20 1 5 3011 
low 114.78 1 5 3083 
low 113.40 1 4 3002 
low 113.85 2 12 6008 
low 114.45 1 4 3002 
low 115.75 1 4 3000 
low 114.94 1 3 3000 
low 113.48 1 3 3000 
low 113.75 1 5 3002 
low 109.56 1 5 3003 
low 110.64 1 4 3001 
low 111.45 1 6 3005 
low 109.04 1 3 2999 
low 108.01 1 4 3002 
low 109.00 1 7 3003 
low 110.08 1 7 3005 
low 107.82 1 7 3046 
low 103.88 1 7 3081 
low 103.94 1 7 3046 
low 101.92 1 4 3018 
low 100.75 1 6 3046 
low 101.60 1 4 3025 
low 104.17 1 7 3072 
low 104.86 1 5 3001 
low 104.73 1 6 3095 
low 106.56 1 5 3003 
low 103.96 1 6 3018 
low 103.21 1 5 3002 
low 102.47 1 6 3002 
low 103.32 1 6 3065 
low 101.44 1 4 3000 
low 101.03 1 7 3004 
low 99.34 1 7 3430 
low 97.27 1 7 3006 
low 97.01 1 6 3008 
low 97.67 1 6 3008 
low 99.52 1 7 3004 
low 99.23 1 7 3005 
low 101.63 1 6 3004 
low 101.91 1 6 3004 
low 105.46 2 14 6033 
low 105.63 1 6 3008 
low 105.69 1 7 3006 
low 108.36 1 5 3010 
low 108.47 1 5 2943 
low 108.70 1 6 3019 
low 104.61 1 6 3005 
low 106.15 1 5 3003 
low 105.44 1 6 3007 
low 103.20 1 5 3006 
low 102.03 1 6 3010 
low 100.19 1 5 3003 
low 98.92 1 5 3002 
low 95.58 1 4 3003 
low 97.90 1 5 3001 
low 99.06 1 6 3008 
low 98.72 1 4 3001 
low 98.31 1 7 3006 
low 97.20 1 7 3007 
low 96.15 1 7 3015 
low 94.10 1 5 3005 
low 94.12 1 7 3014 
low 94.90 1 5 3006 
low 95.69 1 6 3005 
low 96.51 1 7 3008 
low 97.87 1 5 3007 
low 97.96 1 7 3028 
low 97.97 1 7 3028 
low 99.51 1 7 3011 
low 100.14 1 6 3007 
low 99.62 1 7 3009 
low 100.57 1 6 3014 
low 100.13 1 6 3032 
low 102.90 1 7 3023 
low 102.16 2 14 6086 
low 100.30 1 7 3012 
low 100.86 1 6 3003 
low 104.08 1 6 3013 
low 105.26 1 7 3005 
low 105.95 1 6 3007 
low 107.24 1 5 3006 
low 110.60 1 7 4775 
low 112.06 2 14 6084 
low 113.53 1 6 3003 
low 113.58 1 6 3004 
low 116.45 1 3 3002 
low 122.31 1 6 3005 
low 123.41 1 5 3002 
low 122.89 1 5 3001 
low 118.75 1 5 3003 
low 119.21 1 3 3002 
low 121.50 1 6 3004 
low 121.62 1 3 2999 
low 120.09 1 6 3003 
low 119.12 1 6 2949 
low 119.09 1 4 3001 
low 124.96 1 3 3000 
low 127.03 2 9 6001 
low 127.49 2 12 6020 
low 129.08 1 6 3002 
low 131.18 1 6 3003 
low 129.96 2 10 6013 
low 129.50 1 5 3001 
low 126.17 1 4 3000 
low 124.97 2 12 6012 
low 126.56 1 4 3118 
low 128.58 2 11 6009 
low 130.27 1 7 3010 
low 129.32 1 6 3007 
low 127.96 1 5 3002 
low 129.28 2 9 6007 
low 129.82 1 5 3007 
low 129.89 1 6 3038 
low 131.64 1 6 3004 
low 131.85 1 6 3011 
low 131.62 1 7 3009 
low 131.11 1 6 3005 
low 131.22 3 19 9062 
low 132.73 1 6 3020 
low 133.58 1 7 3072 
low 132.35 2 13 7425 
low 133.21 1 6 3022 
low 137.28 1 5 3011 
low 138.41 1 6 3009 
low 140.90 1 4 3003 
low 141.20 1 6 4446 
low 142.81 1 7 4746 
low 140.48 1 6 3010 
low 140.31 1 7 3007 
low 139.42 1 6 3006 
low 136.21 2 9 6007 
low 136.54 1 6 3008 
low 138.66 1 7 3013 
low 139.19 1 6 3006 
low 138.77 1 7 3012 
low 140.17 1 6 3012 
low 140.43 2 11 6013 
low 139.96 1 6 2948 
low 140.07 1 6 3012 
low 140.22 1 6 3009 
low 140.63 1 6 3014 
low 140.98 1 7 3012 
low 141.11 1 7 3025 
low 139.87 1 7 3011 
low 138.53 1 7 3010 
low 137.96 1 5 3005 
low 138.44 1 6 3009 
low 137.69 1 6 3009 
low 138.27 1 7 3015 
low 137.92 1 7 3010 
low 138.09 1 7 3020 
low 137.49 1 7 3013 
low 136.58 1 7 3025 
low 136.36 1 7 3012 
low 136.82 1 6 3010 
low 135.71 1 7 3018 
low 136.60 1 7 3029 
low 136.99 1 7 3022 
low 136.41 1 7 3136 
low 135.80 1 7 3071 
low 137.29 1 7 3016 
low 138.46 2 14 16030 
low 136.56 1 5 3069 
low 134.13 1 7 3017 
low 135.19 1 6 3096 
low 137.03 1 6 3022 
low 142.09 1 5 3008 
low 143.33 1 3 3009 
low 145.57 1 7 3038 
low 146.41 1 7 3034 
low 146.80 1 7 3043 
low 144.94 1 7 3038 
low 145.33 1 6 3044 
low 144.75 1 7 4771 
low 140.54 1 7 5839 
low 138.31 1 7 3035 
low 134.70 1 7 3036 
low 130.14 1 7 3041 
low 132.52 1 7 3036 
low 133.94 1 7 3037 
low 133.53 1 7 3034 
low 133.43 1 7 3041 
low 129.21 1 7 3049 
low 126.89 1 6 3035 
low 128.25 2 9 6011 
low 128.59 1 6 2949 
low 128.40 1 7 3009 
low 126.08 1 6 3003 
low 126.27 1 6 3011 
low 127.86 2 12 6032 
low 130.25 1 7 3009 
low 133.47 1 6 3007 
low 133.93 1 6 3008 
low 138.05 1 7 3200 
low 137.97 1 5 3004 
low 138.19 1 5 3006 
low 133.78 1 5 3006 
low 133.49 1 7 3009 
low 133.29 1 5 3004 
low 134.33 1 6 3008 
low 134.83 1 5 3006 
low 135.27 1 5 3004 
low 134.98 1 7 3006 
low 137.06 1 6 3006 
low 134.66 1 7 3007 
low 132.21 1 6 3006 
low 134.24 1 6 3006 
low 133.15 1 3 3000 
low 133.48 1 5 3007 
low 134.61 1 6 3006 
low 134.80 1 6 3009 
low 131.51 1 6 3010 
low 130.67 1 7 3011 
low 130.19 1 6 3007 
low 129.65 1 5 3010 
low 130.15 1 4 3004 
low 131.34 1 7 4507 
low 127.51 1 7 4566 
low 126.80 1 3 3000 
low 127.35 2 12 6018 
low 126.19 1 6 3005 
low 128.27 1 4 3003 
low 125.82 1 6 3004 
low 123.07 2 9 6004 
low 122.07 2 10 6015 
low 123.05 1 6 3006 
low 124.67 1 3 3001 
low 125.40 1 6 2948 
low 125.26 1 5 3002 
low 122.55 1 5 3001 
low 121.70 1 5 3002 
low 123.38 2 12 6018 
low 121.66 1 4 3001 
low 121.48 1 7 3011 
low 122.74 1 7 3004 
low 122.33 1 7 3020 
low 122.22 1 6 3021 
low 120.81 1 6 3030 
low 118.50 1 5 3008 
low 115.48 1 4 3000 
low 109.59 1 4 3000 
low 110.81 1 6 3005 
low 114.91 1 5 3001 
low 114.48 1 5 3241 
low 113.00 1 6 3005 
low 112.32 1 7 3008 
low 112.35 1 7 3007 
low 112.66 1 3 3001 
low 112.80 1 5 3004 
low 114.69 1 5 3004 
low 113.39 1 7 3005 
low 112.46 1 6 3005 
low 113.99 1 7 3003 
low 113.91 1 5 3016 
low 112.59 1 5 3003 
low 113.25 1 7 3075 
low 114.00 1 5 3015 
low 113.84 1 7 3014 
low 116.25 1 6 3012 
low 117.70 1 7 3018 
low 118.78 1 6 3016 
low 120.90 1 7 3015 
low 121.68 1 5 3012 
low 122.06 1 7 3800 
low 121.57 1 7 3495 
low 122.02 1 5 3012 
low 120.54 1 5 3011 
low 120.58 1 5 3013 
low 121.02 1 6 3013 
low 119.53 1 4 3011 
low 119.33 1 5 3012 
low 119.55 1 6 3019 
low 118.24 1 6 3016 
low 119.24 1 6 3017 
low 120.01 1 6 3013 
low 120.64 1 5 3012 
low 119.32 1 7 2953 
low 117.42 1 7 3008 
low 116.16 1 7 3007 
low 114.84 1 7 3007 
low 116.27 1 6 3005 
low 122.29 1 6 3005 
low 123.30 1 7 3018 
low 122.59 1 5 3005 
low 123.16 1 7 3012 
low 122.93 1 5 3009 
low 122.62 1 5 3004 
low 122.39 1 7 3015 
low 123.65 2 14 5958 
low 127.99 1 7 3008 
low 128.50 1 7 3020 
low 129.53 1 6 3007 
low 129.36 3 17 9021 
low 128.03 1 5 3006 
low 127.55 1 4 3000 
low 128.49 3 19 9042 
low 131.74 1 5 3003 
low 132.10 1 7 3006 
low 131.83 2 13 6031 
low 131.66 1 7 3013 
low 131.99 1 7 3008 
low 131.40 1 6 3017 
low 131.17 1 7 3021 
low 131.93 1 5 3038 
low 132.05 1 6 3020 
low 133.61 1 7 4522 
low 134.18 1 7 4944 
low 133.05 1 7 3017 
low 135.14 1 6 3016 
low 134.14 1 6 3026 
low 134.21 1 7 3153 
low 131.97 1 7 3040 
low 131.67 1 7 3005 
low 130.95 1 4 3001 
low 129.35 2 13 6013 
low 130.50 1 6 3005 
low 129.59 1 7 3013 
low 128.93 1 5 2946 
low 130.22 1 6 3006 
low 131.52 1 7 4261 
low 129.22 1 7 3088 
low 129.51 1 5 3008 
low 124.61 1 7 3080 
low 128.10 1 5 3003 
low 126.63 1 7 3008 
low 127.13 1 5 3004 
low 129.90 1 6 3015 
low 129.76 1 6 3015 
low 129.11 1 7 3024 
low 125.16 1 7 3023 
low 124.89 1 6 3023 
low 128.32 1 7 3021 
low 128.94 1 7 3017 
low 130.71 1 7 3023 
low 129.33 1 7 3020 
low 129.12 1 6 3014 
low 128.21 1 6 3016 
low 126.64 1 7 3079 
low 127.60 2 12 6036 
low 127.76 1 7 3019 
low 127.82 1 7 3020 
low 127.67 1 7 3021 
low 127.63 1 6 3022 
low 125.53 2 14 6219 
low 125.38 1 7 3197 
low 119.18 1 7 3007 
low 123.52 1 7 3014 
low 123.78 1 7 3023 
low 124.37 1 7 3026 
low 124.17 1 7 3026 
low 124.26 1 7 3034 
low 125.31 1 7 3016 
low 124.27 1 6 3017 
low 125.44 1 7 3015 
low 123.82 1 7 3010 
low 124.60 1 7 3016 
low 124.76 1 7 3020 
low 125.27 1 7 3029 
low 123.99 1 7 3020 
low 123.09 1 7 3040 
low 122.47 1 6 3006 
low 122.00 1 7 3013 
low 120.77 1 7 3018 
low 121.28 1 7 3008 
low 121.05 1 7 3012 
low 120.94 1 6 3007 
low 121.71 1 6 3013 
low 121.30 1 7 3022 
low 121.08 1 7 3016 
low 120.48 1 7 3015 
low 120.03 1 7 3022 
close 110.29 1 7 3217 
close 111.02 1 6 3256 
close 109.05 1 5 3054 
close 107.29 1 7 3274 
close 106.89 1 7 3141 
close 107.58 1 7 3169 
close 105.37 1 7 3412 
close 106.69 1 7 3162 
close 110.85 1 7 3368 
close 109.55 1 7 3325 
close 111.30 1 7 3142 
close 109.12 1 7 3159 
close 112.62 1 7 3105 
close 110.57 1 7 3180 
close 108.94 1 7 3747 
close 109.41 1 7 3057 
close 109.06 1 7 3222 
close 107.35 1 7 3267 
close 108.17 1 7 3173 
close 106.09 1 7 3162 
close 102.78 2 14 6426 
close 102.59 1 7 3197 
close 103.74 1 7 3268 
close 104.93 1 7 3144 
close 106.91 1 7 3206 
close 105.45 1 7 3182 
close 107.19 1 7 3485 
close 107.37 1 7 3182 
close 108.41 2 14 6609 
close 109.60 1 7 3494 
close 108.27 1 7 3660 
close 109.92 2 14 6674 
close 109.47 1 7 3555 
close 106.01 1 7 3507 
close 108.68 1 7 3427 
close 108.70 1 7 3331 
close 108.48 1 7 3229 
close 110.67 1 7 3328 
close 109.83 1 7 3277 
close 110.13 1 7 3173 
close 109.13 1 7 3235 
close 110.42 1 7 3327 
close 107.03 2 13 6619 
close 108.26 1 7 3570 
close 109.44 1 7 4916 
close 110.53 1 7 4666 
close 112.43 1 7 4215 
close 115.55 1 7 4329 
close 115.45 1 7 5661 
close 117.08 2 14 10963 
close 118.67 1 7 4314 
close 115.84 1 7 4387 
close 118.61 1 7 4528 
close 115.44 1 7 4367 
close 116.09 1 7 4438 
close 116.29 4 28 16803 
close 117.11 1 7 4367 
close 115.27 1 7 4310 
close 113.11 1 7 4153 
close 116.50 1 7 4263 
close 116.72 1 7 4446 
close 117.10 1 7 4429 
close 115.06 2 12 8021 
close 115.68 1 7 4839 
close 115.69 1 7 5146 
close 115.76 1 7 5129 
close 117.07 1 7 5265 
close 115.93 1 7 4821 
close 114.18 1 7 4627 
close 115.57 1 7 4847 
close 116.66 2 14 8895 
close 118.76 1 7 4663 
close 118.34 1 7 4633 
close 119.08 1 7 4651 
close 118.12 2 13 7455 
close 117.20 1 7 4745 
close 117.26 1 7 4699 
close 118.30 1 7 4216 
close 116.38 1 7 4528 
close 116.11 1 7 4139 
close 116.12 1 7 4583 
close 116.63 1 7 4666 
close 116.95 2 12 7905 
close 118.89 1 7 4605 
close 121.15 1 7 4353 
close 120.40 2 13 7445 
close 121.49 1 7 4843 
close 122.36 1 7 5148 
close 122.30 1 7 5092 
close 120.94 1 7 4887 
close 121.83 2 13 8275 
close 121.09 1 7 4819 
close 122.60 1 7 4876 
close 120.79 2 12 7982 
close 123.88 1 7 5427 
close 124.78 1 7 4760 
close 124.74 1 7 4368 
close 124.19 1 7 4911 
close 124.57 1 7 7180 
close 125.33 1 7 5829 
close 124.68 1 7 4589 
close 126.67 1 7 4990 
close 128.42 1 7 5163 
close 130.24 1 7 4899 
close 129.98 1 7 4989 
close 127.19 2 13 8051 
close 126.35 1 7 4913 
close 128.57 1 7 5514 
close 129.23 1 7 5128 
close 126.25 1 7 4499 
close 127.93 2 11 7263 
close 128.94 2 14 7409 
close 128.30 1 7 4216 
close 129.90 1 7 4388 
close 131.41 1 7 4885 
close 132.68 1 7 4349 
close 134.37 1 7 4434 
close 134.65 1 7 4349 
close 136.88 1 7 4247 
close 138.54 2 13 7470 
close 139.83 1 7 3960 
close 137.46 1 7 4182 
close 139.19 2 13 7554 
close 135.61 1 7 4117 
close 137.91 1 7 4291 
close 133.79 2 14 7533 
close 131.79 1 7 4009 
close 134.77 1 7 3750 
close 137.17 2 14 6967 
close 136.62 2 14 6868 
close 133.70 1 7 3808 
close 132.05 1 7 3937 
close 127.55 1 7 3776 
close 125.92 1 7 4268 
close 131.10 1 7 3658 
close 129.84 1 7 3877 
close 128.39 1 7 3569 
close 129.87 1 7 3580 
close 129.47 1 7 3823 
close 127.63 1 7 3885 
close 127.83 2 13 6678 
close 126.36 2 14 6827 
close 125.98 1 7 3768 
close 125.18 1 7 3917 
close 129.25 1 7 3625 
close 129.06 1 7 3790 
close 131.53 1 7 3892 
close 131.25 2 14 6727 
close 132.67 1 7 3650 
close 133.17 1 7 3909 
close 134.84 1 7 6030 
close 135.17 1 7 5903 
close 135.66 1 7 3041 
close 134.60 1 7 3034 
close 133.53 1 7 3018 
close 132.32 3 21 9055 
close 133.93 1 7 3035 
close 135.69 2 14 6047 
close 137.24 1 7 3030 
close 134.40 2 14 6037 
close 133.52 1 7 3032 
close 131.83 1 7 3025 
close 128.27 2 13 6021 
close 127.43 1 7 3034 
close 129.01 1 7 3021 
close 130.67 2 13 6039 
close 132.53 1 7 3033 
close 134.15 1 7 3025 
close 136.26 2 13 6034 
close 135.25 1 7 3022 
close 135.19 2 13 6019 
close 134.28 1 7 3010 
close 133.09 1 7 3008 
close 130.86 2 10 6008 
close 134.39 1 7 3018 
close 133.71 1 7 3014 
close 133.81 1 7 3012 
close 133.76 2 13 6027 
close 133.37 1 7 3009 
close 136.08 2 14 6029 
close 135.71 1 7 3015 
close 132.54 1 7 3016 
close 132.89 2 11 6010 
close 134.30 1 7 3017 
close 135.32 2 14 6029 
close 137.15 1 7 3015 
close 136.77 1 7 3012 
close 135.10 1 7 3016 
close 135.63 1 7 3015 
close 136.17 1 7 3013 
close 135.12 2 13 6080 
close 136.28 1 7 3013 
close 136.52 1 7 3013 
close 136.90 2 14 6027 
close 138.10 1 7 3011 
close 140.30 1 7 3012 
close 139.56 1 7 3014 
close 140.26 1 7 3020 
close 138.61 1 7 4332 
close 135.57 1 7 3008 
close 133.01 1 7 3011 
close 134.87 1 6 3014 
close 135.21 2 12 6017 
close 135.02 1 7 3013 
close 135.97 1 6 3007 
close 138.08 1 7 3012 
close 137.60 1 5 3003 
close 139.58 1 6 3013 
close 139.12 1 6 3010 
close 138.09 1 6 3011 
close 138.85 1 7 2947 
close 139.20 1 7 3003 
close 139.59 1 7 3008 
close 137.77 1 6 3006 
close 135.90 1 5 3006 
close 135.37 1 6 3008 
close 133.42 1 7 3006 
close 130.93 1 6 3004 
close 131.56 1 6 3008 
close 131.97 1 7 3010 
close 132.50 1 7 3009 
close 133.05 2 12 6013 
close 135.78 1 6 3005 
close 135.81 1 6 3012 
close 138.35 1 6 3006 
close 135.34 1 5 3005 
close 136.03 1 6 3009 
close 136.56 1 5 3004 
close 135.92 1 7 3015 
close 135.65 1 7 3014 
close 137.28 2 13 6015 
close 138.34 1 7 3012 
close 139.41 1 6 3006 
close 140.41 1 7 3072 
close 138.15 1 6 3010 
close 139.35 1 5 3006 
close 140.35 1 6 3007 
close 140.86 1 7 3014 
close 142.25 1 7 3004 
close 143.25 1 7 3007 
close 138.94 1 5 3002 
close 138.88 2 13 6045 
close 139.64 1 6 3007 
close 138.02 1 7 3009 
close 139.85 1 6 3006 
close 140.93 1 5 3002 
close 142.37 1 6 3003 
close 141.09 1 7 3010 
close 139.91 1 7 3010 
close 141.45 1 7 3010 
close 138.07 1 6 3009 
close 140.03 1 6 3005 
close 141.31 1 6 3009 
close 141.80 1 6 3004 
close 141.41 2 14 5954 
close 143.96 1 7 3010 
close 143.57 1 6 3004 
close 144.55 1 7 3010 
close 142.79 1 6 3008 
close 143.01 1 7 3010 
close 141.69 1 7 3008 
close 141.02 1 4 3003 
close 143.34 1 6 3007 
close 144.31 1 7 3008 
close 145.13 1 7 3008 
close 144.56 1 7 3009 
close 144.63 1 6 3006 
close 146.21 1 6 3007 
close 147.18 1 5 3007 
close 145.94 1 7 3013 
close 146.65 1 7 3008 
close 147.39 1 7 3011 
close 146.85 1 7 3008 
close 147.77 1 6 3005 
close 148.28 1 7 3005 
close 149.22 1 7 3012 
close 149.70 1 7 3013 
close 148.95 1 7 3009 
close 149.53 2 10 6008 
close 149.08 1 6 3009 
close 148.59 1 6 3012 
close 150.32 1 7 3009 
close 149.93 1 6 3016 
close 148.75 1 6 3010 
close 149.90 1 7 3015 
close 149.17 1 7 3068 
close 150.36 1 7 3019 
close 150.64 1 7 3008 
close 151.36 1 7 3018 
close 153.32 1 6 3008 
close 153.03 1 6 3008 
close 155.08 1 6 3007 
close 155.82 1 7 3007 
close 156.13 1 7 4390 
close 157.78 1 7 4387 
close 155.11 1 7 3014 
close 155.83 1 7 3011 
close 158.43 1 7 3006 
close 157.79 1 6 3009 
close 155.86 1 7 3006 
close 158.05 1 7 3008 
close 157.68 1 6 3010 
close 156.48 1 7 3012 
close 153.30 1 7 3008 
close 153.21 1 4 3001 
close 156.12 1 7 3006 
close 157.31 1 7 2954 
close 158.37 1 6 3009 
close 159.98 1 7 3018 
close 161.42 1 7 3008 
close 161.56 1 6 3004 
close 162.90 2 12 6008 
close 162.46 1 7 3013 
close 163.40 1 7 3012 
close 163.59 1 7 3008 
close 163.48 1 6 3009 
close 164.02 1 5 3008 
close 161.81 1 7 3009 
close 165.64 1 7 3011 
close 165.46 1 7 3008 
close 166.70 1 6 3003 
close 166.96 1 7 3016 
close 168.23 1 6 3011 
close 166.20 1 6 3005 
close 161.89 1 4 3001 
close 163.23 1 6 3006 
close 158.90 1 5 3004 
close 153.56 1 4 3013 
close 155.47 1 5 3004 
close 158.27 1 5 3003 
close 158.06 1 6 3003 
close 162.02 1 7 3012 
close 162.28 2 10 6007 
close 163.74 1 6 3004 
close 165.30 1 5 3003 
close 165.79 1 7 3006 
close 163.71 1 6 3005 
close 165.57 1 5 3063 
close 166.97 1 5 3005 
close 162.12 1 4 3000 
close 163.05 1 5 3005 
close 161.41 1 6 3008 
close 162.21 1 6 3004 
close 163.27 2 11 8829 
close 164.65 1 7 4385 
close 160.22 1 7 3007 
close 158.04 1 4 3001 
close 156.49 1 3 2999 
close 158.08 1 3 2999 
close 156.40 1 5 3002 
close 156.43 1 6 3007 
close 158.82 1 7 3012 
close 161.08 1 6 3004 
close 157.25 1 4 3001 
close 158.62 1 5 3001 
close 156.47 1 4 3000 
close 156.25 1 4 3001 
close 158.75 1 5 2942 
close 161.30 1 5 3001 
close 160.71 1 4 3002 
close 164.43 1 5 3003 
close 161.90 2 10 6007 
close 162.67 1 4 3000 
close 162.08 1 6 3003 
close 163.47 1 4 3002 
close 162.39 1 6 3002 
close 165.96 1 5 3001 
close 167.53 1 4 3002 
close 167.78 1 4 3001 
close 167.39 1 6 3004 
close 168.29 1 5 3003 
close 166.64 1 5 3002 
close 169.31 1 4 3000 
close 168.50 1 4 3000 
close 167.43 1 5 3002 
close 162.09 1 3 2999 
close 160.52 1 3 3000 
close 157.70 1 4 3000 
close 151.79 1 4 3000 
close 149.11 1 3 2999 
close 155.27 1 4 3000 
close 137.83 1 3 2999 
close 138.80 1 3 2999 
close 131.00 2 8 6000 
close 125.77 1 4 3071 
close 129.66 1 5 3003 
close 122.09 2 8 6012 
close 122.48 1 3 2999 
close 124.46 1 3 2999 
close 118.51 1 5 3001 
close 119.24 1 4 3000 
close 125.05 3 16 9028 
close 126.57 1 5 3006 
close 127.31 2 12 7617 
close 126.16 1 6 4682 
close 117.79 1 4 3000 
close 115.39 1 5 3001 
close 117.51 1 3 2999 
close 116.30 1 4 3000 
close 116.62 1 5 3001 
close 116.17 1 5 3002 
close 124.51 1 5 3003 
close 123.17 1 4 3000 
close 125.41 1 3 2999 
close 128.74 1 4 3000 
close 132.42 2 9 6005 
close 131.09 1 3 2939 
close 133.72 1 5 3001 
close 131.36 2 10 6014 
close 127.58 1 6 3002 
close 126.78 1 5 3001 
close 131.72 1 4 3000 
close 131.62 2 11 6007 
close 131.02 1 5 3001 
close 132.99 1 5 3002 
close 136.74 1 3 2999 
close 137.02 1 3 2999 
close 133.43 1 5 3002 
close 133.88 1 5 3003 
close 135.22 1 5 3004 
close 131.87 1 5 3002 
close 130.47 1 5 3001 
close 133.18 2 9 6037 
close 133.62 1 5 3002 
close 137.14 1 4 3002 
close 135.88 2 8 6061 
close 133.96 1 5 3001 
close 134.67 1 3 2999 
close 131.90 1 5 3001 
close 133.84 1 5 3005 
close 133.41 1 5 3001 
close 134.79 1 7 3006 
close 131.42 1 6 3002 
close 130.55 1 4 3000 
close 133.24 1 4 3001 
close 135.42 1 4 3001 
close 134.55 1 5 3002 
close 132.78 1 4 3001 
close 132.44 1 6 3032 
close 130.77 1 4 3000 
close 129.92 1 4 3002 
close 130.36 1 4 3000 
close 132.00 2 12 7633 
close 131.76 2 12 8881 
close 132.03 1 3 3000 
close 130.19 1 6 3006 
close 126.15 1 5 3001 
close 126.23 1 6 3002 
close 123.81 1 5 3001 
close 124.11 1 4 3002 
close 121.90 1 3 3000 
close 120.77 1 6 3003 
close 122.26 1 4 3001 
close 124.34 1 5 3002 
close 121.95 1 6 3003 
close 124.55 1 4 2940 
close 125.66 1 6 3006 
close 126.86 1 5 3002 
close 125.13 2 13 6086 
close 122.71 1 6 3006 
close 122.79 1 4 3000 
close 116.98 1 4 3000 
close 111.99 1 4 3001 
close 111.51 1 4 3000 
close 111.45 1 6 3002 
close 109.42 1 4 3001 
close 112.68 2 12 6055 
close 111.12 1 5 3003 
close 108.05 1 5 3001 
close 110.40 1 5 3004 
close 112.97 1 4 3003 
close 112.51 1 5 3003 
close 114.00 1 6 3006 
close 113.42 1 6 3003 
close 112.54 1 7 3007 
close 110.20 1 6 3004 
close 106.35 1 6 3023 
close 106.72 1 7 3005 
close 106.14 1 7 3011 
close 107.89 1 5 3018 
close 112.81 2 13 6053 
close 113.78 1 6 3025 
close 115.11 1 6 3142 
close 113.82 1 7 3157 
close 112.01 1 6 3006 
close 113.17 1 5 3063 
close 112.36 1 7 3008 
close 112.42 1 6 3004 
close 111.23 1 5 3002 
close 108.60 1 6 3158 
close 110.72 2 12 6007 
close 111.87 1 6 3020 
close 109.68 1 5 3003 
close 107.97 1 7 3528 
close 109.25 1 6 3523 
close 108.10 1 6 3006 
close 110.55 1 6 3008 
close 112.46 1 6 3042 
close 112.47 1 7 3005 
close 112.12 1 5 3003 
close 112.90 1 7 3006 
close 113.03 1 7 3014 
close 114.96 1 6 3002 
close 112.88 1 6 3006 
close 114.97 2 11 6007 
close 116.28 1 5 2942 
close 121.06 1 4 3001 
close 120.98 1 5 3003 
close 118.39 1 6 3053 
close 119.66 1 7 3061 
close 120.12 2 10 6014 
close 116.74 1 5 3083 
close 116.20 1 4 3002 
close 115.72 1 5 3001 
close 117.46 1 4 3002 
close 117.70 2 8 6000 
close 116.36 1 3 3000 
close 115.37 1 3 3000 
close 116.40 1 5 3002 
close 110.82 1 5 3003 
close 112.14 1 4 3001 
close 112.99 1 6 3005 
close 109.61 1 4 3000 
close 110.78 1 3 2999 
close 110.49 1 4 3002 
close 110.64 1 7 3003 
close 108.69 1 7 3046 
close 105.24 1 7 3081 
close 104.65 1 7 3046 
close 104.32 1 4 3018 
close 102.31 1 6 3046 
close 104.61 1 4 3025 
close 105.44 1 7 3072 
close 105.81 1 5 3001 
close 107.48 1 5 3003 
close 104.19 1 6 3018 
close 104.00 1 5 3002 
close 103.90 1 6 3002 
close 104.16 1 6 3065 
close 101.59 1 4 3000 
close 101.80 2 14 6009 
close 101.75 1 6 3694 
close 100.11 1 7 3430 
close 98.11 1 7 3006 
close 97.87 1 6 3008 
close 101.18 1 6 3008 
close 99.85 1 7 3004 
close 102.95 1 6 3004 
close 105.48 1 6 3004 
close 108.35 1 7 3009 
close 105.88 1 6 3008 
close 108.53 1 7 3006 
close 110.70 1 5 3010 
close 110.74 1 5 2943 
close 109.45 1 6 3019 
close 105.50 1 7 3024 
close 106.26 1 6 3005 
close 107.34 2 11 6010 
close 106.07 1 6 3007 
close 103.75 1 5 3006 
close 102.16 1 6 3010 
close 101.36 1 5 3003 
close 99.16 1 5 3002 
close 98.01 1 4 3003 
close 99.61 1 5 3001 
close 100.26 1 6 3008 
close 99.31 1 4 3001 
close 100.57 1 7 3006 
close 97.27 1 7 3007 
close 97.18 1 7 3015 
close 94.28 1 5 3005 
close 96.02 1 7 3014 
close 97.43 1 5 3006 
close 97.02 1 6 3005 
close 98.85 1 7 3008 
close 98.72 1 5 3007 
close 98.55 1 7 3028 
close 99.97 1 7 3028 
close 100.35 1 6 3007 
close 101.01 1 7 3009 
close 100.74 1 6 3014 
close 103.27 1 6 3032 
close 103.68 1 7 3023 
close 103.20 1 7 3071 
close 102.96 1 7 3015 
close 100.87 1 7 3012 
close 104.66 1 6 3003 
close 106.19 1 6 3013 
close 107.22 1 7 3005 
close 111.41 1 5 3006 
close 112.06 1 7 4775 
close 114.53 1 7 3076 
close 113.67 2 10 6003 
close 118.21 1 3 3002 
close 122.38 2 13 6018 
close 127.18 1 6 3005 
close 125.43 1 5 3002 
close 125.23 1 5 3001 
close 121.79 2 10 6020 
close 124.91 1 6 3004 
close 122.19 2 9 6015 
close 121.69 1 6 3003 
close 119.73 1 6 2949 
close 129.68 1 4 3001 
close 128.64 1 3 3000 
close 129.27 1 7 3004 
close 128.26 2 12 6080 
close 129.17 1 6 3004 
close 132.24 1 6 3002 
close 132.28 1 6 3003 
close 131.48 1 4 3001 
close 127.84 1 6 3002 
close 128.41 1 4 3000 
close 130.76 1 4 3118 
close 129.28 1 5 3002 
close 130.39 1 6 3731 
close 131.58 1 7 3010 
close 130.06 1 6 3009 
close 130.01 1 6 3007 
close 130.29 2 11 6009 
close 130.59 1 4 3001 
close 129.99 2 11 6021 
close 131.24 1 5 3006 
close 132.43 1 6 3004 
close 132.57 1 7 3009 
close 132.81 1 5 3005 
close 135.23 1 6 3020 
close 134.95 1 7 3072 
close 132.70 1 6 3008 
close 133.86 2 11 6020 
close 135.54 1 6 3022 
close 137.43 1 7 3030 
close 139.28 1 5 3011 
close 141.50 1 6 3009 
close 141.33 1 4 3003 
close 142.85 1 6 4446 
close 145.00 1 7 4746 
close 142.45 1 6 4444 
close 142.51 1 6 3010 
close 141.05 1 6 3006 
close 139.96 1 6 3008 
close 140.88 1 7 3013 
close 140.48 1 6 3006 
close 140.45 1 7 3012 
close 142.61 1 6 3012 
close 141.24 1 6 3007 
close 141.40 1 5 3006 
close 142.93 1 6 2948 
close 140.52 1 6 3012 
close 140.67 1 6 3009 
close 141.68 1 6 3014 
close 141.73 1 7 3012 
close 141.59 1 7 3025 
close 140.09 1 7 3011 
close 138.76 1 7 3010 
close 139.05 1 7 3015 
close 139.69 1 5 3005 
close 138.40 2 11 6015 
close 138.67 1 7 3015 
close 138.89 1 7 3010 
close 138.18 1 7 3020 
close 137.94 1 7 3013 
close 137.20 1 6 3010 
close 136.71 1 7 3018 
close 137.07 1 7 3029 
close 137.03 1 7 3022 
close 138.01 1 7 3136 
close 137.36 1 7 3071 
close 138.77 1 7 3016 
close 138.46 2 14 16030 
close 136.83 1 5 3069 
close 135.59 1 7 3013 
close 136.01 2 13 6026 
close 137.67 1 6 3096 
close 142.42 1 6 3022 
close 144.46 1 5 3008 
close 146.50 1 3 3009 
close 147.07 1 7 3038 
close 147.63 1 7 3034 
close 148.00 1 7 3043 
close 145.74 1 7 3038 
close 146.94 1 6 3044 
close 144.98 1 7 4771 
close 140.78 1 7 5839 
close 137.11 1 7 3036 
close 133.90 1 7 3041 
close 134.82 2 10 7417 
close 135.14 1 7 3036 
close 136.02 1 7 3037 
close 134.88 1 7 3034 
close 129.44 3 20 9077 
close 128.53 1 6 3035 
close 130.65 2 10 6019 
close 128.86 1 6 2949 
close 130.16 1 7 3009 
close 127.14 1 6 3003 
close 128.46 1 6 3011 
close 130.40 1 6 3010 
close 134.05 2 14 6017 
close 134.44 2 13 6033 
close 134.51 1 6 3008 
close 133.92 1 6 3005 
close 138.32 1 7 3008 
close 140.25 1 7 3200 
close 138.75 1 5 3004 
close 136.24 1 5 3006 
close 134.76 1 7 3009 
close 135.83 1 5 3004 
close 135.43 1 6 3008 
close 136.70 1 5 3006 
close 135.40 1 5 3004 
close 138.12 1 7 3006 
close 137.16 1 6 3006 
close 137.10 1 3 3000 
close 135.11 1 7 3007 
close 134.42 1 6 3006 
close 135.67 2 12 6022 
close 133.55 1 5 3004 
close 135.44 1 5 3007 
close 136.34 1 6 3006 
close 132.97 1 7 3069 
close 132.74 1 6 3006 
close 132.06 1 6 3010 
close 130.41 1 6 3007 
close 132.94 1 5 3007 
close 132.63 1 6 3009 
close 131.61 1 7 4507 
close 128.06 1 7 4566 
close 127.71 1 3 3000 
close 128.32 1 6 3004 
close 128.67 1 6 3005 
close 130.79 1 4 3002 
close 129.97 2 10 6017 
close 123.42 1 4 3002 
close 123.90 1 4 3001 
close 123.98 1 5 3002 
close 125.72 1 6 3006 
close 125.95 1 3 3001 
close 127.15 1 6 2948 
close 125.63 2 10 6004 
close 123.68 1 5 3001 
close 124.02 2 12 6018 
close 122.69 1 4 3001 
close 124.18 1 7 3011 
close 123.32 1 7 3004 
close 122.65 1 7 3020 
close 123.12 1 6 3021 
close 121.78 2 12 6043 
close 118.96 1 5 3008 
close 111.83 1 5 3002 
close 115.74 1 6 3005 
close 116.87 1 5 3001 
close 113.33 1 6 3005 
close 113.25 1 7 3008 
close 113.05 1 7 3007 
close 113.35 1 3 3001 
close 114.76 1 5 3004 
close 114.80 1 5 3004 
close 113.43 1 7 3005 
close 112.57 1 7 3008 
close 115.23 1 6 3005 
close 114.37 1 7 3003 
close 114.02 1 5 3016 
close 113.41 1 5 3003 
close 115.05 1 7 3075 
close 115.98 1 5 3015 
close 118.10 1 6 3012 
close 119.67 1 7 3018 
close 122.37 1 7 3015 
close 122.41 1 5 3012 
close 122.78 1 7 3800 
close 122.51 1 7 3495 
close 122.18 1 5 3012 
close 120.60 1 5 3011 
close 120.02 1 4 3011 
close 120.81 1 5 3012 
close 119.75 1 6 3019 
close 119.25 1 6 3016 
close 121.66 1 6 3013 
close 120.17 1 7 2953 
close 118.33 1 7 3008 
close 116.35 1 7 3007 
close 121.31 1 6 3005 
close 123.82 1 6 3005 
close 125.19 1 7 3018 
close 123.84 1 7 3012 
close 123.37 1 5 3009 
close 123.34 1 5 3004 
close 123.99 1 7 3015 
close 128.40 1 7 3008 
close 130.60 2 14 6032 
close 130.28 1 6 3007 
close 129.48 1 7 3013 
close 129.82 1 5 3006 
close 129.04 1 4 3000 
close 131.20 2 13 6023 
close 131.91 1 4 3000 
close 132.35 2 12 6071 
close 132.48 1 7 3006 
close 132.71 1 7 3013 
close 132.07 1 6 3018 
close 133.82 1 6 3017 
close 131.98 2 13 6026 
close 131.92 1 7 3041 
close 133.15 1 5 3038 
close 133.31 1 7 3021 
close 133.64 1 6 3020 
close 134.26 1 7 4522 
close 135.38 1 7 4944 
close 135.41 1 7 3017 
close 134.89 1 6 3026 
close 135.55 1 7 3153 
close 133.14 1 7 3040 
close 132.36 1 7 3005 
close 131.31 1 4 3001 
close 131.07 1 6 3003 
close 130.43 1 7 3013 
close 130.91 1 5 2946 
close 132.40 1 6 3006 
close 133.10 1 7 3006 
close 129.36 1 7 3088 
close 130.38 1 7 3010 
close 130.51 1 5 3008 
close 128.83 1 6 3010 
close 129.75 1 5 3003 
close 127.56 1 7 3008 
close 128.82 1 5 3004 
close 130.07 1 6 3014 
close 131.64 1 6 3015 
close 129.94 1 6 3015 
close 129.18 1 7 3022 
close 126.17 1 7 3023 
close 127.36 1 6 3023 
close 129.10 1 7 3021 
close 129.49 1 6 3022 
close 132.91 1 7 3020 
close 129.89 1 7 3020 
close 128.90 1 6 3016 
close 129.60 1 7 3021 
close 128.52 1 6 3016 
close 128.19 1 7 3019 
close 128.45 1 7 3020 
close 127.91 1 5 3015 
close 128.28 1 7 3021 
close 125.85 1 7 3203 
close 125.71 1 7 3197 
close 124.41 1 7 3007 
close 124.23 1 7 3014 
close 125.40 1 7 3026 
close 125.12 1 7 3026 
close 125.38 1 7 3034 
close 125.93 1 7 3016 
close 126.44 1 7 3016 
close 125.65 1 6 3017 
close 126.43 1 7 3015 
close 124.60 1 7 3010 
close 124.69 1 7 2951 
close 125.14 1 7 3016 
close 125.54 1 7 3029 
close 124.93 1 7 3020 
close 123.33 1 7 3040 
close 122.86 1 6 3006 
close 123.39 1 6 3014 
close 122.12 1 7 3013 
close 122.88 1 7 3008 
close 121.56 1 7 3012 
close 121.72 1 6 3013 
close 122.04 1 7 3022 
close 121.30 1 7 3016 
close 120.67 1 7 3015 
close 121.10 1 7 3022 
body 1.48 3 17 9224 
body 0.72 3 16 9263 
body -1.97 2 11 6003 
body -1.75 2 14 7901 
body -0.40 4 23 12093 
body 0.69 2 14 6189 
body -2.21 2 12 6414 
body 1.32 2 13 6304 
body 4.16 1 7 3368 
body -1.30 3 20 9351 
body 1.75 4 22 12179 
body -2.17 2 11 6160 
body 3.50 1 7 3105 
body -2.05 2 14 7960 
body -1.63 4 28 14399 
body 0.47 3 20 9094 
body -0.35 4 23 12273 
body -1.71 2 14 6795 
body 0.82 3 21 10563 
body -2.08 2 13 6168 
body -3.31 1 7 3415 
body -0.18 2 14 6987 
body 1.14 2 13 6272 
body 1.19 5 31 15223 
body 1.98 2 13 6219 
body -1.46 1 7 3182 
body 1.74 4 27 14668 
body 0.19 2 14 7853 
body 1.04 1 7 3335 
body 1.18 4 26 14434 
body -1.33 6 38 19951 
body 1.64 1 7 3439 
body 0.00 2 14 6240 
body -0.45 4 24 12590 
body -3.46 1 7 3507 
body 2.67 2 13 6432 
body 0.02 1 7 3331 
body -0.23 6 35 19885 
body 2.18 3 18 11075 
body -0.84 2 11 6280 
body 0.30 2 11 6174 
body -1.00 2 14 6257 
body 1.28 3 21 10348 
body -2.01 1 7 3274 
body -1.38 3 20 12356 
body 1.23 2 13 6665 
body 1.10 3 20 12515 
body 1.91 1 7 4215 
body 3.13 2 13 7333 
body -0.10 1 7 5661 
body 1.63 3 20 13983 
body 1.59 2 14 8702 
body -2.83 3 18 10418 
body 2.76 1 7 4528 
body -3.17 3 21 10391 
body 0.66 6 41 21660 
body -0.83 2 14 9327 
body -1.03 1 7 4310 
body -2.15 1 7 4153 
body 3.40 1 7 4263 
body 0.22 3 21 10470 
body 0.37 3 21 11250 
body 0.63 2 14 9361 
body 0.01 3 20 12736 
body 0.07 7 42 24843 
body 1.30 3 19 11216 
body -1.14 4 23 13833 
body 1.38 1 7 4847 
body 1.08 2 14 7695 
body 2.11 5 26 16694 
body -0.41 3 20 11462 
body 0.73 4 25 15282 
body -0.97 1 7 4451 
body -0.91 2 14 7755 
body -0.96 2 13 7716 
body 2.00 2 14 9206 
body -0.29 2 14 8232 
body -0.26 4 26 13651 
body 0.50 3 16 10730 
body 0.32 2 14 9030 
body 1.95 2 13 7610 
body 2.28 1 7 4353 
body -0.76 2 14 7437 
body 0.86 2 13 8153 
body -0.06 4 24 14150 
body -1.37 1 7 4887 
body 0.89 3 20 11310 
body -0.73 1 7 4819 
body 1.50 2 12 7889 
body -1.82 2 14 7980 
body 3.09 1 7 5427 
body 0.90 3 18 10769 
body -0.03 3 19 10384 
body -0.54 3 21 11762 
body 0.38 5 28 19230 
body 0.76 1 7 5829 
body -0.65 4 27 13623 
body 1.82 1 7 4899 
body -0.25 2 13 8007 
body -2.79 1 7 5047 
body 2.22 1 7 5514 
body -2.99 1 7 4499 
body 1.67 2 12 7265 
body 1.01 5 34 16531 
body -0.64 2 13 7225 
body 1.52 1 7 4885 
body 1.27 3 16 10358 
body 1.68 2 14 10464 
body 0.28 3 19 10359 
body 2.23 2 10 7246 
body 1.65 4 27 13659 
body -2.37 1 7 4182 
body 1.72 1 7 4547 
body -3.57 1 7 4117 
body 2.29 1 7 4291 
body -4.13 1 7 4492 
body -2.02 3 21 10258 
body 2.99 1 7 3750 
body 2.41 2 13 6957 
body -2.93 2 11 6809 
body -1.66 4 26 12978 
body -4.49 1 7 3776 
body -1.64 3 18 10345 
body 5.17 1 7 3658 
body -1.27 5 27 15893 
body -1.44 1 7 3569 
body 1.47 2 13 6584 
body -1.85 2 13 6891 
body 0.21 3 21 9670 
body -1.48 4 24 12822 
body -0.39 4 27 12801 
body -0.81 2 14 6946 
body 4.06 2 12 6631 
body 2.46 1 7 3892 
body 1.43 4 26 12690 
body 0.51 1 7 3909 
body 0.33 1 7 5903 
body 0.49 4 24 12059 
body -1.06 1 7 3034 
body -1.07 3 19 9039 
body -1.20 2 14 6049 
body 1.62 2 14 6053 
body 1.76 1 7 3038 
body 1.54 1 7 3030 
body 2.77 1 7 3030 
body -3.64 1 7 3032 
body -1.69 2 12 6027 
body -2.90 2 12 5979 
body -0.66 2 14 6097 
body -0.85 2 14 6038 
body 1.57 1 7 3021 
body 1.85 2 13 6043 
body -0.07 4 25 12035 
body -1.18 2 12 6010 
body -1.47 1 7 3009 
body 3.53 1 7 3018 
body -0.67 2 14 6025 
body 0.11 2 12 6020 
body 2.71 2 14 6022 
body -0.36 3 19 9034 
body 0.35 4 27 12055 
body -0.57 3 20 9035 
body 1.99 2 10 6016 
body 1.03 2 13 6026 
body 1.83 3 20 9029 
body -0.37 2 13 6018 
body 0.52 4 28 12050 
body 0.54 5 30 15036 
body -1.04 3 17 9087 
body 1.15 4 26 15593 
body 0.24 4 22 12037 
body 1.58 4 24 12042 
body 1.20 3 21 8985 
body 2.20 3 21 9028 
body -0.74 3 21 9098 
body -1.65 1 7 4332 
body -3.05 2 14 6015 
body -2.55 2 13 7455 
body 1.87 2 11 6077 
body 0.34 2 12 6018 
body -0.19 3 19 9022 
body 0.95 2 13 6019 
body 2.10 1 7 3012 
body -0.48 3 18 9033 
body 0.75 4 24 11961 
body -0.01 2 13 13087 
body 0.39 3 18 9032 
body -1.83 2 13 6027 
body -2.66 1 6 3005 
body 0.78 3 17 9033 
body -0.52 2 12 6024 
body -0.15 1 6 3004 
body -1.78 5 29 15206 
body -2.48 1 6 3004 
body 0.62 4 23 12030 
body 0.42 2 14 6036 
body 2.63 1 7 3009 
body 0.10 1 6 3005 
body -0.60 5 27 15061 
body 0.61 1 6 3012 
body 2.54 3 18 9017 
body -3.02 1 5 3005 
body -0.94 2 11 6007 
body -0.63 2 14 6030 
body -0.27 2 14 6086 
body 0.44 3 17 9019 
body 0.18 2 13 6027 
body 1.02 4 25 12029 
body 1.07 3 19 9022 
body 1.06 3 17 9019 
body -2.27 2 13 6048 
body 1.21 2 11 5954 
body 1.39 2 14 6010 
body -4.31 1 5 3002 
body 1.44 1 6 3003 
body -1.17 1 7 3010 
body 1.53 3 19 8971 
body -3.38 2 12 6011 
body 0.48 2 11 5950 
body -0.38 3 18 9024 
body 0.98 5 32 15182 
body -1.77 1 6 3008 
body -0.68 2 10 6009 
body 2.31 2 10 6032 
body 0.83 1 7 3008 
body -0.56 1 7 3009 
body 0.97 2 12 6024 
body -1.25 1 7 3013 
body 0.74 1 7 3011 
body 0.92 5 31 16444 
body -0.75 2 13 6013 
body 0.58 1 7 3009 
body -0.44 1 6 3009 
body 1.73 1 7 3009 
body -1.19 2 13 6022 
body 1.16 3 19 9052 
body 1.96 3 18 9015 
body -0.30 2 10 6010 
body 2.05 3 16 9024 
body 1.66 2 10 7389 
body -2.67 2 10 6013 
body 0.71 2 14 6017 
body 2.60 1 7 3006 
body -1.92 1 7 3006 
body -0.08 3 17 9018 
body 2.90 1 7 3006 
body 0.13 1 6 3004 
body 1.33 2 12 6017 
body -0.43 2 13 6019 
body 0.94 2 12 6027 
body 0.20 1 7 3008 
body -0.12 1 6 3009 
body -2.20 3 15 9012 
body 3.83 1 7 3011 
body -0.17 3 18 9039 
body 1.25 2 12 6017 
body 0.26 4 21 12051 
body 1.26 5 30 15552 
body -2.03 1 6 3005 
body -4.32 1 4 3001 
body 1.35 2 13 6024 
body -4.34 2 12 6053 
body -5.34 1 4 3013 
body 1.92 1 5 3004 
body 2.80 1 5 3003 
body -0.20 1 6 3003 
body 3.97 1 7 3012 
body 0.25 2 10 6016 
body 1.56 4 23 12031 
body -2.07 1 6 3005 
body 1.41 1 5 3005 
body -4.86 1 4 3000 
body 0.79 2 13 6010 
body 0.08 4 22 11968 
body 0.99 2 7 6003 
body 1.37 1 7 4385 
body -1.56 3 13 9004 
body 1.60 2 8 6000 
body 0.03 4 22 11957 
body 2.38 1 7 3012 
body 2.25 1 6 3004 
body -3.84 1 4 3001 
body 1.36 1 5 3001 
body -2.14 1 4 3000 
body 2.51 1 5 2942 
body 3.71 1 5 3003 
body -2.54 1 6 3006 
body 0.77 2 10 6005 
body -0.78 1 4 3001 
body 0.17 2 13 6010 
body 1.40 1 4 3002 
body 3.58 1 5 3001 
body 2.68 1 4 3000 
body -0.82 3 18 9021 
body -1.08 3 18 9059 
body -4.52 1 6 3002 
body -0.80 3 12 9003 
body -5.90 1 4 3000 
body 6.17 1 4 3000 
body -5.75 1 3 2999 
body -11.71 1 3 2999 
body -7.81 1 3 2999 
body -5.24 1 4 3071 
body 3.88 1 5 3003 
body -7.56 1 3 2999 
body -5.94 1 5 3001 
body 5.80 1 4 3000 
body 1.51 2 11 7452 
body -1.16 1 6 4682 
body -8.36 1 4 3000 
body -2.41 4 22 12020 
body -1.22 1 4 3000 
body 0.31 6 30 18056 
body -0.46 1 5 3002 
body 8.33 1 5 3003 
body -1.34 2 11 6004 
body 3.34 1 4 3000 
body 3.67 1 3 2999 
body -1.32 2 10 5964 
body 2.64 2 12 6007 
body -2.35 2 9 6007 
body -3.77 1 6 3002 
body -0.79 3 18 9023 
body 4.95 1 4 3000 
body -0.09 1 5 3002 
body 3.76 1 3 2999 
body 0.29 4 23 12041 
body -3.59 1 5 3002 
body 1.34 2 12 6025 
body -3.35 1 5 3002 
body -1.39 1 5 3001 
body 2.72 1 3 2999 
body 0.43 3 16 9024 
body 3.51 1 4 3002 
body -1.93 1 5 3001 
body -2.78 1 5 3001 
body 1.93 3 17 9053 
body -0.42 1 5 3001 
body -0.86 2 8 6002 
body 2.69 2 10 6009 
body 0.45 2 10 6073 
body -2.98 1 4 3000 
body -1.76 4 20 12050 
body -1.67 1 4 3000 
body -4.04 1 5 3001 
body 2.06 1 5 3002 
body -2.38 1 6 3003 
body 2.61 1 4 2940 
body -1.74 1 6 3006 
body -5.80 1 4 3000 
body -4.98 1 4 3001 
body -0.51 2 10 6003 
body -0.05 2 12 6696 
body -2.04 1 4 3001 
body 3.25 1 5 3002 
body -1.55 1 5 3003 
body -3.08 1 5 3001 
body 2.36 2 9 6122 
body 2.57 1 4 3003 
body -0.89 2 14 6028 
body -3.85 1 6 3023 
body 0.36 2 14 6034 
body -0.58 2 13 6016 
body 4.93 1 6 3044 
body -1.29 3 18 9191 
body -1.80 1 6 3006 
body 0.05 3 19 9026 
body -2.64 1 6 3158 
body 2.45 1 6 3008 
body 1.90 1 6 3042 
body 0.12 2 13 6021 
body -0.21 2 12 6010 
body 2.16 1 6 3002 
body 2.08 1 4 3000 
body 4.79 2 10 6006 
body -2.60 1 6 3053 
body -3.37 1 5 3083 
body -0.55 1 4 3002 
body -0.47 3 17 9019 
body 0.23 1 4 3000 
body -0.99 1 3 3000 
body 0.56 4 24 12341 
body -6.12 1 5 3003 
body 1.31 1 4 3001 
body -3.39 1 4 3000 
body 1.17 1 3 2999 
body 0.16 3 19 9024 
body -3.44 1 7 3081 
body -0.32 1 4 3018 
body -2.00 3 18 9054 
body 0.84 1 7 3072 
body -3.28 1 6 3018 
body -0.11 1 6 3002 
body 0.27 3 20 9092 
body -2.56 1 4 3000 
body -1.99 2 14 6013 
body 3.31 1 6 3008 
body 2.52 1 6 3004 
body 2.86 1 7 3009 
body -2.46 1 6 3008 
body 2.17 2 11 6016 
body -3.95 1 7 3024 
body 1.09 1 5 3003 
body -2.32 1 5 3006 
body -1.58 1 6 3010 
body -3.30 1 7 3007 
body 1.42 2 12 6022 
body -0.13 2 11 6020 
body 2.82 1 7 3011 
body -2.42 1 6 3007 
body 2.53 1 6 3032 
body 0.41 1 7 3023 
body -0.49 2 12 6072 
body -2.09 1 7 3012 
body 3.78 1 6 3003 
body 0.65 2 12 7780 
body 2.47 2 11 6076 
body -0.87 3 20 9014 
body 4.46 1 6 3004 
body 4.18 1 6 3005 
body -5.12 1 5 3003 
body -2.73 1 3 2999 
body 9.94 1 4 3001 
body -1.05 1 3 3000 
body 0.64 3 21 9172 
body -1.02 1 5 3001 
body 3.06 1 6 3002 
body -3.07 1 4 3000 
body 0.57 2 10 6014 
body -1.49 1 5 3002 
body 1.11 2 11 6732 
body -1.53 1 6 3009 
body -0.04 2 13 6029 
body 1.24 2 11 6019 
body -2.24 1 6 3008 
body 1.69 1 6 3022 
body 1.88 1 7 3030 
body 1.84 1 5 3011 
body 2.21 1 6 3009 
body -1.10 1 7 3007 
body -3.78 1 6 3007 
body 2.15 1 6 3012 
body 0.14 2 13 6015 
body -0.14 2 12 6030 
body -1.50 1 7 3011 
body -1.15 2 13 6029 
body -0.16 1 6 3009 
body -0.71 2 14 6033 
body -0.24 1 7 3013 
body -0.31 1 7 5950 
body -1.21 2 14 6025 
body 0.40 1 7 3017 
body 4.74 1 6 3022 
body 2.03 1 5 3008 
body -1.95 1 7 4771 
body -4.19 1 7 5839 
body -1.91 1 7 3035 
body -3.20 1 7 3041 
body -1.13 1 7 3034 
body -0.90 1 6 3035 
body 2.12 1 5 3009 
body -3.01 1 6 3003 
body 3.66 1 7 3009 
body 4.41 1 7 3008 
body 1.94 1 7 3200 
body -0.34 2 10 6018 
body -2.16 1 5 3006 
body -0.95 1 6 3006 
body -2.13 1 5 3004 
body -0.33 3 20 9046 
body -3.04 1 7 3069 
body -0.22 1 6 3006 
body -0.93 2 13 6033 
body 3.21 1 4 3004 
body -0.92 1 5 3007 
body -1.01 2 13 7523 
body -3.55 1 7 4566 
body -2.75 1 6 3004 
body -3.74 1 4 3002 
body -0.70 1 7 3020 
body -2.76 1 5 3008 
body -4.05 1 4 3000 
body 3.85 1 6 3005 
body -1.72 1 6 3005 
body -0.59 1 5 3003 
body 1.12 1 7 3014 
body 2.48 1 6 3016 
body 0.04 2 12 6209 
body -1.57 1 5 3011 
body -0.28 2 13 6039 
body -0.88 1 5 3012 
body -1.84 1 7 3008 
body 0.06 1 7 3007 
body 4.96 1 6 3005 
body 1.45 1 6 3005 
body 3.35 1 7 3007 
body 1.13 1 7 3008 
body 0.85 1 6 3007 
body -0.77 2 10 6026 
body -1.41 1 5 3003 
body -1.70 2 13 6083 
body 1.22 1 5 3038 
body -2.39 1 7 3040 
body -1.54 1 7 3013 
body 1.77 1 6 3006 
body -0.02 1 6 3006 
body -2.40 1 7 3088 
body -5.39 1 7 3080 
body 3.72 1 6 3010 
body -2.18 1 7 3008 
body -1.40 1 7 3022 
body -3.00 1 7 3023 
body 2.62 1 6 3014 
body 1.71 2 14 6037 
body -1.36 1 7 3020 
body 0.09 1 6 3014 
body -0.53 1 5 3015 
body 0.55 1 7 3016 
body -1.60 1 7 3040 
body -1.28 1 7 3013 
up 1.48 3 20 9292 
up 2.13 1 6 3256 
up 1.22 6 33 18117 
up 0.88 2 13 6280 
up 2.57 1 7 3141 
up 2.10 1 7 3169 
up 0.11 16 102 55325 
up 0.37 7 43 21995 
up 0.87 6 37 18343 
up 1.69 1 7 3325 
up 0.07 12 77 36283 
up 1.07 5 35 15700 
up 0.14 11 66 38905 
up 0.43 7 48 21825 
up 1.66 3 18 9073 
up 2.70 2 13 6229 
up 0.20 13 80 41355 
up 0.72 11 66 34499 
up 1.54 4 25 14086 
up 0.13 11 72 37515 
up 0.71 7 42 22047 
up 1.61 5 32 15967 
up 0.06 7 44 22041 
up 0.78 8 51 24247 
up 0.33 9 60 31052 
up 0.59 5 29 17069 
up 0.29 10 61 30514 
up 0.17 13 82 43003 
up 0.50 12 70 36752 
up 0.57 10 59 30515 
up 0.69 8 52 26843 
up 0.63 9 51 33224 
up 0.15 9 56 30759 
up 1.04 4 26 12458 
up 0.67 10 64 32003 
up 0.39 5 31 18177 
up 1.08 3 21 11952 
up 0.49 4 27 12201 
up 0.36 9 55 28136 
up 0.25 14 91 44431 
up 0.35 9 53 28820 
up 1.03 4 24 12549 
up 0.51 10 57 32273 
up 0.34 10 59 34416 
up 0.24 12 79 39735 
up 0.38 11 67 36877 
up 0.00 13 83 57556 
up 1.00 5 30 17867 
up 0.12 15 89 48739 
up 0.52 6 38 21696 
up 0.44 4 24 13453 
up 1.62 2 11 7672 
up 0.04 10 64 33034 
up 0.42 13 74 42528 
up 0.55 7 42 24050 
up 0.08 9 58 32479 
up 0.85 2 14 9599 
up 0.74 2 13 8095 
up 0.40 10 55 31863 
up 0.98 3 20 10648 
up 0.21 11 68 35058 
up 0.46 12 76 39158 
up 0.32 7 46 24598 
up 0.22 15 97 48825 
up 0.84 5 28 18081 
up 0.30 10 64 35904 
up 0.10 7 40 22278 
up 1.06 2 14 8488 
up 0.01 9 51 30089 
up 0.80 8 54 28429 
up 0.81 3 19 10852 
up 0.66 5 34 19731 
up 0.23 10 65 36760 
up 0.53 12 72 38106 
up 0.47 9 60 29546 
up 0.27 5 32 17756 
up 0.76 2 12 8048 
up 0.28 13 78 42064 
up 0.02 5 31 17726 
up 0.65 7 41 22504 
up 0.09 7 43 22544 
up 0.56 10 57 30997 
up 1.56 2 13 6943 
up 1.13 4 22 13279 
up 1.75 1 7 3877 
up 0.62 4 28 12849 
up 0.95 3 20 9686 
up 2.15 3 18 9811 
up 1.73 3 17 9810 
up 1.01 5 31 15816 
up 0.73 4 24 12914 
up 0.83 7 42 23954 
up 2.14 2 12 6045 
up 0.99 7 45 21120 
up 0.64 9 53 27117 
up 0.16 9 58 27083 
up 1.85 1 7 3030 
up 0.31 10 62 30188 
up 1.64 2 10 6020 
up 1.59 2 12 6030 
up 0.05 4 25 12054 
up 0.61 9 55 28673 
up 1.95 1 7 3012 
up 1.23 2 14 6068 
up 0.77 8 49 24522 
up 1.74 2 12 6017 
up 0.03 8 49 24139 
up 1.32 1 7 4332 
up 0.60 10 57 30123 
up 1.30 3 15 9010 
up 0.19 4 26 12064 
up 1.12 4 23 12032 
up 0.79 4 28 12097 
up 0.26 12 76 39281 
up 1.43 2 12 6011 
up 1.49 2 10 5949 
up 1.31 3 18 9202 
up 1.41 1 6 3005 
up 1.17 2 11 6014 
up 1.21 3 18 10712 
up 0.41 9 56 30093 
up 1.24 1 7 3009 
up 1.45 3 16 9019 
up 1.33 1 6 3005 
up 0.93 1 6 3004 
up 0.90 1 6 3008 
up 0.82 6 31 18037 
up 1.65 2 12 6010 
up 1.18 5 28 15071 
up 0.45 4 25 11967 
up 0.70 5 27 15107 
up 0.18 7 41 21109 
up 1.96 1 7 3012 
up 2.42 1 4 3001 
up 0.68 9 52 27017 
up 0.97 6 39 18580 
up 1.28 3 17 9011 
up 1.51 3 19 9022 
up 4.20 1 5 3004 
up 1.91 2 10 6005 
up 2.02 3 14 9009 
up 1.97 1 7 5825 
up 2.07 2 7 6000 
up 1.39 1 5 3002 
up 0.48 5 32 15256 
up 0.92 3 19 9038 
up 0.58 4 22 13637 
up 1.34 2 11 6008 
up 2.04 2 13 6040 
up 0.94 4 19 12500 
up 1.55 5 24 15014 
up 1.02 2 8 6000 
up 2.90 1 3 2999 
up 1.36 1 5 3003 
up 3.52 1 3 2999 
up 1.71 1 4 3000 
up 4.39 1 5 3006 
up 2.39 1 5 4610 
up 1.46 1 4 3000 
up 4.33 1 5 3001 
up 3.38 1 5 3001 
up 3.67 1 5 3001 
up 1.67 1 5 3001 
up 3.10 1 5 3002 
up 2.18 1 3 2999 
up 1.26 1 5 3003 
up 2.45 1 5 3002 
up 1.53 1 3 2999 
up 1.94 1 5 3001 
up 1.40 3 12 9001 
up 2.59 1 5 3062 
up 1.19 3 20 9046 
up 3.74 1 4 3002 
up 1.78 3 14 10634 
up 2.32 1 3 3000 
up 2.22 2 13 6078 
up 1.15 2 12 6059 
up 3.14 1 4 3000 
up 1.72 2 11 6047 
up 2.36 1 4 3000 
up 2.66 1 4 3001 
up 2.81 1 7 3005 
up 2.80 1 7 3011 
up 2.21 1 7 3008 
up 1.35 2 10 6005 
up 2.52 1 5 3002 
up 2.25 1 5 3003 
up 1.70 1 5 3011 
up 3.37 1 3 2999 
up 4.53 1 6 3095 
up 0.75 3 18 9021 
up 1.29 1 7 3014 
up 1.05 2 13 6032 
up 0.89 4 25 11984 
up 1.98 1 6 3004 
up 2.47 1 3 3002 
up 1.09 2 10 6003 
up 1.10 2 10 6005 
up 2.27 1 6 3003 
up 1.37 1 7 3004 
up 1.50 1 4 3001 
up 1.47 2 8 6002 
up 1.87 1 6 3007 
up 1.82 1 5 3007 
up 1.88 2 11 6017 
up 0.54 1 7 3030 
up 1.16 1 6 3012 
up 0.86 1 6 3009 
up 2.44 1 7 5950 
up 0.91 1 7 3035 
up 2.43 1 6 3008 
up 1.14 1 7 3009 
up 1.93 1 5 3004 
up 4.26 1 4 3000 
up 0.96 1 7 3007 
up 1.20 1 6 3013 
up 1.92 1 7 3153 
up 1.44 1 6 3013 
down 3.58 1 7 3217 
down 1.35 3 20 9299 
down 1.05 5 30 16442 
down 0.82 8 48 25933 
down 0.28 8 48 24998 
down 0.79 4 24 12181 
down 1.24 4 26 12468 
down 0.62 3 21 9304 
down 0.25 7 40 22318 
down 0.11 8 48 26219 
down 1.16 2 11 6142 
down 0.43 9 55 27294 
down 1.71 1 7 3105 
down 0.29 11 70 34866 
down 0.54 11 71 37450 
down 2.28 1 7 3057 
down 0.41 5 32 15323 
down 0.26 9 57 31942 
down 0.55 9 58 28792 
down 0.18 11 68 34634 
down 1.65 1 7 3415 
down 2.68 1 7 3197 
down 1.17 4 25 12316 
down 0.34 6 40 19459 
down 0.40 8 50 29141 
down 0.81 6 36 19991 
down 0.58 9 59 27956 
down 2.00 1 7 3182 
down 0.52 4 28 13746 
down 0.66 7 45 23823 
down 0.06 6 37 20039 
down 0.67 4 25 12470 
down 1.33 5 29 15249 
down 0.86 6 36 18619 
down 0.49 10 58 33504 
down 0.20 11 74 38060 
down 1.00 6 39 19606 
down 2.40 2 11 6247 
down 0.37 8 50 24412 
down 0.23 10 65 32219 
down 0.60 6 40 20501 
down 0.07 7 48 21392 
down 0.08 11 65 36290 
down 0.19 6 36 18558 
down 0.12 6 40 18619 
down 0.50 8 47 26868 
down 0.59 9 51 30323 
down 0.63 8 50 27413 
down 1.96 2 12 8744 
down 0.39 8 54 31692 
down 1.13 7 41 22466 
down 0.84 8 51 26928 
down 1.48 6 38 19406 
down 1.20 1 7 4310 
down 1.80 1 7 4153 
down 1.41 2 13 7435 
down 0.72 6 35 21518 
down 0.88 4 26 14919 
down 0.03 5 34 16880 
down 0.75 12 73 42346 
down 0.36 8 52 27428 
down 1.31 5 30 16665 
down 1.04 4 22 13738 
down 2.04 1 7 4699 
down 0.38 7 40 22764 
down 0.31 10 62 38808 
down 1.89 3 17 11507 
down 0.71 6 38 21471 
down 0.57 11 64 34739 
down 1.37 4 25 13507 
down 0.02 7 43 24399 
down 1.32 5 24 17095 
down 0.33 10 66 31959 
down 0.42 6 39 21290 
down 0.48 7 42 22961 
down 0.22 8 51 27409 
down 0.53 6 34 20456 
down 0.35 12 69 40243 
down 0.91 6 37 20002 
down 0.51 9 59 31510 
down 0.46 5 33 21321 
down 0.30 4 25 13609 
down 0.44 5 33 19578 
down 0.70 14 89 45590 
down 0.85 8 48 25995 
down 0.27 10 66 33805 
down 0.32 9 60 34664 
down 0.01 9 57 30209 
down 0.05 7 45 24868 
down 2.72 1 7 4349 
down 2.38 1 7 4247 
down 0.15 5 28 16271 
down 0.61 9 55 28529 
down 1.18 2 13 7013 
down 2.37 1 7 3843 
down 0.90 1 7 3658 
down 0.87 3 21 9624 
down 1.49 3 18 9596 
down 1.36 6 34 18952 
down 1.11 6 35 18937 
down 0.78 5 33 17023 
down 0.16 8 47 24866 
down 1.02 2 14 6935 
down 0.92 7 39 21733 
down 1.83 2 13 6045 
down 2.97 1 7 3034 
down 1.58 1 7 3018 
down 1.56 3 20 9151 
down 0.13 8 48 24079 
down 1.57 1 7 3030 
down 0.24 13 81 43261 
down 1.06 2 13 6028 
down 1.72 3 17 8977 
down 2.43 2 11 6021 
down 0.76 5 30 15068 
down 1.03 7 42 21077 
down 0.96 4 26 11991 
down 2.15 1 7 3014 
down 1.53 1 7 3008 
down 0.74 4 24 11963 
down 0.95 5 35 15065 
down 0.14 7 46 22580 
down 0.98 2 11 6011 
down 1.22 1 7 3014 
down 0.21 8 50 24085 
down 0.10 7 40 21041 
down 1.28 3 19 9769 
down 1.10 3 19 9028 
down 1.43 3 19 9017 
down 0.47 3 18 9074 
down 0.77 3 20 9448 
down 1.63 3 17 9013 
down 0.80 4 26 12066 
down 0.89 8 44 24063 
down 0.04 6 41 18093 
down 1.12 2 10 6023 
down 0.93 7 46 21081 
down 0.73 3 18 9019 
down 1.30 4 24 12031 
down 0.65 5 26 15034 
down 1.70 2 11 5950 
down 0.68 4 24 12027 
down 1.40 2 13 6012 
down 0.94 7 47 21600 
down 1.27 3 20 9023 
down 1.45 3 17 9020 
down 2.03 1 6 3009 
down 1.47 3 15 9011 
down 2.58 1 7 3008 
down 1.97 2 11 6010 
down 1.39 2 14 6029 
down 1.23 3 14 9003 
down 1.26 3 13 9006 
down 4.31 1 4 3013 
down 2.92 1 6 3003 
down 1.34 2 9 6007 
down 3.22 1 6 3005 
down 1.99 2 11 6069 
down 3.44 1 4 3000 
down 1.68 3 15 9019 
down 2.06 1 6 3008 
down 1.54 1 7 4385 
down 4.39 1 3 2999 
down 3.70 1 3 2999 
down 2.35 1 6 3007 
down 1.69 1 5 3001 
down 4.66 1 4 3000 
down 4.51 1 4 3001 
down 2.48 2 8 6004 
down 1.29 3 13 9005 
down 3.31 2 7 6000 
down 0.99 5 24 16839 
down 0.09 3 19 9042 
down 0.56 6 36 18046 
down 2.09 1 3 2999 
down 1.60 2 10 6003 
down 2.80 2 7 6001 
down 5.59 1 3 2999 
down 12.16 1 4 3071 
down 4.38 1 5 3003 
down 4.45 1 3 2999 
down 6.06 1 3 2999 
down 2.61 1 4 3000 
down 3.17 1 4 3000 
down 2.12 3 17 9016 
down 1.42 2 7 6000 
down 3.30 1 4 3000 
down 4.68 1 3 2939 
down 1.21 2 11 6010 
down 1.51 1 6 3002 
down 2.39 1 5 3001 
down 1.77 1 5 3002 
down 4.04 1 5 3001 
down 2.02 2 10 6005 
down 3.45 1 5 3001 
down 0.00 8 47 34223 
down 1.78 1 3 2999 
down 1.62 2 13 6081 
down 1.52 2 8 6001 
down 0.69 9 56 27120 
down 3.87 1 4 3000 
down 2.90 1 3 2999 
down 3.14 1 5 3001 
down 2.42 1 4 3002 
down 2.25 1 5 3002 
down 6.32 1 4 3000 
down 2.70 1 4 3000 
down 2.26 1 6 3002 
down 1.09 1 5 3003 
down 2.52 1 6 3006 
down 1.14 2 13 6015 
down 0.17 5 28 15081 
down 1.15 1 5 3063 
down 1.07 4 25 12110 
down 6.42 1 4 3000 
down 1.44 2 11 5890 
down 1.93 2 11 6055 
down 1.87 1 5 3001 
down 2.24 1 5 2943 
down 0.45 5 34 15066 
down 2.34 1 5 3001 
down 3.68 1 3 3000 
down 2.20 1 7 3004 
down 1.50 2 10 5947 
down 1.76 1 4 3000 
down 2.87 1 6 3002 
down 1.84 1 4 3118 
down 2.05 1 5 3002 
down 1.01 3 17 9040 
down 0.64 4 27 12073 
down 1.46 1 7 3030 
down 0.97 2 12 7474 
down 1.98 1 6 3010 
down 1.08 2 11 6010 
down 0.83 3 19 9126 
down 2.41 1 7 3036 
down 3.76 1 7 3041 
down 1.55 1 7 4417 
down 2.31 1 7 3036 
down 1.19 1 7 3037 
down 1.64 1 6 3035 
down 2.46 2 10 6011 
down 2.21 1 6 3006 
down 1.61 1 6 3009 
down 2.14 1 6 3005 
down 2.22 1 4 3000 
down 4.08 1 4 3000 
down 5.23 1 7 3007 
down 1.38 1 6 3017 
