open 71.55 1 7 3219 
open 72.37 1 6 3238 
open 72.16 1 5 3056 
open 71.14 2 14 6355 
open 70.35 1 7 3143 
open 69.41 1 7 3187 
open 70.02 1 7 3397 
open 68.64 1 7 3155 
open 69.36 1 7 3337 
open 71.99 1 7 3319 
open 72.42 2 14 6337 
open 71.11 1 7 3099 
open 73.72 1 7 3145 
open 72.46 1 7 3684 
open 71.36 1 7 3041 
open 71.35 1 7 3176 
open 70.75 1 7 3169 
open 69.63 1 7 3127 
open 70.62 1 7 3092 
open 69.42 1 7 3318 
open 67.44 1 7 3121 
open 67.62 1 7 3149 
open 67.99 1 7 3062 
open 68.65 1 7 3147 
open 70.18 1 7 3134 
open 69.26 1 7 3481 
open 70.46 1 7 3104 
open 71.28 1 7 3251 
open 72.00 1 7 3354 
open 72.45 1 7 3416 
open 71.87 1 7 3264 
open 72.53 1 7 3160 
open 72.40 1 7 3436 
open 72.10 1 7 3413 
open 70.06 1 7 3283 
open 73.35 1 7 3106 
open 74.01 1 7 3238 
open 74.44 1 7 3143 
open 74.04 1 7 3099 
open 74.21 1 7 3094 
open 73.86 1 7 3155 
open 75.12 1 7 3139 
open 73.61 1 7 3256 
open 72.74 1 7 3305 
open 74.33 1 7 5141 
open 74.76 1 7 5444 
open 75.09 1 7 5071 
open 76.17 1 7 5081 
open 78.34 1 7 6129 
open 77.69 1 7 8215 
open 79.22 1 7 5080 
open 80.27 1 7 5038 
open 78.65 1 7 5294 
open 80.53 1 7 5212 
open 78.48 1 7 5223 
open 78.82 1 7 5410 
open 78.69 1 7 5259 
open 79.17 1 7 5228 
open 78.78 2 14 11058 
open 78.04 1 7 4972 
open 76.97 1 7 5044 
open 79.58 2 14 9704 
open 79.82 2 14 9189 
open 80.06 1 7 5312 
open 78.41 1 7 5564 
open 78.87 1 7 5620 
open 79.48 1 7 5800 
open 80.49 3 20 12897 
open 79.59 1 7 5354 
open 78.67 1 7 5579 
open 79.08 1 7 5459 
open 79.38 1 7 5397 
open 80.50 1 7 5495 
open 80.19 1 7 5248 
open 81.10 2 14 7845 
open 80.57 1 7 5273 
open 79.60 1 7 5237 
open 79.93 2 14 8138 
open 80.00 1 7 4676 
open 81.16 1 7 4729 
open 80.02 1 7 4942 
open 79.05 1 7 5251 
open 79.16 1 7 5323 
open 79.56 1 7 5074 
open 80.08 1 7 4974 
open 80.82 1 7 4697 
open 82.80 4 28 16312 
open 82.28 2 14 8363 
open 82.86 1 7 5473 
open 83.41 3 19 11757 
open 83.26 2 13 8369 
open 82.54 1 7 5636 
open 83.29 1 7 5277 
open 83.48 2 12 9989 
open 81.97 1 7 5666 
open 84.18 1 7 5041 
open 84.69 1 7 4746 
open 85.00 1 7 5192 
open 85.59 3 20 13472 
open 85.77 2 13 9093 
open 85.94 1 7 4821 
open 85.19 2 14 8224 
open 86.65 1 7 5461 
open 87.46 1 7 5041 
open 88.83 1 7 5215 
open 88.54 1 7 5215 
open 86.46 1 7 5121 
open 86.47 1 7 5594 
open 88.11 1 7 5247 
open 88.10 2 12 7699 
open 85.83 1 7 4625 
open 86.82 1 7 4825 
open 87.21 2 14 7569 
open 86.35 2 14 9101 
open 86.39 1 7 5285 
open 87.35 2 14 7734 
open 87.96 2 11 7756 
open 88.76 2 13 7582 
open 88.85 1 7 4414 
open 90.56 1 7 4783 
open 91.04 1 7 4232 
open 90.92 1 7 4438 
open 89.40 1 7 4758 
open 90.24 1 7 4366 
open 88.63 1 7 4498 
open 88.81 2 14 7676 
open 85.15 2 14 7059 
open 87.36 2 14 7859 
open 88.64 1 7 4223 
open 89.08 1 7 4170 
open 86.61 2 13 7391 
open 85.38 2 14 7168 
open 83.13 1 7 4620 
open 82.07 1 7 4036 
open 84.68 1 7 4392 
open 83.56 1 7 3947 
open 82.59 1 7 3926 
open 84.47 1 7 4226 
open 83.63 1 7 4297 
open 82.60 1 7 4097 
open 82.35 1 7 4247 
open 81.32 1 7 4221 
open 83.55 1 7 4260 
open 83.07 1 7 4342 
open 84.51 1 7 4190 
open 84.81 1 7 4165 
open 85.41 3 20 15662 
open 86.38 2 13 8931 
open 86.17 1 7 3050 
open 86.95 1 7 3045 
open 85.78 1 7 3044 
open 84.45 1 7 3036 
open 85.32 1 7 3057 
open 86.09 2 14 6209 
open 87.14 1 7 3046 
open 84.91 1 7 3041 
open 86.87 3 20 9003 
open 84.95 1 7 2984 
open 82.61 2 12 6098 
open 82.20 2 14 6073 
open 82.12 1 7 3032 
open 82.88 2 13 6054 
open 84.36 1 7 3040 
open 85.48 1 7 3039 
open 87.18 1 7 3038 
open 88.87 1 7 3032 
open 87.80 4 26 12059 
open 88.56 1 7 3013 
open 88.44 2 13 6022 
open 87.60 1 7 3014 
open 87.45 1 7 3013 
open 85.55 1 7 3021 
open 88.46 1 7 3017 
open 87.72 1 7 3024 
open 87.22 1 7 3023 
open 86.96 1 7 3013 
open 86.49 1 7 3017 
open 88.13 1 7 3021 
open 88.31 1 7 3018 
open 86.25 1 7 3014 
open 86.16 1 7 3015 
open 86.24 1 7 3016 
open 87.08 1 7 3011 
open 87.54 1 7 3014 
open 88.33 1 7 3025 
open 88.01 1 7 3020 
open 87.28 1 7 3018 
open 88.15 1 7 3018 
open 88.82 1 7 3078 
open 88.12 2 12 6015 
open 89.28 1 7 3020 
open 89.60 1 7 3019 
open 89.26 1 7 3021 
open 90.33 1 7 3021 
open 90.15 1 7 3012 
open 91.36 1 7 3021 
open 90.48 1 7 3023 
open 90.89 1 6 4326 
open 89.34 1 7 3014 
open 87.41 3 20 9038 
open 86.18 2 12 6017 
open 87.13 2 13 6032 
open 87.00 1 7 3018 
open 86.58 1 7 3014 
open 89.86 1 7 3013 
open 89.53 1 7 3022 
open 90.03 2 9 6014 
open 89.68 1 5 3008 
open 89.43 1 7 3021 
open 89.72 1 7 3018 
open 89.84 1 7 3018 
open 90.50 1 7 3015 
open 89.41 1 7 3020 
open 87.56 2 13 7634 
open 87.86 1 7 3014 
open 87.64 1 7 3014 
open 86.86 1 6 3007 
open 85.56 2 13 6031 
open 85.61 1 7 3011 
open 85.76 1 7 3016 
open 85.64 3 19 9090 
open 86.80 1 6 3007 
open 86.57 1 7 3014 
open 87.25 1 7 3014 
open 88.79 1 7 3015 
open 87.19 1 7 3015 
open 86.53 1 7 3010 
open 87.71 3 15 9014 
open 88.45 1 7 3013 
open 87.85 2 13 6054 
open 87.30 1 6 3008 
open 88.75 1 7 3011 
open 89.04 1 6 3011 
open 90.27 1 6 3072 
open 90.66 1 7 3014 
open 89.44 1 6 3008 
open 90.26 1 6 3010 
open 90.58 1 7 3021 
open 91.05 1 7 3008 
open 92.39 1 6 3005 
open 92.75 1 7 3012 
open 89.51 1 7 3017 
open 89.10 1 7 3018 
open 90.07 3 20 9048 
open 89.35 1 7 3011 
open 90.25 1 6 3010 
open 91.00 1 7 3011 
open 91.64 1 7 3014 
open 90.79 1 6 3012 
open 89.78 1 7 3013 
open 90.76 1 7 3011 
open 88.28 2 13 6025 
open 89.69 1 7 3010 
open 90.30 1 6 3006 
open 89.94 1 7 3015 
open 90.98 1 7 3010 
open 91.09 1 7 3013 
open 92.25 1 6 3008 
open 90.61 1 7 3012 
open 91.63 1 7 3018 
open 90.99 1 6 3011 
open 90.85 1 6 3010 
open 92.49 1 7 3009 
open 92.52 1 7 3015 
open 93.09 1 7 3011 
open 93.01 1 7 3008 
open 92.76 1 7 3013 
open 93.46 1 6 3010 
open 94.00 2 13 6094 
open 93.18 1 7 3015 
open 93.63 1 7 3018 
open 93.48 1 7 3016 
open 93.38 1 7 3016 
open 93.82 1 6 3018 
open 93.71 1 7 3018 
open 94.41 1 7 3015 
open 94.97 2 14 6033 
open 94.17 2 14 6034 
open 94.20 1 7 3015 
open 93.93 1 7 3016 
open 94.77 1 7 3020 
open 94.09 1 7 3015 
open 93.51 1 7 3028 
open 94.22 2 13 6084 
open 93.92 1 7 3016 
open 94.52 1 7 3018 
open 96.59 1 7 3013 
open 96.37 1 7 3013 
open 97.30 1 7 3017 
open 97.24 1 7 4396 
open 97.40 1 7 4390 
open 97.95 1 7 3016 
open 96.11 1 7 3011 
open 96.60 1 7 3018 
open 97.87 1 7 3014 
open 97.21 1 6 3011 
open 96.79 1 7 3014 
open 97.20 1 7 3014 
open 97.06 1 6 3009 
open 97.09 2 12 6013 
open 95.43 2 13 6016 
open 95.36 1 7 3014 
open 96.72 1 7 2952 
open 97.23 1 7 3009 
open 97.17 2 12 6013 
open 97.83 1 7 3014 
open 98.38 2 13 6018 
open 98.64 1 7 3018 
open 98.61 1 7 3019 
open 98.47 1 7 3016 
open 98.93 1 7 3013 
open 98.89 1 7 3018 
open 99.23 2 13 5958 
open 99.58 1 6 3010 
open 97.90 1 6 3010 
open 99.46 1 7 3010 
open 100.14 1 7 3013 
open 100.72 1 7 3025 
open 101.00 1 6 3015 
open 101.63 1 7 3014 
open 99.92 1 6 3011 
open 98.55 1 6 3008 
open 99.24 1 5 3004 
open 96.97 1 6 3020 
open 94.55 1 7 3008 
open 95.14 1 6 3008 
open 96.02 1 7 3009 
open 96.06 1 7 3012 
open 98.13 1 7 3006 
open 98.44 2 12 6021 
open 99.02 1 7 3014 
open 98.90 1 6 3008 
open 97.84 1 7 3065 
open 98.94 1 7 3006 
open 100.22 1 6 3005 
open 98.43 1 5 3002 
open 99.35 1 6 3004 
open 98.45 2 11 6009 
open 98.35 1 6 3007 
open 98.00 1 6 3009 
open 98.36 1 7 4391 
open 98.71 1 7 5830 
open 98.70 1 6 3009 
open 97.93 1 5 3006 
open 97.68 1 6 3003 
open 97.62 1 6 3004 
open 97.78 1 6 3003 
open 97.34 2 13 6281 
open 98.51 1 7 3012 
open 99.91 2 11 6008 
open 99.53 1 7 3009 
open 100.04 1 3 3001 
open 100.42 1 5 3001 
open 101.12 1 6 3005 
open 100.96 1 6 3006 
open 102.54 1 5 3004 
open 100.24 2 12 6012 
open 99.54 1 6 3006 
open 99.48 1 6 3003 
open 99.85 1 7 3007 
open 100.82 1 6 3009 
open 100.86 1 6 3005 
open 102.96 1 6 3007 
open 103.66 1 5 3005 
open 103.48 1 7 3007 
open 103.94 1 7 3007 
open 103.93 1 7 3007 
open 103.74 1 7 3004 
open 104.05 1 5 3002 
open 103.29 1 5 3004 
open 102.72 1 4 3002 
open 100.55 1 5 3002 
open 100.47 1 5 3003 
open 99.60 1 5 3001 
open 98.15 1 5 3004 
open 95.23 1 4 3001 
open 94.02 2 8 6001 
open 97.41 1 3 2999 
open 94.60 1 3 3000 
open 88.94 1 4 3000 
open 89.74 1 5 3001 
open 87.04 2 12 6079 
open 85.16 1 4 3003 
open 85.82 1 5 3001 
open 82.17 1 5 3001 
open 80.58 1 4 3000 
open 77.22 1 5 3001 
open 76.57 1 6 3005 
open 79.49 1 6 3007 
open 83.68 2 13 6011 
open 79.83 1 4 3000 
open 78.06 1 4 3000 
open 78.08 1 5 3003 
open 78.09 1 4 3002 
open 78.15 1 6 3005 
open 78.93 1 4 3002 
open 83.51 1 5 3001 
open 83.40 1 5 3003 
open 85.10 1 5 3002 
open 83.65 1 5 3002 
open 86.89 1 5 3002 
open 88.18 1 5 3006 
open 87.03 1 5 3005 
open 84.37 1 5 3002 
open 84.40 2 12 6012 
open 87.26 1 6 3006 
open 87.23 2 13 6012 
open 86.67 1 4 3001 
open 90.31 1 6 3003 
open 88.60 1 4 3001 
open 89.14 1 6 3005 
open 88.71 3 21 10636 
open 86.97 1 5 3002 
open 87.84 1 4 3002 
open 89.81 1 6 3004 
open 88.09 1 6 3003 
open 88.72 1 4 3001 
open 87.06 1 6 3005 
open 88.22 1 4 3001 
open 87.93 1 6 3003 
open 89.01 1 5 3002 
open 86.92 1 6 3003 
open 86.36 1 7 3007 
open 89.57 1 6 3065 
open 89.82 1 6 3002 
open 89.09 1 5 3005 
open 87.70 1 5 3005 
open 86.76 1 6 3004 
open 86.04 1 6 3004 
open 89.47 1 4 3008 
open 88.23 1 6 3007 
open 85.65 2 12 6053 
open 85.63 1 6 3005 
open 84.32 1 7 3006 
open 84.55 1 7 3010 
open 82.53 2 10 6008 
open 83.62 1 7 3007 
open 85.45 1 5 2943 
open 87.74 1 5 3005 
open 88.39 1 7 3010 
open 87.16 1 6 3007 
open 85.71 1 3 2999 
open 83.31 1 5 3003 
open 79.97 1 6 3002 
open 78.03 1 6 3002 
open 78.83 1 6 3002 
open 79.32 1 6 3005 
open 80.68 1 6 3006 
open 81.75 1 6 3008 
open 81.94 1 7 3007 
open 84.19 2 11 6010 
open 82.98 1 7 3011 
open 82.71 1 7 3008 
open 82.50 1 7 3021 
open 81.46 1 7 3011 
open 81.98 1 7 3030 
open 81.58 1 7 3011 
open 85.37 1 7 3033 
open 85.88 1 7 3151 
open 85.42 1 7 3019 
open 83.97 1 7 3058 
open 82.33 1 7 3010 
open 84.33 1 6 3003 
open 83.66 1 6 3006 
open 83.35 1 7 3012 
open 84.49 1 7 3026 
open 86.55 1 6 3525 
open 86.56 2 14 6030 
open 85.72 1 7 3049 
open 86.93 1 7 3017 
open 85.43 1 5 3006 
open 88.20 1 6 3006 
open 88.19 2 14 6016 
open 88.41 1 7 3009 
open 89.67 1 6 2948 
open 89.49 1 5 3003 
open 91.95 1 7 3007 
open 93.20 1 7 3058 
open 91.81 1 7 3067 
open 93.61 1 6 3012 
open 92.03 1 5 3004 
open 92.64 1 5 3003 
open 93.24 1 7 3006 
open 95.79 1 5 3003 
open 95.31 1 7 3006 
open 95.27 2 12 6009 
open 96.43 1 5 3005 
open 95.41 1 4 3004 
open 96.00 1 5 3006 
open 101.02 1 3 3000 
open 106.59 1 5 3003 
open 96.44 1 5 3002 
open 96.65 1 7 3008 
open 93.59 1 5 3042 
open 87.40 1 7 3048 
open 86.13 1 5 3020 
open 83.52 2 13 6722 
open 84.38 1 7 3070 
open 85.34 1 6 3004 
open 86.81 1 6 3024 
open 84.09 1 7 3007 
open 84.67 1 7 3068 
open 83.94 1 7 3010 
open 82.44 1 6 3004 
open 83.33 1 6 3431 
open 80.92 2 13 6017 
open 82.93 1 7 3007 
open 84.21 1 6 3006 
open 85.25 1 6 3007 
open 89.89 1 7 3008 
open 87.87 1 5 3006 
open 89.83 1 7 3016 
open 91.80 1 7 2951 
open 91.86 1 7 3019 
open 90.87 1 6 3024 
open 87.79 1 4 3004 
open 89.32 1 6 3009 
open 85.04 1 6 3003 
open 82.55 1 7 3005 
open 81.60 1 6 3006 
open 82.92 1 7 3012 
open 83.47 1 5 3006 
open 82.68 1 7 3009 
open 83.73 1 7 3018 
open 80.98 1 6 3006 
open 80.89 1 6 3011 
open 78.49 1 7 3012 
open 80.76 1 7 3016 
open 82.30 1 5 3007 
open 82.04 1 7 3032 
open 84.86 1 7 3009 
open 82.95 1 7 3010 
open 83.49 1 7 3022 
open 83.17 1 7 3029 
open 85.39 1 7 3014 
open 85.22 1 7 3011 
open 83.79 1 6 3011 
open 88.35 1 7 3013 
open 88.55 1 6 3007 
open 92.22 1 7 4780 
open 92.80 1 7 3083 
open 94.81 1 6 3007 
open 95.50 1 7 3007 
open 103.12 1 6 3003 
open 101.68 1 7 3007 
open 101.37 1 7 3008 
open 98.65 1 4 3003 
open 99.17 1 7 3013 
open 101.20 1 5 3004 
open 99.81 1 6 2949 
open 106.30 1 4 3001 
open 105.85 2 10 6004 
open 105.18 1 6 3002 
open 104.78 1 6 3006 
open 105.02 1 6 3004 
open 105.61 1 6 3004 
open 104.77 1 5 3001 
open 105.67 1 3 2999 
open 103.92 2 10 6730 
open 103.73 1 3 2999 
open 104.58 1 7 3124 
open 105.98 1 7 3005 
open 105.43 1 6 3010 
open 106.44 1 4 3004 
open 105.47 1 6 3004 
open 105.53 1 6 3005 
open 105.28 1 7 3010 
open 106.08 1 7 3009 
open 105.82 1 6 3006 
open 106.40 1 7 3044 
open 107.35 1 7 3009 
open 107.07 1 7 3010 
open 108.14 1 6 3010 
open 108.20 1 7 3009 
open 107.30 1 7 3009 
open 107.65 1 6 3019 
open 109.64 2 13 6096 
open 109.21 1 7 3016 
open 107.80 1 6 3016 
open 108.57 2 12 6028 
open 109.89 1 7 3030 
open 111.69 2 13 6033 
open 113.34 1 5 3009 
open 115.85 1 7 3010 
open 116.00 1 7 4450 
open 116.57 1 7 4746 
open 118.08 1 7 4446 
open 115.06 1 5 3006 
open 115.42 1 7 3011 
open 114.55 1 6 3010 
open 114.79 1 5 3005 
open 112.36 1 6 3009 
open 114.23 1 7 3014 
open 115.30 1 7 3009 
open 115.21 1 5 3009 
open 115.17 1 7 3018 
open 117.25 1 6 3011 
open 116.08 1 7 3013 
open 115.84 1 5 2945 
open 117.30 1 6 3010 
open 115.25 1 6 3013 
open 115.67 1 7 3022 
open 115.96 1 7 3016 
open 116.13 1 7 3015 
open 116.28 1 7 3014 
open 114.85 1 7 3011 
open 113.55 2 13 6028 
open 113.71 3 21 9032 
open 114.34 1 7 3009 
open 113.74 1 7 3017 
open 113.60 1 7 3021 
open 114.00 2 12 6032 
open 114.39 1 7 3027 
open 113.66 2 12 6034 
open 113.48 1 7 3022 
open 112.45 1 7 3016 
open 112.56 1 7 3016 
open 112.81 2 14 6043 
open 112.68 1 7 3033 
open 113.16 1 7 3026 
open 113.41 2 14 6828 
open 114.33 1 7 3070 
open 113.79 1 7 3020 
open 114.80 3 19 19108 
open 112.86 1 7 3411 
open 112.33 1 6 3017 
open 112.72 1 7 3097 
open 114.14 1 6 3027 
open 118.26 1 6 3010 
open 120.03 1 5 3012 
open 121.95 1 7 3033 
open 122.27 1 7 3042 
open 122.61 1 7 3045 
open 123.12 1 7 3040 
open 121.34 1 7 3043 
open 122.18 1 7 4774 
open 120.53 1 7 5842 
open 117.22 1 6 3034 
open 115.62 1 7 3037 
open 135.81 1 7 3039 
open 130.44 1 7 4414 
open 127.08 1 6 3032 
open 128.79 1 7 3036 
open 127.21 2 13 6043 
open 125.08 1 7 3043 
open 124.51 2 12 6053 
open 121.23 1 6 3036 
open 120.61 1 6 3012 
open 124.80 1 6 2949 
open 123.48 1 7 3008 
open 122.73 1 6 3009 
open 125.20 1 5 3005 
open 124.31 1 5 3004 
open 129.30 1 5 3004 
open 129.01 1 6 3008 
open 128.75 1 6 3009 
open 129.11 1 5 3007 
open 132.89 1 7 3203 
open 133.54 1 6 3007 
open 132.36 1 7 3008 
open 132.64 1 5 3002 
open 130.76 1 5 3003 
open 129.37 1 5 3003 
open 130.53 1 7 3010 
open 129.19 1 6 3006 
open 128.46 1 6 3005 
open 127.15 1 7 3016 
open 126.53 1 6 3010 
open 126.57 1 3 3000 
open 124.58 1 6 3005 
open 122.62 2 12 7515 
open 123.55 1 5 3002 
open 123.04 1 4 3002 
open 123.33 1 7 3013 
open 124.26 1 6 3008 
open 125.02 1 7 3009 
open 125.30 1 7 3069 
open 122.01 1 6 3007 
open 122.13 1 7 3011 
open 122.33 1 7 3012 
open 121.64 1 5 3006 
open 120.51 1 7 3010 
open 119.71 1 4 3004 
open 123.83 1 6 3011 
open 122.69 1 3 3005 
open 121.37 1 5 4569 
open 118.13 1 5 3004 
open 117.39 1 6 3007 
open 117.19 1 3 3002 
open 116.37 1 7 3006 
open 117.56 1 5 3005 
open 118.27 1 4 3002 
open 115.43 2 10 6011 
open 112.93 1 4 3003 
open 114.30 1 3 3001 
open 113.12 1 6 3005 
open 114.67 1 6 3006 
open 115.40 1 5 2947 
open 116.47 1 4 3001 
open 113.69 1 4 3003 
open 114.18 1 4 3000 
open 111.75 1 6 3010 
open 111.92 1 5 3008 
open 111.23 1 7 3024 
open 110.87 1 7 3023 
open 111.29 1 7 3028 
open 111.01 1 5 3008 
open 110.13 2 11 6012 
open 108.74 1 5 3001 
open 104.62 1 6 3005 
open 103.51 1 5 3002 
open 105.81 1 5 3002 
open 107.58 1 7 3246 
open 105.52 1 6 3004 
open 104.68 1 6 3007 
open 103.78 1 7 3010 
open 104.25 1 7 3009 
open 104.07 1 7 3007 
open 104.67 1 7 3009 
open 105.19 1 7 3010 
open 104.94 1 6 3005 
open 103.86 1 6 3006 
open 103.34 1 5 3003 
open 105.07 1 6 3009 
open 104.66 1 7 3017 
open 104.89 1 5 3008 
open 104.72 1 7 3073 
open 106.73 1 5 3015 
open 107.54 1 4 3013 
open 108.96 1 3 3009 
open 109.85 1 7 3016 
open 111.06 1 6 3013 
open 112.84 1 5 3014 
open 113.78 1 5 3014 
open 114.51 1 6 3796 
open 114.20 2 14 6507 
open 114.60 1 4 3011 
open 113.84 1 4 3010 
open 112.38 1 3 3009 
open 112.64 1 5 3012 
open 113.53 1 6 3017 
open 112.53 2 14 6033 
open 112.08 1 6 3014 
open 112.44 2 11 5968 
open 113.56 1 7 3018 
open 112.01 1 5 3004 
open 110.60 1 6 3004 
open 108.85 1 5 3003 
open 108.84 1 6 3008 
open 111.72 1 7 3014 
open 112.92 1 6 3006 
open 113.01 1 6 3009 
open 114.58 4 24 13545 
open 113.59 1 7 3017 
open 113.58 1 7 3013 
open 116.88 1 7 3011 
open 117.23 1 7 3015 
open 118.15 1 7 3126 
open 117.32 1 6 3008 
open 117.42 1 7 3013 
open 114.27 1 7 3016 
open 113.20 2 14 6056 
open 113.29 1 6 3006 
open 114.78 2 14 6015 
open 113.82 1 6 3011 
open 115.88 1 6 3002 
open 115.83 1 7 3009 
open 115.90 1 7 3014 
open 115.26 2 13 6024 
open 114.66 2 14 6048 
open 114.98 1 6 3072 
open 113.91 1 7 3025 
open 113.94 1 7 3026 
open 114.06 1 6 3026 
open 114.48 1 7 3024 
open 114.42 1 7 4944 
open 115.53 1 7 3025 
open 114.59 1 7 3019 
open 115.11 1 7 3025 
open 115.16 1 5 3032 
open 116.27 1 7 3189 
open 116.98 1 7 3042 
open 114.31 1 6 3004 
open 112.83 1 7 3008 
open 111.42 1 7 2951 
open 111.44 1 7 3015 
open 111.03 1 6 3011 
open 111.99 1 6 3003 
open 110.70 1 7 3013 
open 111.11 1 7 4268 
open 110.25 1 7 3087 
open 108.86 1 7 3010 
open 111.60 1 7 3084 
open 109.40 1 7 3011 
open 111.57 1 7 3011 
open 111.87 1 7 3006 
open 110.69 1 6 3008 
open 111.08 2 13 6033 
open 111.36 2 14 6039 
open 111.70 1 7 3025 
open 112.89 1 7 3023 
open 111.91 1 7 3029 
open 111.84 1 7 3033 
open 111.82 1 7 3035 
open 111.78 1 7 3027 
open 113.83 1 7 3024 
open 114.41 1 7 3019 
open 114.74 1 7 3028 
open 116.54 1 7 3033 
open 117.05 1 7 3024 
open 115.47 1 7 3022 
open 113.92 1 7 3017 
open 113.39 1 7 3015 
open 112.99 1 7 3079 
open 112.48 1 6 3022 
open 113.08 1 7 3022 
open 113.02 1 7 3028 
open 113.26 1 7 3022 
open 113.89 1 7 3022 
open 113.05 1 7 3020 
open 114.11 1 7 3018 
open 113.36 1 7 3198 
open 111.80 1 6 3196 
open 110.81 1 7 3015 
open 110.01 1 7 3022 
open 109.88 1 7 3028 
open 109.94 1 7 3032 
open 109.72 1 7 3032 
open 110.43 1 7 3026 
open 110.53 1 7 3019 
open 110.46 1 6 3015 
open 111.46 1 6 3013 
open 111.20 1 7 2962 
open 111.48 1 7 3025 
open 111.12 1 7 3017 
open 109.61 2 14 6041 
open 109.28 1 7 3027 
open 108.04 1 7 3013 
open 108.67 1 7 3021 
open 109.32 1 7 3024 
open 109.05 1 7 3015 
open 109.29 1 7 3018 
open 108.45 1 6 3006 
open 109.93 1 7 3017 
open 109.37 1 7 3017 
open 109.48 1 7 3021 
open 109.81 1 7 3015 
hight 73.15 1 7 3219 
hight 73.52 1 6 3238 
hight 73.34 1 5 3056 
hight 71.89 1 7 3253 
hight 71.58 1 7 3143 
hight 71.41 1 7 3187 
hight 70.08 1 7 3397 
hight 69.76 1 7 3155 
hight 72.65 1 7 3337 
hight 73.04 1 7 3319 
hight 72.52 1 7 3102 
hight 73.20 1 7 3118 
hight 73.80 1 7 3099 
hight 74.48 1 7 3145 
hight 73.03 1 7 3684 
hight 72.55 1 7 3041 
hight 72.89 1 7 3176 
hight 70.84 1 7 3169 
hight 70.86 1 7 3127 
hight 71.51 1 7 3092 
hight 69.49 1 7 3318 
hight 67.84 1 7 3121 
hight 68.07 1 7 3149 
hight 69.63 1 7 3062 
hight 70.37 1 7 3147 
hight 70.68 1 7 3134 
hight 70.59 1 7 3481 
hight 71.32 1 7 3104 
hight 72.15 1 7 3251 
hight 72.62 1 7 3354 
hight 72.99 1 7 3416 
hight 72.84 1 7 3264 
hight 72.78 1 7 3160 
hight 72.71 1 7 3436 
hight 72.36 1 7 3413 
hight 72.85 1 7 3283 
hight 73.70 1 7 3219 
hight 74.35 1 7 3106 
hight 75.01 1 7 3238 
hight 75.38 1 7 3143 
hight 74.68 1 7 3099 
hight 74.46 1 7 3094 
hight 75.32 1 7 3155 
hight 75.27 1 7 3139 
hight 74.36 1 7 3256 
hight 74.54 1 7 3305 
hight 74.90 1 7 5141 
hight 75.30 1 7 5444 
hight 76.27 1 7 5071 
hight 78.64 1 7 5081 
hight 79.49 1 7 6129 
hight 79.22 1 7 8215 
hight 80.72 2 14 10575 
hight 80.57 1 7 5038 
hight 80.78 1 7 5294 
hight 80.87 1 7 5212 
hight 79.19 1 7 5223 
hight 79.87 1 7 5410 
hight 79.21 1 7 5259 
hight 79.42 2 14 10479 
hight 79.02 1 7 5076 
hight 78.06 1 7 4972 
hight 79.69 1 7 5044 
hight 80.14 1 7 5042 
hight 80.41 1 7 5145 
hight 80.21 1 7 5312 
hight 79.51 1 7 5564 
hight 79.27 1 7 5982 
hight 79.58 1 7 5620 
hight 80.55 1 7 5800 
hight 80.74 1 7 5619 
hight 80.32 1 7 5354 
hight 79.55 1 7 5579 
hight 79.77 1 7 5459 
hight 80.56 1 7 5397 
hight 81.24 1 7 5248 
hight 81.47 2 13 7838 
hight 80.76 1 7 5273 
hight 80.02 1 7 5237 
hight 80.81 1 7 5127 
hight 81.44 1 7 4676 
hight 81.25 1 7 4729 
hight 80.59 1 7 4942 
hight 79.71 1 7 4662 
hight 79.63 1 7 5323 
hight 80.60 1 7 5074 
hight 81.02 1 7 4974 
hight 83.25 1 7 4697 
hight 83.02 1 7 4915 
hight 83.64 1 7 5349 
hight 84.09 1 7 5473 
hight 83.60 1 7 5548 
hight 83.26 1 7 5365 
hight 83.54 1 7 5636 
hight 83.71 2 14 9897 
hight 83.94 1 7 5366 
hight 83.83 1 7 5378 
hight 84.48 2 12 8668 
hight 85.36 1 7 5041 
hight 85.07 1 7 4746 
hight 85.59 3 18 11244 
hight 86.24 1 7 7443 
hight 86.05 1 7 6088 
hight 86.41 2 14 7846 
hight 86.84 1 7 5180 
hight 87.78 3 18 11497 
hight 89.00 1 7 5041 
hight 89.02 1 7 5215 
hight 89.07 1 7 5215 
hight 87.73 2 13 8124 
hight 88.22 1 7 5594 
hight 88.44 1 7 5247 
hight 88.27 1 7 4696 
hight 87.29 1 7 4625 
hight 87.91 1 7 4825 
hight 87.26 2 12 7553 
hight 87.20 1 7 4839 
hight 87.53 1 7 5285 
hight 88.49 1 7 4727 
hight 88.89 1 7 4755 
hight 89.68 1 7 4579 
hight 90.58 2 13 7425 
hight 91.35 2 13 7884 
hight 92.15 1 7 4232 
hight 91.07 1 7 4438 
hight 90.79 2 13 7764 
hight 90.39 1 7 4366 
hight 89.15 1 7 4498 
hight 88.87 1 7 4712 
hight 86.93 2 13 7273 
hight 87.84 1 7 4002 
hight 89.03 2 12 7338 
hight 89.49 1 7 4223 
hight 89.33 2 12 7172 
hight 87.45 1 7 4290 
hight 85.44 2 14 7147 
hight 84.98 1 7 4036 
hight 85.41 2 14 8734 
hight 84.64 2 14 7873 
hight 84.62 2 14 7284 
hight 83.91 1 7 4297 
hight 83.01 1 7 4097 
hight 84.01 1 7 4247 
hight 82.46 1 7 4221 
hight 80.64 1 7 4275 
hight 83.59 2 14 7061 
hight 84.04 1 7 4260 
hight 85.15 1 7 4190 
hight 85.78 2 14 7184 
hight 86.15 2 14 7517 
hight 86.38 2 14 9631 
hight 87.00 1 7 5924 
hight 88.00 2 14 6091 
hight 87.09 1 7 3045 
hight 86.59 1 7 3044 
hight 85.56 1 7 3044 
hight 85.98 1 7 3036 
hight 86.29 1 7 3057 
hight 87.33 2 14 6058 
hight 87.37 1 7 3046 
hight 85.40 2 13 6063 
hight 85.19 1 7 2984 
hight 82.67 1 7 3029 
hight 83.29 1 7 3050 
hight 84.27 1 7 3032 
hight 84.45 1 7 3044 
hight 85.79 1 7 3040 
hight 87.72 1 7 3039 
hight 89.90 1 7 3038 
hight 88.91 1 7 3032 
hight 89.23 1 7 3023 
hight 89.76 1 7 3013 
hight 88.83 1 7 3015 
hight 87.80 1 7 3014 
hight 87.50 1 7 3013 
hight 88.79 2 14 6036 
hight 88.93 1 7 3017 
hight 89.11 1 7 3024 
hight 88.03 2 14 6036 
hight 87.93 3 21 9039 
hight 88.65 2 11 6018 
hight 89.44 2 11 6022 
hight 88.47 1 7 3018 
hight 86.73 1 7 3014 
hight 87.17 1 7 3015 
hight 87.57 1 7 3016 
hight 87.63 1 7 3011 
hight 88.66 2 13 6045 
hight 88.58 1 7 3025 
hight 88.18 1 7 3020 
hight 88.97 2 11 6019 
hight 89.42 2 13 6024 
hight 89.04 1 7 3078 
hight 89.75 2 14 6029 
hight 90.78 1 7 3020 
hight 89.81 1 7 3019 
hight 90.50 2 13 6029 
hight 90.66 2 12 6024 
hight 91.50 1 7 3012 
hight 91.54 1 7 3021 
hight 91.02 1 7 3023 
hight 91.76 1 6 4326 
hight 89.53 2 14 5978 
hight 88.05 1 6 3012 
hight 87.54 1 7 3013 
hight 87.62 1 7 3019 
hight 87.34 1 7 3018 
hight 88.08 1 7 3014 
hight 89.92 2 13 6037 
hight 90.53 1 7 3013 
hight 90.17 1 7 3022 
hight 90.81 2 12 6024 
hight 90.54 2 12 6026 
hight 90.59 2 13 6022 
hight 91.08 2 13 6027 
hight 89.46 1 7 3020 
hight 88.19 1 7 3014 
hight 88.16 1 7 3014 
hight 87.03 1 6 3007 
hight 86.34 3 18 9044 
hight 86.43 1 7 3011 
hight 86.56 1 7 3016 
hight 87.25 2 14 6028 
hight 87.88 2 11 6012 
hight 89.12 2 13 6018 
hight 87.44 1 7 3015 
hight 88.13 1 7 3010 
hight 89.38 1 6 3010 
hight 89.19 2 14 6024 
hight 87.96 1 7 3023 
hight 87.90 1 6 3008 
hight 88.04 1 7 3014 
hight 89.22 1 7 3017 
hight 90.28 1 6 3011 
hight 90.68 1 6 3072 
hight 91.46 1 7 3014 
hight 91.19 1 7 3021 
hight 92.73 2 13 6016 
hight 93.12 1 6 3005 
hight 92.94 2 14 6021 
hight 90.14 2 12 6024 
hight 90.30 2 11 6019 
hight 91.16 1 6 3010 
hight 91.79 1 7 3011 
hight 92.21 1 7 3014 
hight 91.53 2 12 6077 
hight 90.89 1 7 3013 
hight 90.88 1 7 3011 
hight 90.70 1 7 3010 
hight 90.20 1 7 2952 
hight 91.18 1 7 3015 
hight 91.73 1 7 3010 
hight 92.52 1 7 3013 
hight 92.03 1 7 3012 
hight 92.78 2 13 6028 
hight 91.94 1 6 3011 
hight 93.25 1 7 3015 
hight 93.33 1 7 3011 
hight 93.69 1 7 3008 
hight 93.60 1 7 3013 
hight 94.06 2 13 6020 
hight 94.33 1 7 3015 
hight 94.16 1 7 3018 
hight 93.81 1 7 3016 
hight 94.13 1 7 3016 
hight 94.22 1 6 3018 
hight 94.89 1 7 3018 
hight 95.05 1 7 3015 
hight 95.66 1 7 3016 
hight 94.74 1 7 3014 
hight 94.52 1 7 3015 
hight 94.57 1 7 3016 
hight 94.86 1 7 3020 
hight 94.81 1 7 3020 
hight 94.21 1 7 3015 
hight 94.39 1 7 3028 
hight 94.64 1 7 3075 
hight 94.34 1 7 3016 
hight 95.02 1 6 3009 
hight 95.19 1 7 3018 
hight 96.61 2 12 6022 
hight 96.99 1 7 3013 
hight 97.44 2 14 5965 
hight 97.58 1 7 3017 
hight 97.66 1 7 4396 
hight 98.05 1 7 4390 
hight 97.97 1 7 3016 
hight 96.86 1 7 3011 
hight 98.00 1 7 3018 
hight 97.96 1 7 3014 
hight 97.50 1 6 3011 
hight 97.86 1 7 3014 
hight 97.67 1 7 3014 
hight 98.35 1 6 3009 
hight 97.51 1 6 3007 
hight 96.24 2 14 6022 
hight 97.24 1 7 3014 
hight 97.52 1 7 3009 
hight 97.99 1 7 3012 
hight 98.81 1 7 3014 
hight 98.71 1 6 3008 
hight 99.25 1 7 3018 
hight 99.32 2 12 6025 
hight 99.11 1 7 3016 
hight 99.16 2 13 6018 
hight 99.61 1 7 3018 
hight 99.79 1 7 3014 
hight 99.77 1 6 3010 
hight 99.71 1 6 3010 
hight 100.84 1 7 3010 
hight 101.27 1 7 3013 
hight 101.63 1 7 3025 
hight 101.83 1 6 3015 
hight 101.79 1 7 3014 
hight 99.98 1 6 3011 
hight 99.96 1 6 3008 
hight 100.25 1 5 3004 
hight 97.13 1 6 3020 
hight 97.21 1 7 3008 
hight 97.02 1 6 3008 
hight 98.38 2 12 6016 
hight 98.55 1 7 3006 
hight 99.27 1 7 3010 
hight 99.58 1 6 3018 
hight 99.94 1 7 3014 
hight 99.22 1 6 3008 
hight 99.01 1 7 3065 
hight 100.28 2 12 6007 
hight 100.69 1 6 3005 
hight 99.75 1 5 3002 
hight 99.39 1 6 3004 
hight 99.38 1 6 3007 
hight 99.03 1 6 3009 
hight 98.93 1 7 4391 
hight 100.30 1 7 5830 
hight 99.28 1 6 3009 
hight 98.15 1 6 3003 
hight 98.73 1 6 3004 
hight 98.89 1 6 3003 
hight 97.65 2 13 6279 
hight 98.78 1 6 3008 
hight 100.10 1 7 3012 
hight 100.50 1 7 3006 
hight 100.71 1 7 3009 
hight 100.36 1 3 3001 
hight 100.04 1 4 3002 
hight 100.81 2 12 5951 
hight 101.67 1 5 3001 
hight 101.80 1 6 3005 
hight 102.73 2 11 6010 
hight 99.89 1 6 3006 
hight 100.07 1 6 3003 
hight 101.28 2 13 6016 
hight 103.81 1 6 3005 
hight 104.00 1 6 3007 
hight 104.27 1 5 3005 
hight 104.67 1 7 3007 
hight 105.06 1 7 3007 
hight 104.76 2 14 6011 
hight 104.37 1 5 3002 
hight 103.41 1 5 3004 
hight 103.76 1 4 3002 
hight 101.00 1 5 3002 
hight 100.60 1 5 3003 
hight 95.45 1 4 3001 
hight 98.60 1 4 3000 
hight 98.10 1 3 2999 
hight 95.23 1 3 3000 
hight 91.22 1 4 3000 
hight 90.33 1 5 3001 
hight 87.24 2 12 6098 
hight 88.02 1 4 3003 
hight 86.12 1 5 3001 
hight 82.91 1 5 3001 
hight 81.58 1 4 3000 
hight 80.52 1 6 3003 
hight 77.65 1 5 3001 
hight 79.60 1 6 3005 
hight 85.37 1 6 3007 
hight 87.01 1 5 4611 
hight 85.96 1 6 4679 
hight 85.24 1 6 3002 
hight 82.01 1 4 3000 
hight 79.40 1 4 3000 
hight 78.72 1 5 3003 
hight 79.72 1 4 3002 
hight 79.47 1 6 3005 
hight 83.65 1 4 3002 
hight 84.74 2 11 6007 
hight 85.86 1 5 3003 
hight 85.22 1 5 3002 
hight 87.69 1 5 3002 
hight 87.71 1 6 2943 
hight 89.97 3 19 9014 
hight 88.63 1 5 3006 
hight 88.06 1 5 3005 
hight 90.51 1 3 2999 
hight 91.36 1 3 3000 
hight 91.49 1 6 3003 
hight 89.79 1 6 3005 
hight 86.97 1 5 3002 
hight 88.67 1 6 3005 
hight 89.30 1 4 3002 
hight 90.15 1 6 3005 
hight 89.93 1 6 3003 
hight 89.61 1 6 3003 
hight 88.31 1 6 3005 
hight 89.34 1 6 3003 
hight 87.28 1 6 3003 
hight 87.92 2 14 6531 
hight 89.72 1 6 3003 
hight 89.98 1 6 3002 
hight 89.87 1 4 3001 
hight 89.59 1 5 3005 
hight 86.99 1 6 3004 
hight 87.59 1 5 3004 
hight 89.18 1 6 4621 
hight 90.06 1 7 4628 
hight 91.01 1 7 3003 
hight 88.30 1 6 3007 
hight 86.18 1 6 3005 
hight 84.75 1 7 3006 
hight 83.73 1 6 3004 
hight 84.67 1 5 3006 
hight 85.83 1 7 3007 
hight 86.11 1 6 3004 
hight 87.51 1 5 2943 
hight 88.45 1 5 3005 
hight 88.92 1 7 3010 
hight 87.98 1 6 3007 
hight 87.83 1 5 3006 
hight 86.10 1 3 2999 
hight 84.36 1 5 3003 
hight 80.37 1 6 3002 
hight 79.61 1 6 3002 
hight 80.96 1 6 3002 
hight 80.98 1 6 3005 
hight 82.50 1 6 3006 
hight 82.52 1 6 3008 
hight 83.13 1 7 3007 
hight 84.39 2 12 6013 
hight 83.76 1 7 3011 
hight 83.92 1 7 3008 
hight 82.57 1 7 3021 
hight 82.63 1 7 3011 
hight 82.97 1 7 3030 
hight 83.39 1 7 3011 
hight 83.78 1 6 3010 
hight 86.50 2 13 6040 
hight 86.35 1 7 3168 
hight 83.03 2 12 6101 
hight 84.92 1 7 3010 
hight 85.01 1 6 3003 
hight 84.52 1 6 3159 
hight 85.13 1 7 3012 
hight 87.75 1 6 3013 
hight 87.76 2 12 6532 
hight 86.83 1 7 3010 
hight 86.31 1 6 3013 
hight 87.47 1 7 3049 
hight 88.10 1 7 3009 
hight 86.76 1 5 3006 
hight 88.59 1 7 3020 
hight 88.69 1 6 3006 
hight 89.28 1 7 3005 
hight 89.29 1 7 3009 
hight 89.99 1 6 2948 
hight 92.06 1 5 3003 
hight 93.95 1 7 3007 
hight 94.01 1 7 3058 
hight 93.86 1 7 3067 
hight 94.17 1 6 3012 
hight 94.28 1 6 3084 
hight 92.65 1 5 3004 
hight 93.52 1 5 3003 
hight 96.08 1 7 3006 
hight 96.43 1 6 3003 
hight 96.19 1 5 3003 
hight 95.50 1 7 3006 
hight 97.62 1 6 3004 
hight 97.70 1 4 3004 
hight 97.75 1 5 3006 
hight 101.60 1 5 3001 
hight 108.67 1 3 3000 
hight 106.80 1 5 3003 
hight 98.03 1 5 3002 
hight 97.81 1 7 3008 
hight 99.33 1 5 3042 
hight 90.37 1 7 3084 
hight 88.76 1 7 3048 
hight 86.03 1 6 3047 
hight 85.11 1 6 3028 
hight 87.15 1 7 3070 
hight 86.78 1 6 3004 
hight 86.95 1 6 3024 
hight 84.38 1 7 3007 
hight 84.94 1 6 3006 
hight 85.61 1 7 3068 
hight 84.61 1 7 3010 
hight 83.95 1 6 3004 
hight 84.02 1 7 3694 
hight 83.35 1 6 3431 
hight 82.34 1 7 3014 
hight 81.50 1 7 3008 
hight 83.80 1 6 3009 
hight 84.65 1 7 3009 
hight 84.30 1 7 3007 
hight 91.21 1 7 3007 
hight 90.18 1 7 3008 
hight 91.86 1 7 3016 
hight 92.39 1 7 2951 
hight 92.27 1 7 3019 
hight 91.06 1 6 3024 
hight 89.09 2 11 6017 
hight 89.86 1 6 3007 
hight 89.56 1 6 3009 
hight 88.64 1 7 3014 
hight 85.49 2 13 6032 
hight 84.42 1 7 3007 
hight 82.65 1 7 3005 
hight 83.99 1 6 3006 
hight 83.93 1 7 3012 
hight 84.59 1 5 3006 
hight 83.79 1 7 3018 
hight 80.99 1 6 3011 
hight 81.00 1 7 3012 
hight 81.39 1 7 3011 
hight 81.12 1 7 3013 
hight 82.54 1 7 3016 
hight 82.41 1 5 3007 
hight 82.44 1 7 3023 
hight 85.25 1 7 3014 
hight 85.52 1 7 3009 
hight 83.58 1 7 3010 
hight 84.80 1 7 3022 
hight 86.36 1 7 3031 
hight 86.28 1 7 3077 
hight 85.58 1 7 3011 
hight 88.96 1 7 3025 
hight 89.36 1 7 3011 
hight 92.26 1 6 3007 
hight 93.03 1 7 4780 
hight 94.96 1 7 3083 
hight 96.01 1 6 3007 
hight 98.20 1 4 3001 
hight 96.64 1 6 3005 
hight 98.62 1 7 3007 
hight 103.26 1 5 3004 
hight 103.63 1 6 3003 
hight 102.24 1 7 3007 
hight 101.86 1 7 3008 
hight 99.74 1 4 3003 
hight 101.98 1 7 3013 
hight 102.27 1 5 3004 
hight 101.89 1 6 3005 
hight 99.93 1 6 2949 
hight 106.67 1 6 3003 
hight 107.41 1 4 3001 
hight 107.17 1 5 3002 
hight 105.50 1 6 3002 
hight 106.36 2 11 6008 
hight 106.62 1 6 3004 
hight 106.22 1 6 3004 
hight 106.09 1 5 3001 
hight 106.03 1 3 2999 
hight 104.89 1 4 3001 
hight 105.70 1 3 2999 
hight 106.07 1 7 3124 
hight 106.04 1 7 3005 
hight 105.67 1 6 3729 
hight 106.90 1 6 3010 
hight 107.16 1 4 3004 
hight 106.66 1 6 3004 
hight 105.65 1 6 3005 
hight 106.19 1 7 3010 
hight 107.27 1 7 3009 
hight 106.61 1 6 3006 
hight 107.50 1 7 3044 
hight 107.55 1 7 3009 
hight 109.38 1 7 3010 
hight 109.01 1 6 3010 
hight 108.55 1 7 3009 
hight 108.41 1 7 3009 
hight 109.72 1 6 3019 
hight 109.67 1 6 3069 
hight 109.68 1 7 3016 
hight 108.77 1 6 3016 
hight 110.00 1 6 3020 
hight 112.11 1 7 3030 
hight 113.78 1 7 3024 
hight 116.17 1 5 3009 
hight 116.69 1 7 3010 
hight 116.78 1 7 4450 
hight 119.14 1 7 4746 
hight 118.19 1 7 4446 
hight 115.85 1 5 3006 
hight 115.56 1 7 3011 
hight 115.62 1 6 3010 
hight 114.90 1 5 3005 
hight 114.58 1 6 3009 
hight 115.43 1 7 3014 
hight 115.75 1 7 3009 
hight 116.01 1 5 3009 
hight 117.84 2 13 6029 
hight 116.44 2 14 6019 
hight 117.41 1 5 2945 
hight 117.69 1 6 3010 
hight 116.23 1 6 3013 
hight 116.51 1 7 3022 
hight 116.79 1 7 3016 
hight 116.73 1 7 3015 
hight 116.85 1 7 3014 
hight 114.98 1 7 3011 
hight 114.06 1 7 3020 
hight 114.39 2 14 6038 
hight 114.92 1 7 3009 
hight 113.77 1 7 3017 
hight 114.22 2 13 6027 
hight 114.56 1 7 3020 
hight 114.66 3 19 9071 
hight 114.14 1 7 3020 
hight 113.57 1 7 3022 
hight 112.91 1 7 3016 
hight 113.44 2 14 6031 
hight 112.82 1 7 3018 
hight 113.60 1 7 3033 
hight 113.97 1 7 3026 
hight 114.37 1 7 3135 
hight 114.50 2 14 6095 
hight 114.99 1 7 3020 
hight 116.98 1 6 5952 
hight 114.80 1 7 10080 
hight 115.04 2 12 6082 
hight 113.74 1 7 3411 
hight 113.48 1 6 3017 
hight 114.20 1 7 3097 
hight 118.36 1 6 3027 
hight 120.22 1 6 3010 
hight 122.11 1 5 3012 
hight 124.14 1 7 3033 
hight 123.16 1 7 3042 
hight 124.49 1 7 3045 
hight 123.38 1 7 3040 
hight 122.31 1 7 3043 
hight 122.34 1 7 4774 
hight 120.84 1 7 5842 
hight 117.95 1 6 3034 
hight 139.03 1 7 3037 
hight 138.23 1 7 3039 
hight 131.10 1 7 4414 
hight 129.24 1 6 3032 
hight 130.03 1 7 3036 
hight 127.87 1 7 3037 
hight 126.25 1 7 3043 
hight 124.75 1 7 3049 
hight 121.65 1 6 3036 
hight 125.33 1 6 3012 
hight 125.06 1 6 2949 
hight 125.30 1 7 3008 
hight 124.73 1 5 3004 
hight 125.62 1 6 3009 
hight 125.67 1 5 3005 
hight 129.69 1 5 3004 
hight 131.39 1 5 3004 
hight 131.27 1 6 3008 
hight 130.05 1 6 3009 
hight 133.18 1 5 3007 
hight 134.59 1 7 3203 
hight 133.80 1 6 3007 
hight 134.48 1 7 3008 
hight 133.36 1 5 3002 
hight 131.37 1 5 3003 
hight 131.32 1 5 3003 
hight 130.73 1 7 3010 
hight 129.85 1 6 3006 
hight 129.39 1 6 3005 
hight 127.66 1 7 3016 
hight 127.90 1 6 3010 
hight 128.91 1 6 3006 
hight 126.96 1 3 3000 
hight 125.25 1 6 3005 
hight 124.65 1 5 3003 
hight 125.23 1 5 3002 
hight 123.95 1 4 3002 
hight 124.38 1 7 3013 
hight 125.38 1 6 3008 
hight 125.91 1 7 3009 
hight 125.77 1 7 3069 
hight 122.68 1 6 3007 
hight 123.36 1 7 3011 
hight 122.72 1 7 3012 
hight 121.71 1 5 3006 
hight 120.54 1 7 3010 
hight 123.99 2 7 6009 
hight 123.88 1 6 3011 
hight 122.62 1 7 4512 
hight 122.23 1 5 4569 
hight 118.88 1 5 3004 
hight 117.76 2 13 6018 
hight 117.32 1 3 3002 
hight 119.25 1 7 3006 
hight 118.57 2 12 6020 
hight 118.41 1 4 3002 
hight 115.58 1 6 3009 
hight 114.42 3 17 9025 
hight 114.86 1 3 3001 
hight 115.94 1 6 3005 
hight 115.70 3 20 9044 
hight 116.74 1 5 2947 
hight 117.39 1 4 3001 
hight 115.55 1 4 3002 
hight 113.96 2 11 6025 
hight 114.54 1 6 3008 
hight 114.97 1 4 3000 
hight 112.27 1 6 3010 
hight 112.74 1 5 3008 
hight 111.90 2 13 6032 
hight 112.31 1 7 3023 
hight 111.76 1 7 3028 
hight 111.62 1 5 3008 
hight 110.32 1 4 3000 
hight 111.44 2 11 6009 
hight 105.91 1 6 3005 
hight 106.50 1 5 3002 
hight 108.45 1 5 3002 
hight 108.88 1 7 3246 
hight 107.66 2 11 6019 
hight 104.92 1 6 3007 
hight 104.84 1 7 3010 
hight 105.11 1 7 3009 
hight 104.88 1 7 3007 
hight 106.29 1 7 3009 
hight 105.69 1 7 3010 
hight 105.78 1 6 3005 
hight 104.72 1 6 3006 
hight 105.25 1 5 3003 
hight 106.43 1 6 3009 
hight 105.64 1 7 3017 
hight 105.28 1 5 3008 
hight 106.86 1 7 3073 
hight 109.11 1 4 3013 
hight 110.07 1 3 3009 
hight 111.87 1 7 3016 
hight 113.76 2 12 6030 
hight 114.17 1 5 3014 
hight 115.32 1 5 3014 
hight 114.87 2 12 6801 
hight 115.19 2 14 6517 
hight 115.38 1 4 3011 
hight 114.29 1 4 3010 
hight 114.51 1 3 3009 
hight 115.34 1 5 3014 
hight 113.61 1 5 3012 
hight 112.64 1 7 3018 
hight 113.30 1 6 3014 
hight 114.27 1 5 3014 
hight 113.91 1 7 3018 
hight 112.44 1 6 2954 
hight 112.19 1 5 3004 
hight 110.89 1 6 3004 
hight 109.03 1 5 3003 
hight 113.04 2 14 6022 
hight 114.94 1 6 3009 
hight 115.14 1 7 3013 
hight 115.01 1 7 3017 
hight 114.12 1 7 3007 
hight 114.64 1 7 3013 
hight 117.03 1 7 3009 
hight 118.15 1 7 3126 
hight 117.83 1 6 3008 
hight 117.58 1 7 3013 
hight 114.77 1 7 3016 
hight 114.26 1 7 3008 
hight 114.23 1 7 3009 
hight 115.28 1 7 3009 
hight 114.79 1 6 3011 
hight 116.06 1 6 3002 
hight 116.40 1 7 3009 
hight 115.96 1 7 3014 
hight 115.63 1 7 3013 
hight 115.10 1 6 3072 
hight 114.68 1 7 3026 
hight 113.95 1 7 3693 
hight 115.13 1 7 3048 
hight 114.65 1 6 3026 
hight 114.71 1 7 3024 
hight 115.16 1 7 4523 
hight 115.81 1 7 4944 
hight 116.12 1 7 3025 
hight 115.98 1 7 3025 
hight 116.95 1 5 3032 
hight 118.53 1 7 3189 
hight 117.20 1 7 3042 
hight 115.41 1 6 3011 
hight 115.08 1 4 3004 
hight 113.22 1 7 3015 
hight 111.95 2 14 5968 
hight 111.75 2 13 6024 
hight 112.26 1 6 3011 
hight 112.09 1 6 3003 
hight 111.53 1 7 3013 
hight 111.36 1 7 4268 
hight 110.45 1 7 3087 
hight 110.40 1 7 3010 
hight 111.89 2 13 6025 
hight 111.69 1 7 3084 
hight 111.64 1 7 3011 
hight 112.18 1 7 3011 
hight 112.17 1 7 3006 
hight 111.96 1 6 3008 
hight 112.15 1 7 3022 
hight 113.23 1 7 3025 
hight 112.99 1 7 3023 
hight 113.15 1 7 3029 
hight 113.07 1 7 3025 
hight 112.05 1 7 3033 
hight 112.12 1 7 3035 
hight 113.94 1 7 3027 
hight 115.27 1 7 3024 
hight 115.06 1 7 3019 
hight 116.86 1 7 3028 
hight 118.02 1 7 3033 
hight 117.17 1 7 3024 
hight 114.18 1 7 3017 
hight 113.19 1 7 3079 
hight 113.20 1 6 3022 
hight 113.72 1 7 3022 
hight 113.45 1 7 3028 
hight 114.61 1 7 3020 
hight 113.40 1 7 3198 
hight 112.66 1 6 3196 
hight 111.26 2 14 6040 
hight 110.34 1 7 3022 
hight 110.58 1 7 3027 
hight 110.31 1 7 3028 
hight 110.15 1 7 3032 
hight 110.57 1 7 3032 
hight 111.12 1 7 3026 
hight 112.14 1 7 3019 
hight 111.38 1 7 3017 
hight 111.51 1 6 3015 
hight 111.71 1 7 2962 
hight 111.93 1 7 3025 
hight 109.98 1 7 3023 
hight 109.70 1 7 3027 
hight 108.98 1 7 3013 
hight 109.59 1 7 3021 
hight 109.61 2 14 6041 
hight 109.07 1 6 3008 
hight 109.73 1 7 3015 
hight 109.39 1 7 3018 
hight 110.48 1 6 3006 
hight 110.75 1 7 3017 
hight 109.91 1 7 3018 
hight 110.03 1 7 3021 
hight 109.86 1 7 3015 
low 69.54 1 7 3219 
low 71.38 1 6 3238 
low 70.45 1 5 3056 
low 70.00 1 7 3253 
low 69.20 1 7 3143 
low 69.21 1 7 3187 
low 67.84 1 7 3397 
low 68.25 1 7 3155 
low 69.18 1 7 3337 
low 71.06 1 7 3319 
low 70.42 1 7 3102 
low 70.83 1 7 3118 
low 70.21 1 7 3099 
low 72.25 1 7 3145 
low 70.99 1 7 3684 
low 69.73 1 7 3041 
low 70.51 1 7 3176 
low 69.49 1 7 3169 
low 69.56 1 7 3127 
low 69.31 1 7 3092 
low 66.43 1 7 3318 
low 65.77 1 7 3121 
low 66.53 1 7 3149 
low 67.75 1 7 3062 
low 68.47 1 7 3147 
low 68.80 1 7 3134 
low 68.90 1 7 3481 
low 69.59 1 7 3104 
low 71.02 1 7 3251 
low 71.42 1 7 3354 
low 71.82 1 7 3416 
low 71.46 1 7 3264 
low 71.47 1 7 3160 
low 71.60 2 14 6655 
low 69.67 1 7 3413 
low 69.94 1 7 3283 
low 72.58 1 7 3106 
low 73.26 1 7 3238 
low 73.84 1 7 3143 
low 73.54 1 7 3099 
low 73.48 1 7 3094 
low 73.78 1 7 3155 
low 73.55 1 7 3139 
low 72.69 1 7 3256 
low 72.65 1 7 3305 
low 74.00 1 7 5141 
low 74.45 1 7 5444 
low 74.57 1 7 5071 
low 75.99 1 7 5081 
low 76.51 1 7 6129 
low 77.58 1 7 8215 
low 79.11 1 7 5080 
low 78.35 2 13 8049 
low 78.61 1 7 5294 
low 77.70 1 7 5212 
low 77.48 1 7 5223 
low 78.33 1 7 5410 
low 77.41 1 7 5259 
low 78.41 1 7 5228 
low 77.18 1 7 5076 
low 75.73 1 7 4972 
low 76.76 1 7 5044 
low 78.97 3 20 13847 
low 78.58 1 7 5145 
low 78.31 2 14 10666 
low 78.15 1 7 5564 
low 78.37 1 7 5982 
low 78.45 1 7 5620 
low 79.56 1 7 5619 
low 78.21 1 7 5579 
low 78.64 1 7 5459 
low 79.08 1 7 5397 
low 79.25 1 7 5495 
low 79.89 1 7 5248 
low 79.96 1 7 4832 
low 79.36 2 12 8274 
low 78.46 1 7 5237 
low 79.65 1 7 5127 
low 79.62 1 7 4676 
low 79.94 1 7 4729 
low 79.32 1 7 4942 
low 78.07 1 7 4662 
low 78.50 1 7 5251 
low 78.73 1 7 5323 
low 79.55 1 7 5074 
low 79.84 1 7 4974 
low 80.44 1 7 4697 
low 81.13 1 7 4915 
low 82.23 1 7 5349 
low 82.56 2 13 8483 
low 82.44 1 7 5548 
low 82.20 2 12 8371 
low 82.28 3 21 16279 
low 81.75 2 14 9475 
low 81.51 2 13 8672 
low 83.81 1 7 5041 
low 83.15 1 7 4746 
low 84.24 1 7 5192 
low 84.94 1 7 7443 
low 85.30 2 14 9106 
low 85.13 1 7 4821 
low 84.80 1 7 5180 
low 86.32 2 14 8474 
low 86.89 2 14 8064 
low 87.96 1 7 5215 
low 86.24 1 7 5215 
low 85.95 1 7 5121 
low 86.18 1 7 5594 
low 87.02 2 11 8251 
low 85.40 1 7 4696 
low 85.63 1 7 4625 
low 86.56 2 11 7825 
low 85.67 2 13 7649 
low 86.02 1 7 4839 
low 86.35 1 7 5285 
low 87.25 2 14 7741 
low 87.28 2 14 7769 
low 87.52 1 7 4579 
low 87.61 1 7 4414 
low 90.04 1 7 4783 
low 90.48 1 7 4232 
low 89.08 1 7 4438 
low 89.23 1 7 4758 
low 88.43 1 7 4366 
low 88.14 1 7 4498 
low 85.68 1 7 4712 
low 84.29 1 7 4262 
low 84.85 1 7 4002 
low 87.18 2 14 7355 
low 87.33 1 7 4223 
low 86.57 2 14 7208 
low 84.99 1 7 4290 
low 82.14 1 7 4137 
low 81.80 1 7 4620 
low 81.61 1 7 4036 
low 83.32 3 21 10406 
low 82.07 1 7 3947 
low 82.06 1 7 3926 
low 82.85 1 7 4226 
low 81.74 2 13 7301 
low 81.22 2 14 7254 
low 80.40 1 7 4221 
low 78.92 1 7 4275 
low 79.75 1 7 4044 
low 82.74 1 7 4260 
low 82.87 1 7 4342 
low 83.64 2 14 7247 
low 84.43 1 7 4165 
low 85.06 1 7 4503 
low 85.33 1 7 6480 
low 85.89 1 7 5924 
low 85.01 2 14 6085 
low 83.91 1 7 3045 
low 84.19 1 7 3044 
low 83.39 2 13 5987 
low 84.06 1 7 3036 
low 84.90 2 14 6096 
low 85.82 1 7 3041 
low 84.76 1 7 3046 
low 84.23 1 7 3041 
low 81.77 1 7 2984 
low 80.26 1 7 3029 
low 81.44 1 7 3050 
low 81.98 1 7 3032 
low 82.42 1 7 3044 
low 83.69 1 7 3040 
low 87.41 1 7 3032 
low 86.98 1 7 3023 
low 87.81 2 14 6025 
low 87.01 1 7 3015 
low 86.48 1 7 3014 
low 85.42 1 7 3013 
low 85.55 1 7 3021 
low 87.71 1 7 3017 
low 87.12 1 7 3024 
low 86.64 1 7 3023 
low 86.41 2 13 6022 
low 87.65 2 14 6029 
low 85.83 1 7 3018 
low 85.25 1 7 3014 
low 86.00 1 7 3015 
low 85.69 1 7 3016 
low 86.03 1 7 3011 
low 87.30 2 14 6027 
low 87.40 1 7 3025 
low 86.93 1 7 3018 
low 88.09 1 7 3018 
low 87.77 3 19 9111 
low 89.15 2 10 6020 
low 88.44 1 7 3019 
low 89.20 1 7 3021 
low 89.33 2 13 6031 
low 89.94 1 7 3012 
low 89.91 1 7 3021 
low 90.09 1 7 3023 
low 89.11 1 6 4326 
low 86.13 1 6 3012 
low 86.16 1 7 3013 
low 86.59 1 7 3019 
low 85.53 2 11 6019 
low 86.29 1 7 3014 
low 87.80 2 13 6029 
low 89.42 1 7 3013 
low 89.00 1 7 3022 
low 89.27 1 6 3014 
low 88.58 1 5 3008 
low 88.28 2 13 5912 
low 89.14 1 7 3021 
low 89.56 1 7 3018 
low 88.85 1 7 3018 
low 88.72 1 7 3015 
low 87.46 2 14 6029 
low 86.82 1 7 3013 
low 87.05 2 13 6019 
low 86.53 1 7 3012 
low 85.39 3 17 9014 
low 85.23 1 7 3025 
low 84.78 1 7 3011 
low 85.50 1 7 3016 
low 85.54 1 7 3007 
low 86.23 1 7 3021 
low 85.57 1 6 3007 
low 86.30 1 7 3014 
low 87.20 1 7 3014 
low 86.66 1 7 3015 
low 85.97 1 7 3015 
low 86.46 1 7 3010 
low 87.60 1 6 3010 
low 86.67 1 6 3008 
low 87.11 1 7 3014 
low 87.55 1 7 3017 
low 88.30 1 7 3011 
low 88.67 1 6 3011 
low 89.98 1 6 3072 
low 89.30 1 7 3014 
low 89.18 2 13 6020 
low 89.53 1 6 3010 
low 90.02 1 7 3021 
low 90.72 1 7 3008 
low 91.76 2 13 6012 
low 88.32 1 7 3017 
low 89.07 1 7 3018 
low 89.22 1 6 3012 
low 88.54 1 7 3011 
low 90.96 1 7 3011 
low 90.63 1 7 3014 
low 89.44 1 6 3012 
low 89.55 1 7 3013 
low 87.69 1 7 3011 
low 88.08 1 6 3011 
low 89.37 1 7 3010 
low 89.52 1 6 3006 
low 88.87 1 7 2952 
low 89.79 1 7 3015 
low 90.51 1 7 3010 
low 90.79 1 7 3013 
low 89.97 1 6 3008 
low 89.87 1 7 3012 
low 90.49 1 7 3018 
low 90.47 1 6 3011 
low 90.36 1 6 3010 
low 91.54 1 7 3009 
low 92.06 1 7 3015 
low 92.28 1 7 3011 
low 92.44 1 7 3008 
low 92.61 1 7 3013 
low 92.80 1 6 3010 
low 92.48 1 7 3010 
low 93.07 1 7 3015 
low 93.40 1 7 3018 
low 92.64 1 7 3016 
low 92.87 2 14 6022 
low 93.22 1 6 3018 
low 93.64 1 7 3018 
low 93.92 2 13 6022 
low 93.68 1 7 3016 
low 93.25 1 7 3014 
low 93.14 2 14 6031 
low 93.84 2 14 6095 
low 93.67 1 7 3020 
low 93.31 1 7 3015 
low 93.39 1 7 3028 
low 93.61 1 7 3016 
low 94.08 1 6 3009 
low 94.36 1 7 3018 
low 94.72 1 7 3017 
low 95.90 3 21 9038 
low 96.22 1 7 3017 
low 96.96 1 7 4396 
low 96.62 1 7 4390 
low 95.58 1 7 3016 
low 95.80 1 7 3011 
low 96.31 1 7 3018 
low 96.33 2 14 6028 
low 96.14 1 6 3011 
low 96.78 1 7 3014 
low 96.68 1 6 3009 
low 94.28 1 6 3007 
low 94.93 1 7 3013 
low 95.10 2 13 6017 
low 96.56 1 7 2952 
low 95.86 1 7 3009 
low 97.06 2 13 6020 
low 97.47 1 7 3014 
low 97.70 1 6 3008 
low 98.33 1 7 3018 
low 98.19 1 7 3019 
low 98.05 2 14 6026 
low 98.34 1 7 3013 
low 98.40 1 7 3018 
low 99.00 1 7 3014 
low 97.87 1 6 3010 
low 97.71 1 6 3010 
low 99.31 1 7 3010 
low 99.44 1 7 3013 
low 100.55 1 7 3025 
low 100.68 1 6 3015 
low 99.73 1 7 3014 
low 97.55 1 6 3011 
low 97.94 2 12 5957 
low 96.91 1 5 3004 
low 92.15 1 6 3020 
low 94.55 1 7 3008 
low 94.67 1 6 3008 
low 94.91 1 7 3009 
low 97.50 1 7 3006 
low 98.36 1 6 3018 
low 98.38 2 14 8844 
low 96.44 1 6 3008 
low 96.94 1 7 3065 
low 98.67 1 7 3006 
low 96.77 1 6 3005 
low 97.83 2 11 6011 
low 97.64 1 6 3004 
low 97.45 1 6 3005 
low 97.67 1 6 3007 
low 97.48 1 7 4391 
low 97.32 1 6 3009 
low 97.56 1 5 3006 
low 96.37 1 6 3004 
low 96.84 1 6 3003 
low 96.32 1 6 3006 
low 97.93 1 7 3012 
low 98.75 1 7 3006 
low 99.39 1 7 3009 
low 98.03 1 3 3001 
low 97.36 1 4 3002 
low 99.01 1 6 2944 
low 100.39 1 5 3001 
low 100.33 1 6 3005 
low 100.80 1 6 3006 
low 99.91 1 5 3004 
low 99.05 1 6 3007 
low 98.27 1 6 3006 
low 98.83 1 6 3003 
low 99.47 1 7 3007 
low 100.19 1 6 3009 
low 100.47 1 6 3005 
low 102.69 1 6 3007 
low 102.86 2 11 6011 
low 103.39 1 7 3007 
low 103.78 1 7 3007 
low 103.55 2 14 6012 
low 102.91 1 7 3004 
low 103.13 1 5 3002 
low 102.22 1 5 3004 
low 100.45 1 4 3002 
low 99.71 1 5 3002 
low 99.02 1 5 3003 
low 97.57 1 5 3001 
low 94.56 1 5 3004 
low 92.95 1 4 3001 
low 93.12 1 4 3000 
low 94.30 1 3 2999 
low 87.37 1 3 3000 
low 86.50 1 5 3001 
low 78.82 1 5 3072 
low 82.95 1 4 3003 
low 82.01 2 10 6005 
low 76.24 1 4 3000 
low 76.72 1 6 3003 
low 75.05 1 5 3001 
low 74.89 1 6 3005 
low 78.80 1 6 3007 
low 83.04 2 10 7614 
low 83.38 1 6 4679 
low 79.33 1 6 3002 
low 77.99 1 4 3000 
low 75.42 1 4 3000 
low 76.16 1 5 3003 
low 76.54 1 4 3002 
low 77.05 1 6 3005 
low 78.67 1 4 3002 
low 82.38 1 5 3001 
low 81.33 1 5 3002 
low 83.24 1 5 3002 
low 85.77 2 11 6007 
low 86.39 2 12 6031 
low 83.47 1 5 3005 
low 82.67 1 5 3002 
low 84.33 2 11 6009 
low 86.11 1 6 3006 
low 84.05 1 6 3003 
low 87.09 2 7 6001 
low 88.11 1 6 3003 
low 87.34 1 4 3001 
low 86.83 1 6 3005 
low 86.75 1 7 3005 
low 83.94 1 5 3002 
low 88.40 1 6 3004 
low 87.19 1 6 3003 
low 87.16 1 6 3003 
low 86.95 1 4 3001 
low 86.87 1 4 3001 
low 87.17 1 6 3003 
low 85.91 1 5 3002 
low 85.56 1 7 3007 
low 87.13 1 6 3003 
low 89.41 1 6 3065 
low 87.10 1 6 3002 
low 87.64 1 4 3001 
low 87.59 1 5 3005 
low 87.08 1 6 3031 
low 84.25 1 5 3005 
low 85.84 1 6 3004 
low 85.24 1 6 3004 
low 87.31 1 6 4621 
low 88.41 1 7 4628 
low 88.42 1 7 3003 
low 87.79 1 4 3008 
low 85.28 1 6 3007 
low 84.75 1 6 3006 
low 82.31 1 6 3005 
low 82.82 1 7 3006 
low 83.00 1 7 3010 
low 81.76 1 6 3004 
low 82.21 1 5 3006 
low 85.11 1 5 2943 
low 86.97 1 7 3007 
low 86.15 1 5 3005 
low 85.90 1 7 3010 
low 85.37 1 6 3007 
low 85.46 1 5 3006 
low 79.00 1 3 2999 
low 79.85 1 5 3003 
low 76.39 1 6 3002 
low 77.33 1 6 3002 
low 77.97 1 6 3002 
low 80.49 1 6 3006 
low 80.75 2 12 6017 
low 81.86 2 12 6011 
low 82.22 1 7 3011 
low 82.41 2 13 6036 
low 81.00 1 7 3021 
low 80.18 1 7 3011 
low 80.31 1 7 3030 
low 81.53 1 7 3011 
low 81.83 1 7 3017 
low 83.25 1 6 3050 
low 85.00 1 7 3033 
low 84.84 1 7 3151 
low 84.26 1 7 3168 
low 83.78 1 7 3019 
low 82.36 2 14 6065 
low 80.94 2 12 6087 
low 82.11 1 7 3010 
low 83.54 1 6 3003 
low 83.09 1 6 3006 
low 83.12 1 6 3159 
low 83.10 1 7 3012 
low 84.46 1 7 3026 
low 86.42 1 6 3013 
low 85.87 1 7 3524 
low 86.08 1 6 3525 
low 85.14 1 7 3010 
low 85.05 2 13 6044 
low 85.27 1 7 3049 
low 86.51 1 7 3009 
low 85.32 1 7 3017 
low 85.21 1 5 3006 
low 86.19 1 7 3020 
low 87.75 1 6 3006 
low 88.12 1 7 3005 
low 85.22 1 5 3003 
low 89.49 1 5 3003 
low 91.41 2 13 6142 
low 91.81 1 7 3067 
low 93.11 1 6 3012 
low 90.14 1 5 3004 
low 91.86 1 5 3003 
low 95.15 1 6 3003 
low 94.84 2 12 6276 
low 94.12 1 7 3006 
low 95.09 1 6 3004 
low 94.62 1 5 3005 
low 95.28 1 4 3004 
low 94.76 1 5 3006 
low 96.67 1 5 3001 
low 99.12 1 3 3000 
low 96.12 1 5 3003 
low 95.63 1 5 3002 
low 93.23 1 7 3008 
low 89.86 1 5 3042 
low 86.12 1 7 3084 
low 85.79 1 7 3048 
low 83.06 2 12 6042 
low 82.84 1 6 3047 
low 84.15 1 7 3070 
low 84.44 1 6 3004 
low 86.05 1 5 3003 
low 83.74 1 6 3024 
low 83.18 1 6 3006 
low 83.62 1 7 3068 
low 82.24 1 7 3010 
low 83.01 1 7 3694 
low 81.71 1 6 3431 
low 80.02 1 7 3014 
low 80.19 1 7 3008 
low 82.68 1 7 3009 
low 82.37 1 7 3007 
low 84.02 1 6 3006 
low 84.47 1 6 3007 
low 87.35 1 7 3007 
low 87.68 1 5 3006 
low 89.61 1 7 3016 
low 89.95 1 7 2951 
low 90.25 1 7 3019 
low 88.26 1 6 3007 
low 85.92 1 7 3014 
low 84.95 1 6 3007 
low 83.41 1 6 3003 
low 79.61 1 7 3005 
low 82.48 1 7 3012 
low 80.05 1 6 3006 
low 78.36 1 7 3012 
low 79.01 1 7 3011 
low 79.68 1 7 3013 
low 80.36 1 7 3016 
low 81.48 1 5 3007 
low 81.57 1 7 3023 
low 81.56 1 7 3032 
low 82.16 1 7 3014 
low 82.81 1 7 3009 
low 82.45 1 7 3010 
low 82.88 1 7 3029 
low 84.55 1 7 3077 
low 84.65 1 7 3014 
low 83.26 1 7 3011 
low 83.79 1 6 3011 
low 87.48 1 7 3011 
low 88.47 1 6 3007 
low 91.61 1 7 4780 
low 92.79 1 7 3083 
low 93.96 1 4 3001 
low 94.34 1 6 3005 
low 94.69 1 7 3007 
low 98.39 1 5 3004 
low 100.51 1 6 3003 
low 99.97 1 7 3007 
low 97.43 1 7 3008 
low 97.95 1 4 3003 
low 98.77 1 7 3013 
low 99.77 1 5 3004 
low 98.57 1 6 3005 
low 98.08 1 6 3003 
low 102.96 1 4 3001 
low 104.10 1 5 3002 
low 103.38 1 6 3002 
low 104.41 1 6 3006 
low 104.93 1 6 3004 
low 105.28 1 5 3002 
low 104.03 2 12 6009 
low 103.96 1 5 3001 
low 102.67 1 3 2999 
low 101.82 1 4 3001 
low 103.09 2 9 6728 
low 103.17 1 7 3124 
low 105.33 1 6 3010 
low 104.96 1 4 3004 
low 105.05 1 6 3004 
low 104.43 1 7 3010 
low 105.64 1 7 3009 
low 105.17 2 13 6050 
low 106.36 1 7 3009 
low 106.62 1 7 3010 
low 107.70 1 6 3010 
low 106.88 1 7 3009 
low 106.64 1 7 3009 
low 107.56 1 6 3019 
low 108.54 1 6 3069 
low 107.53 1 7 3016 
low 106.78 1 6 3016 
low 108.12 1 6 3020 
low 108.86 1 7 3030 
low 111.55 1 7 3024 
low 112.89 2 12 6029 
low 115.30 1 7 3010 
low 115.63 1 7 4450 
low 116.56 1 7 4746 
low 114.92 1 7 4446 
low 113.95 3 17 9812 
low 113.78 1 7 3011 
low 111.68 1 5 3005 
low 111.70 1 6 3009 
low 113.24 3 21 9052 
low 114.20 1 7 3009 
low 114.13 1 5 3009 
low 115.04 1 7 3018 
low 115.69 1 6 3011 
low 115.24 1 7 3013 
low 114.73 2 11 8897 
low 114.97 3 15 9043 
low 115.18 1 6 3013 
low 115.64 2 14 6037 
low 115.60 1 7 3016 
low 114.66 2 14 6030 
low 113.30 1 7 3011 
low 113.06 2 14 6052 
low 113.00 1 7 3016 
low 113.58 1 7 3009 
low 113.04 1 7 3017 
low 113.55 1 7 3021 
low 113.39 2 13 6092 
low 113.62 2 14 6049 
low 112.39 2 13 6039 
low 112.23 1 7 3016 
low 112.50 1 7 3016 
low 111.87 1 7 3018 
low 112.58 1 7 3033 
low 113.14 1 7 3026 
low 113.15 1 7 3135 
low 112.55 2 14 6079 
low 113.64 2 13 6047 
low 114.80 1 7 10080 
low 112.60 1 6 3076 
low 111.81 1 7 3411 
low 111.21 1 6 3017 
low 112.10 1 7 3097 
low 118.09 1 6 3010 
low 119.19 1 5 3012 
low 121.05 1 7 3033 
low 121.78 1 7 3042 
low 122.15 1 7 3045 
low 120.69 1 7 3040 
low 120.60 1 7 3043 
low 120.38 1 7 4774 
low 117.01 1 7 5842 
low 115.16 1 6 3034 
low 114.06 1 7 3037 
low 128.79 1 7 3039 
low 125.88 1 7 4414 
low 126.08 1 6 3032 
low 126.57 1 7 3036 
low 124.36 1 7 3037 
low 124.38 1 7 3043 
low 121.08 1 7 3049 
low 119.90 1 6 3036 
low 120.45 1 6 3012 
low 123.04 1 6 2949 
low 123.18 1 7 3008 
low 121.99 1 5 3004 
low 122.34 1 6 3009 
low 123.34 1 5 3005 
low 124.11 1 5 3004 
low 128.21 1 5 3004 
low 128.18 1 6 3008 
low 128.44 1 6 3009 
low 129.06 1 5 3007 
low 132.20 1 7 3203 
low 131.55 1 6 3007 
low 132.22 1 7 3008 
low 129.68 1 5 3002 
low 128.48 1 5 3003 
low 127.15 1 5 3003 
low 128.80 1 7 3010 
low 127.87 1 6 3006 
low 126.97 1 6 3005 
low 126.03 1 7 3016 
low 126.28 1 6 3010 
low 125.33 1 6 3006 
low 124.28 1 3 3000 
low 121.93 1 6 3005 
low 122.60 1 5 3003 
low 122.91 1 5 3002 
low 122.39 1 4 3002 
low 122.29 1 7 3013 
low 123.11 1 6 3008 
low 124.21 1 7 3009 
low 121.92 1 7 3069 
low 121.23 1 6 3007 
low 121.86 1 7 3011 
low 121.14 2 14 7524 
low 120.26 1 5 3006 
low 118.71 1 7 3010 
low 119.63 1 4 3004 
low 122.51 1 6 3011 
low 121.65 1 3 3005 
low 117.59 1 5 4569 
low 116.82 1 5 3004 
low 116.39 1 6 3007 
low 115.36 1 3 3002 
low 116.10 1 7 3006 
low 116.12 1 5 3005 
low 114.55 1 4 3002 
low 112.30 2 12 6013 
low 112.37 1 4 3003 
low 112.92 1 3 3001 
low 111.98 1 6 3005 
low 114.30 1 6 3006 
low 115.01 1 5 2947 
low 112.71 1 4 3002 
low 111.47 1 4 3003 
low 112.13 1 6 3008 
low 110.77 1 4 3000 
low 109.83 1 6 3010 
low 111.10 1 5 3008 
low 110.18 1 7 3024 
low 110.45 1 7 3023 
low 108.94 1 7 3028 
low 109.36 1 5 3008 
low 107.12 1 4 3000 
low 101.95 1 5 3001 
low 103.44 1 6 3005 
low 102.08 1 5 3002 
low 105.14 1 5 3002 
low 105.23 1 7 3246 
low 104.37 1 6 3004 
low 103.43 1 6 3007 
low 103.25 1 7 3010 
low 103.69 1 7 3009 
low 103.45 1 7 3007 
low 104.61 1 7 3009 
low 104.35 1 7 3010 
low 103.65 1 6 3005 
low 103.27 1 5 3003 
low 104.29 1 6 3009 
low 104.51 1 7 3017 
low 103.99 1 5 3008 
low 104.60 1 7 3073 
low 105.53 1 5 3015 
low 105.61 1 4 3013 
low 108.46 2 10 6033 
low 109.66 1 7 3016 
low 110.86 1 6 3013 
low 112.06 3 16 9042 
low 113.63 1 5 3014 
low 113.37 1 7 3498 
low 113.74 1 4 3011 
low 112.35 2 7 6019 
low 113.26 1 5 3014 
low 112.16 1 5 3012 
low 112.17 1 5 3012 
low 111.06 1 7 3018 
low 112.25 1 7 3018 
low 111.49 2 13 6152 
low 109.99 1 5 3004 
low 108.72 1 6 3004 
low 107.67 1 5 3003 
low 108.74 1 6 3008 
low 111.60 1 7 3014 
low 112.90 1 6 3006 
low 112.62 1 6 3009 
low 112.51 1 6 3005 
low 113.02 2 14 6035 
low 113.29 1 7 3017 
low 113.08 1 7 3007 
low 112.49 1 7 3013 
low 113.96 1 7 3009 
low 116.11 1 7 3011 
low 117.00 1 7 3015 
low 116.40 1 7 3126 
low 116.67 1 6 3008 
low 113.79 2 11 6017 
low 113.12 1 7 3016 
low 112.64 1 7 3008 
low 112.73 1 6 3006 
low 113.68 1 7 3009 
low 113.43 1 6 3011 
low 113.83 1 7 3006 
low 114.98 1 6 3002 
low 115.48 1 7 3009 
low 114.89 1 7 3014 
low 114.42 1 7 3013 
low 113.67 1 7 3025 
low 113.28 2 14 6050 
low 112.97 1 7 3693 
low 113.16 1 7 3048 
low 113.27 1 6 3026 
low 114.28 2 14 7548 
low 114.26 1 7 4944 
low 113.66 1 7 3019 
low 114.77 1 7 3025 
low 116.26 1 7 3189 
low 114.96 1 7 3042 
low 114.33 1 6 3011 
low 111.50 1 7 3015 
low 110.79 1 7 3008 
low 110.43 1 7 2951 
low 110.64 1 7 3015 
low 110.59 1 6 3011 
low 110.58 1 6 3003 
low 110.27 1 7 3013 
low 110.07 1 7 4268 
low 108.50 1 7 3087 
low 108.82 1 7 3010 
low 109.90 1 7 3012 
low 108.99 1 7 3084 
low 109.20 1 7 3011 
low 110.74 1 7 3011 
low 110.10 1 7 3006 
low 110.29 1 6 3008 
low 110.30 2 12 6023 
low 111.00 1 7 3022 
low 111.58 1 7 3025 
low 111.73 1 7 3023 
low 111.30 1 7 3029 
low 111.61 1 7 3025 
low 110.69 1 7 3033 
low 110.82 1 7 3035 
low 111.76 1 7 3027 
low 113.72 1 7 3024 
low 113.91 1 7 3019 
low 114.31 1 7 3028 
low 115.76 1 7 3033 
low 115.27 1 7 3024 
low 112.75 1 7 3017 
low 112.47 1 7 3015 
low 111.54 1 7 3079 
low 111.85 1 6 3022 
low 112.44 1 7 3022 
low 112.19 1 7 3028 
low 112.85 1 7 3022 
low 111.27 1 6 3196 
low 106.35 1 6 3009 
low 109.60 1 7 3015 
low 109.45 1 7 3022 
low 109.58 1 7 3027 
low 109.11 1 7 3028 
low 108.75 1 7 3032 
low 109.53 1 7 3032 
low 110.39 1 7 3026 
low 110.36 1 7 3019 
low 109.88 1 7 3017 
low 110.35 1 6 3013 
low 110.47 1 7 2962 
low 111.02 1 7 3025 
low 110.57 1 7 3017 
low 109.44 1 7 3025 
low 109.07 1 7 3023 
low 107.91 1 7 3027 
low 107.59 1 7 3013 
low 108.29 1 7 3021 
low 107.90 1 6 3008 
low 108.64 1 7 3015 
low 108.20 1 7 3018 
low 108.22 1 6 3006 
low 109.31 1 7 3017 
low 109.08 1 7 3017 
low 109.32 1 7 3018 
low 109.05 1 7 3021 
low 109.13 1 7 3015 
close 72.37 1 7 3219 
close 72.16 1 6 3238 
close 71.14 2 12 6375 
close 70.35 1 7 3253 
close 69.41 1 7 3143 
close 70.02 1 7 3187 
close 68.64 1 7 3397 
close 69.36 1 7 3155 
close 71.99 1 7 3337 
close 72.42 2 14 6385 
close 71.10 1 7 3118 
close 73.72 1 7 3099 
close 72.46 1 7 3145 
close 71.36 1 7 3684 
close 71.35 1 7 3041 
close 70.75 1 7 3176 
close 69.63 1 7 3169 
close 70.62 1 7 3127 
close 69.42 1 7 3092 
close 67.45 1 7 3318 
close 67.62 1 7 3121 
close 67.99 1 7 3149 
close 68.65 1 7 3062 
close 70.18 1 7 3147 
close 69.27 1 7 3134 
close 70.46 1 7 3481 
close 71.28 1 7 3104 
close 72.01 1 7 3251 
close 72.45 1 7 3354 
close 71.87 1 7 3416 
close 72.53 1 7 3264 
close 72.40 1 7 3160 
close 72.10 1 7 3436 
close 70.06 1 7 3413 
close 73.35 1 7 3219 
close 74.01 1 7 3106 
close 74.44 1 7 3238 
close 74.05 1 7 3143 
close 74.20 1 7 3099 
close 73.86 1 7 3094 
close 75.12 1 7 3155 
close 73.61 1 7 3139 
close 72.74 1 7 3256 
close 74.33 1 7 3305 
close 74.75 1 7 5141 
close 75.09 1 7 5444 
close 76.18 1 7 5071 
close 78.34 1 7 5081 
close 77.68 1 7 6129 
close 79.22 1 7 8215 
close 80.28 1 7 5080 
close 78.65 1 7 5038 
close 80.52 1 7 5294 
close 78.49 2 13 8223 
close 78.81 1 7 5223 
close 78.69 1 7 5410 
close 79.17 1 7 5259 
close 78.78 2 14 10792 
close 78.04 2 13 8078 
close 76.97 1 7 4972 
close 79.58 3 21 15605 
close 79.81 1 7 5042 
close 80.05 1 7 5145 
close 78.42 1 7 5312 
close 78.87 1 7 5982 
close 79.49 1 7 5620 
close 80.49 1 7 5800 
close 78.68 1 7 5354 
close 79.08 1 7 5579 
close 79.36 1 7 5459 
close 80.51 1 7 5397 
close 80.20 1 7 5495 
close 81.09 1 7 5248 
close 80.58 1 7 4832 
close 79.60 1 7 5273 
close 79.94 1 7 5237 
close 79.99 1 7 5127 
close 81.16 1 7 4676 
close 80.04 1 7 4729 
close 79.05 1 7 4662 
close 79.15 1 7 5251 
close 79.56 1 7 5323 
close 80.09 1 7 5074 
close 80.81 1 7 4974 
close 82.79 1 7 4697 
close 82.29 2 13 8346 
close 82.85 1 7 5349 
close 83.42 1 7 5473 
close 83.26 1 7 5548 
close 82.54 1 7 5365 
close 83.30 2 10 8635 
close 82.80 2 13 8287 
close 83.49 1 7 5366 
close 81.97 1 7 5378 
close 84.19 3 19 11675 
close 84.68 3 20 12083 
close 84.99 1 7 4746 
close 85.59 3 21 11217 
close 85.77 1 7 7443 
close 85.93 1 7 6088 
close 85.20 1 7 4821 
close 86.64 1 7 5180 
close 87.46 1 7 5461 
close 88.83 1 7 5041 
close 88.54 2 14 8228 
close 86.46 2 14 10336 
close 88.12 2 14 8672 
close 88.09 1 7 5247 
close 85.83 1 7 4696 
close 86.83 1 7 4625 
close 87.21 1 7 4825 
close 86.34 1 7 4548 
close 86.40 1 7 4839 
close 87.35 2 13 8292 
close 87.95 1 7 4727 
close 88.76 1 7 4755 
close 88.85 1 7 4579 
close 90.57 1 7 4414 
close 91.04 2 14 7804 
close 90.92 1 7 4232 
close 89.40 2 14 7453 
close 90.24 2 14 7769 
close 88.63 1 7 4366 
close 88.80 1 7 4498 
close 86.36 1 7 4712 
close 85.16 2 14 7297 
close 87.37 1 7 4002 
close 88.65 1 7 4335 
close 89.07 1 7 4223 
close 86.61 1 7 4170 
close 85.39 2 14 7367 
close 83.12 1 7 4137 
close 82.08 1 7 4620 
close 83.57 1 7 4392 
close 82.60 1 7 3947 
close 84.47 1 7 3926 
close 83.62 1 7 4226 
close 82.59 1 7 4297 
close 82.34 1 7 4097 
close 81.32 1 7 4247 
close 80.48 1 7 4221 
close 79.82 1 7 4275 
close 83.56 1 7 4044 
close 83.06 1 7 4260 
close 84.52 1 7 4342 
close 84.82 1 7 4190 
close 85.40 1 7 4165 
close 85.42 4 26 15299 
close 86.38 1 7 6480 
close 86.17 2 13 8936 
close 86.95 1 7 3050 
close 85.78 1 7 3045 
close 85.18 1 7 3044 
close 84.45 1 7 3044 
close 85.32 1 7 3036 
close 86.08 1 7 3057 
close 87.14 1 7 3041 
close 84.91 1 7 3046 
close 86.88 3 18 8986 
close 84.94 1 7 3057 
close 82.61 1 7 2984 
close 82.20 2 12 6036 
close 82.11 1 7 3050 
close 82.89 2 14 6043 
close 84.37 1 7 3044 
close 85.47 1 7 3040 
close 87.18 1 7 3039 
close 88.88 1 7 3038 
close 87.81 2 14 6046 
close 88.56 1 7 3023 
close 88.45 1 7 3013 
close 87.60 1 7 3015 
close 87.44 1 7 3014 
close 85.55 2 13 6020 
close 88.46 1 7 3021 
close 87.73 1 7 3017 
close 87.22 4 27 12086 
close 86.97 1 7 3023 
close 86.49 1 7 3013 
close 88.14 1 7 3017 
close 88.31 1 7 3021 
close 86.25 2 14 6033 
close 86.15 1 7 3014 
close 87.09 1 7 3016 
close 87.53 1 7 3011 
close 88.34 1 7 3014 
close 88.02 1 7 3025 
close 87.28 1 7 3020 
close 88.15 1 7 3018 
close 88.82 2 12 6026 
close 89.28 1 7 3012 
close 89.60 1 7 3020 
close 89.26 1 7 3019 
close 90.34 1 7 3021 
close 90.15 1 7 3021 
close 91.35 1 7 3012 
close 90.49 1 7 3021 
close 90.89 1 7 3023 
close 89.34 1 6 4326 
close 87.42 1 7 3014 
close 87.13 1 7 3013 
close 87.00 1 7 3019 
close 86.58 1 7 3018 
close 87.79 1 7 3014 
close 89.86 1 6 3016 
close 89.53 1 7 3013 
close 90.02 1 7 3022 
close 89.69 2 12 6025 
close 89.42 1 7 2964 
close 89.72 1 7 3021 
close 89.84 1 7 3018 
close 90.50 1 7 3018 
close 87.56 2 12 6024 
close 87.87 1 7 3013 
close 87.64 1 7 3014 
close 87.41 1 7 3014 
close 86.86 1 7 3012 
close 85.61 1 7 3025 
close 85.76 2 12 6013 
close 85.63 2 13 6023 
close 86.79 1 7 3021 
close 86.57 2 12 6532 
close 87.25 2 12 6019 
close 88.78 1 7 3014 
close 87.19 1 7 3015 
close 86.53 2 14 6539 
close 87.72 2 11 6011 
close 88.44 2 10 6014 
close 87.86 2 14 6021 
close 87.31 1 7 3023 
close 87.40 1 6 3008 
close 88.75 2 13 6021 
close 89.05 1 7 3011 
close 90.28 1 6 3011 
close 90.66 1 6 3072 
close 89.45 1 7 3014 
close 90.26 1 6 3008 
close 90.59 1 6 3010 
close 92.40 1 7 3008 
close 92.74 1 6 3005 
close 89.50 2 13 5960 
close 89.09 1 7 3017 
close 90.06 2 13 6024 
close 89.35 1 6 3012 
close 91.00 1 6 3010 
close 91.63 2 14 6023 
close 90.80 1 7 3014 
close 89.77 1 6 3012 
close 90.75 1 7 3013 
close 88.28 1 7 3011 
close 90.29 1 7 3010 
close 89.95 1 7 2952 
close 90.99 1 7 3015 
close 91.09 1 7 3010 
close 92.24 1 7 3013 
close 90.60 1 6 3008 
close 90.98 1 7 3018 
close 90.84 1 6 3011 
close 92.50 1 6 3010 
close 92.53 1 7 3009 
close 93.09 1 7 3015 
close 93.01 1 7 3011 
close 92.76 1 7 3008 
close 93.47 1 7 3013 
close 93.99 2 12 6022 
close 93.19 1 7 3010 
close 93.62 2 14 6082 
close 93.49 1 7 3018 
close 93.38 1 7 3016 
close 93.83 1 7 3016 
close 93.72 1 6 3018 
close 94.40 1 7 3018 
close 94.98 1 7 3015 
close 94.18 2 14 6032 
close 94.21 3 21 9058 
close 93.94 1 7 3015 
close 94.78 1 7 3020 
close 94.09 1 7 3020 
close 93.51 1 7 3015 
close 93.91 1 7 3075 
close 94.52 1 6 3009 
close 94.97 1 7 3018 
close 96.58 1 7 3017 
close 96.37 1 7 3013 
close 97.31 1 7 3013 
close 97.24 2 14 5969 
close 97.40 1 7 4396 
close 97.94 2 13 7399 
close 96.11 1 7 3016 
close 96.61 1 7 3011 
close 97.86 1 7 3018 
close 97.21 2 14 6028 
close 96.80 1 6 3011 
close 97.06 1 7 3014 
close 97.09 1 6 3009 
close 95.44 1 6 3007 
close 95.36 1 7 3013 
close 96.72 1 7 3014 
close 97.18 1 7 3009 
close 97.82 1 7 3012 
close 98.38 1 7 3014 
close 98.63 1 6 3008 
close 98.61 1 7 3018 
close 98.47 1 7 3019 
close 98.94 1 7 3016 
close 98.89 1 7 3013 
close 99.24 2 11 6020 
close 99.59 1 7 3014 
close 97.90 1 6 3010 
close 99.47 2 12 6016 
close 100.13 1 7 3010 
close 100.72 1 7 3013 
close 100.99 1 7 3025 
close 101.62 1 6 3015 
close 99.91 1 7 3014 
close 98.55 1 6 3011 
close 99.23 1 6 3008 
close 96.97 1 5 3004 
close 94.56 1 6 3020 
close 95.15 1 7 3008 
close 96.03 1 6 3008 
close 96.06 1 7 3009 
close 98.13 1 7 3012 
close 98.37 1 7 3006 
close 98.44 4 26 12026 
close 99.02 1 6 3018 
close 98.90 1 7 3014 
close 97.85 1 6 3008 
close 98.95 1 7 3065 
close 100.21 1 7 3006 
close 99.36 1 5 3002 
close 98.34 1 6 3005 
close 98.01 1 6 3007 
close 98.36 1 6 3009 
close 98.70 2 14 10221 
close 97.67 1 5 3006 
close 97.63 1 6 3003 
close 97.78 1 6 3004 
close 97.08 1 6 3003 
close 97.33 1 6 3006 
close 98.51 1 6 3008 
close 99.92 1 7 3012 
close 99.52 1 7 3006 
close 100.03 1 7 3009 
close 99.89 1 3 3001 
close 100.41 1 6 2944 
close 101.13 1 5 3001 
close 100.97 1 6 3005 
close 102.53 1 6 3006 
close 100.24 1 5 3004 
close 99.55 1 6 3007 
close 99.86 1 6 3003 
close 100.81 1 7 3007 
close 100.85 1 6 3009 
close 102.97 1 6 3005 
close 103.67 1 6 3007 
close 103.49 1 5 3005 
close 103.94 1 7 3007 
close 103.92 1 7 3007 
close 103.75 1 7 3007 
close 104.05 1 7 3004 
close 103.30 1 5 3002 
close 102.70 1 5 3004 
close 100.56 1 4 3002 
close 100.48 1 5 3002 
close 99.61 1 5 3003 
close 98.16 1 5 3001 
close 95.24 1 5 3004 
close 94.03 2 10 6008 
close 97.42 1 4 3000 
close 94.60 1 3 2999 
close 88.95 1 3 3000 
close 89.73 1 4 3000 
close 87.05 3 14 8945 
close 85.15 1 5 3072 
close 85.81 1 4 3003 
close 82.16 1 5 3001 
close 80.59 1 5 3001 
close 80.50 1 4 3000 
close 77.23 1 6 3003 
close 76.56 1 5 3001 
close 79.48 1 6 3005 
close 83.47 1 6 3007 
close 83.69 1 6 4679 
close 79.84 1 6 3002 
close 78.05 1 4 3000 
close 78.07 1 4 3000 
close 78.09 1 5 3003 
close 78.14 1 4 3002 
close 78.92 1 6 3005 
close 83.51 2 10 6006 
close 83.39 1 5 3001 
close 85.11 1 5 3003 
close 83.64 1 5 3002 
close 88.17 1 5 3002 
close 87.03 1 5 3006 
close 84.38 1 5 3005 
close 84.39 3 17 9033 
close 86.68 1 6 3003 
close 90.04 1 3 2999 
close 90.31 1 3 3000 
close 88.59 1 6 3003 
close 89.13 1 4 3001 
close 88.70 1 6 3005 
close 86.98 1 7 3005 
close 87.83 1 6 3005 
close 87.70 1 4 3002 
close 89.80 1 6 3005 
close 88.10 1 6 3003 
close 88.73 1 6 3003 
close 88.23 2 10 6013 
close 87.94 1 4 3001 
close 89.01 1 6 3003 
close 86.93 1 5 3002 
close 86.35 1 6 3003 
close 87.80 2 13 6031 
close 89.56 1 6 3003 
close 89.81 1 6 3065 
close 87.97 1 6 3002 
close 89.08 1 4 3001 
close 87.84 1 5 3005 
close 87.71 1 6 3031 
close 86.75 1 5 3005 
close 86.03 1 6 3004 
close 86.18 1 6 3004 
close 88.71 2 13 9249 
close 89.46 1 7 3003 
close 85.64 3 19 9044 
close 84.33 1 6 3005 
close 84.55 1 7 3006 
close 83.25 1 7 3010 
close 82.53 1 6 3004 
close 83.61 1 5 3006 
close 85.45 1 6 3004 
close 87.74 1 7 3007 
close 88.40 1 5 3005 
close 87.17 1 7 3010 
close 85.70 1 5 3006 
close 79.96 1 5 3003 
close 78.82 1 6 3002 
close 79.31 1 6 3002 
close 80.67 1 6 3005 
close 81.74 1 6 3006 
close 81.93 1 6 3008 
close 82.52 1 7 3007 
close 82.97 1 5 3004 
close 82.70 1 7 3011 
close 82.50 1 7 3008 
close 81.45 1 7 3021 
close 81.99 1 7 3011 
close 81.57 1 7 3030 
close 83.40 2 13 6023 
close 85.38 2 13 6079 
close 85.87 1 7 3033 
close 86.10 1 7 3151 
close 83.96 1 7 3019 
close 82.62 1 7 3058 
close 82.33 1 5 3069 
close 84.35 1 7 3010 
close 83.65 1 6 3003 
close 83.34 2 13 6853 
close 84.50 1 7 3012 
close 87.12 1 7 3026 
close 87.36 1 6 3013 
close 85.56 1 7 3010 
close 85.72 1 6 3013 
close 86.92 1 7 3009 
close 86.56 1 5 3006 
close 88.20 3 20 9051 
close 88.42 1 7 3005 
close 88.11 2 13 6110 
close 89.67 1 5 3003 
close 91.96 1 5 3003 
close 93.21 1 7 3007 
close 91.82 1 7 3058 
close 92.02 1 6 3084 
close 92.65 1 5 3004 
close 93.25 1 5 3003 
close 95.42 1 7 3006 
close 95.80 1 6 3003 
close 95.32 1 5 3003 
close 95.26 1 7 3006 
close 97.34 1 6 3004 
close 96.42 1 7 3273 
close 95.40 1 5 3005 
close 96.00 1 4 3004 
close 97.17 1 5 3006 
close 101.03 1 5 3001 
close 106.58 1 3 3000 
close 96.45 1 5 3003 
close 96.64 1 5 3002 
close 93.60 1 7 3008 
close 90.07 1 5 3042 
close 87.39 1 7 3084 
close 86.12 1 7 3048 
close 85.66 1 5 3020 
close 83.53 1 6 3047 
close 85.34 1 7 3070 
close 86.62 1 6 3004 
close 86.82 1 5 3003 
close 84.08 1 6 3024 
close 83.95 1 7 3068 
close 82.43 1 7 3010 
close 80.92 1 7 3014 
close 80.91 1 7 3008 
close 83.67 1 6 3009 
close 82.94 1 7 3009 
close 84.20 1 7 3007 
close 85.24 1 6 3006 
close 89.90 1 7 3007 
close 89.83 1 5 3006 
close 91.79 1 7 3016 
close 91.87 1 7 2951 
close 90.86 1 7 3019 
close 89.32 1 6 3007 
close 88.27 1 6 3009 
close 86.37 1 7 3014 
close 85.05 1 6 3007 
close 82.55 1 7 3007 
close 81.60 1 7 3005 
close 82.92 1 6 3006 
close 83.48 1 7 3012 
close 82.69 1 5 3006 
close 83.73 1 7 3009 
close 80.98 1 7 3018 
close 80.89 1 6 3006 
close 79.93 1 7 3012 
close 81.11 1 7 3011 
close 80.77 1 7 3013 
close 82.30 1 7 3016 
close 82.04 1 7 3023 
close 82.81 1 7 3032 
close 84.86 1 7 3014 
close 82.96 1 7 3009 
close 83.50 1 7 3010 
close 83.17 1 7 3022 
close 85.21 1 7 3014 
close 83.80 1 7 3011 
close 86.87 1 6 3011 
close 88.35 1 7 3011 
close 92.23 1 6 3007 
close 92.80 1 7 4780 
close 94.80 1 7 3083 
close 95.28 1 4 3001 
close 95.51 1 6 3005 
close 103.11 1 5 3004 
close 101.67 1 6 3003 
close 101.36 1 7 3007 
close 98.64 1 7 3008 
close 99.16 1 4 3003 
close 101.19 1 7 3013 
close 100.23 1 5 3004 
close 99.80 1 6 3005 
close 98.43 1 6 2949 
close 106.30 1 6 3003 
close 105.86 1 4 3001 
close 105.19 2 12 6011 
close 104.78 1 6 3002 
close 105.01 1 6 3006 
close 105.85 1 6 3004 
close 105.61 1 5 3002 
close 104.76 1 6 3004 
close 105.68 1 5 3001 
close 103.93 1 3 2999 
close 103.74 1 4 3001 
close 104.57 1 3 2999 
close 105.97 1 7 3124 
close 103.91 1 7 3005 
close 105.43 1 6 3729 
close 106.43 1 6 3010 
close 105.46 1 4 3004 
close 105.54 1 6 3004 
close 105.28 1 6 3005 
close 106.08 1 7 3010 
close 105.81 1 7 3009 
close 106.39 1 6 3006 
close 107.36 1 7 3044 
close 107.07 1 7 3009 
close 108.14 1 7 3010 
close 108.19 1 6 3010 
close 107.29 1 7 3009 
close 107.64 1 7 3009 
close 109.65 1 6 3019 
close 109.22 1 6 3069 
close 107.79 1 7 3016 
close 108.58 1 6 3016 
close 109.90 1 6 3020 
close 111.70 2 14 6052 
close 113.33 1 7 3024 
close 115.86 1 5 3009 
close 115.99 1 7 3010 
close 116.59 1 7 4450 
close 118.08 1 7 4746 
close 115.05 1 7 4446 
close 115.43 1 5 3006 
close 114.54 1 7 3011 
close 114.78 2 12 6021 
close 112.37 1 5 3005 
close 114.23 2 13 6022 
close 115.31 1 7 3014 
close 115.22 1 7 3009 
close 115.16 1 5 3009 
close 117.24 1 7 3018 
close 116.08 1 6 3011 
close 115.84 2 13 6015 
close 117.30 1 5 2945 
close 115.26 2 13 6024 
close 115.68 1 6 3013 
close 115.95 1 7 3022 
close 116.12 1 7 3016 
close 116.28 1 7 3015 
close 114.85 1 7 3014 
close 113.55 1 7 3011 
close 113.72 1 7 3020 
close 114.34 1 7 3016 
close 113.74 1 7 3009 
close 113.60 1 7 3017 
close 114.00 1 7 3021 
close 114.39 1 7 3020 
close 113.66 2 10 6036 
close 113.48 1 7 3020 
close 112.44 1 7 3022 
close 112.56 2 13 6033 
close 112.81 1 7 3016 
close 112.68 1 7 3018 
close 113.16 1 7 3033 
close 113.40 1 7 3026 
close 114.32 1 7 3135 
close 113.80 1 7 3070 
close 114.80 3 20 19052 
close 112.88 2 13 6101 
close 112.31 1 7 3411 
close 112.73 1 6 3017 
close 114.14 1 7 3097 
close 118.25 2 11 6032 
close 120.04 1 6 3010 
close 121.94 1 5 3012 
close 122.27 1 7 3033 
close 122.60 1 7 3042 
close 123.13 1 7 3045 
close 121.35 1 7 3040 
close 122.19 1 7 3043 
close 120.55 1 7 4774 
close 117.21 1 7 5842 
close 115.63 1 6 3034 
close 135.82 1 7 3037 
close 130.43 1 7 3039 
close 127.06 1 7 4414 
close 128.80 1 6 3032 
close 127.20 1 7 3036 
close 125.07 1 7 3037 
close 124.52 2 14 6051 
close 121.24 1 7 3049 
close 120.60 1 6 3036 
close 124.81 1 6 3012 
close 123.49 1 6 2949 
close 122.74 1 5 3004 
close 125.21 1 6 3009 
close 124.32 1 5 3005 
close 129.29 1 5 3004 
close 129.01 1 5 3004 
close 128.75 1 6 3008 
close 129.12 1 6 3009 
close 132.88 1 5 3007 
close 133.57 1 7 3203 
close 132.37 1 6 3007 
close 132.64 1 7 3008 
close 130.76 1 5 3002 
close 129.36 1 5 3003 
close 130.54 1 5 3003 
close 129.20 1 7 3010 
close 128.45 1 6 3006 
close 127.14 1 6 3005 
close 126.54 1 7 3016 
close 127.21 1 6 3010 
close 126.56 1 6 3006 
close 124.58 1 3 3000 
close 122.62 2 9 6010 
close 123.54 1 5 3003 
close 123.04 1 5 3002 
close 123.33 1 4 3002 
close 124.25 1 7 3013 
close 125.02 1 6 3008 
close 125.31 1 7 3009 
close 122.00 1 7 3069 
close 122.13 1 6 3007 
close 122.34 1 7 3011 
close 121.65 1 7 3012 
close 120.51 1 5 3006 
close 119.72 1 7 3010 
close 123.84 1 4 3004 
close 122.66 1 6 3011 
close 121.37 1 7 4512 
close 118.10 1 5 4569 
close 117.40 1 5 3004 
close 117.18 1 6 3007 
close 116.36 1 3 3002 
close 117.54 1 7 3006 
close 115.48 2 11 6026 
close 112.94 1 6 3009 
close 114.29 1 4 3003 
close 113.12 1 3 3001 
close 114.68 1 6 3005 
close 115.41 1 6 3006 
close 116.50 1 5 2947 
close 115.38 1 4 3001 
close 113.73 1 4 3002 
close 113.50 1 4 3003 
close 114.19 2 12 6804 
close 111.82 2 11 6033 
close 111.93 1 6 3010 
close 111.18 1 5 3008 
close 110.87 1 7 3024 
close 111.33 1 7 3023 
close 111.07 1 7 3028 
close 110.11 1 5 3008 
close 108.74 1 4 3000 
close 104.67 1 5 3001 
close 103.44 1 6 3005 
close 105.78 1 5 3002 
close 107.62 1 5 3002 
close 105.53 1 7 3246 
close 104.69 1 6 3004 
close 103.78 1 6 3007 
close 104.24 1 7 3010 
close 104.09 1 7 3009 
close 104.66 2 13 6016 
close 104.91 1 7 3010 
close 103.86 1 6 3005 
close 103.35 1 6 3006 
close 105.05 1 5 3003 
close 104.90 1 7 3017 
close 104.73 1 5 3008 
close 106.72 1 7 3073 
close 107.53 1 5 3015 
close 108.97 1 4 3013 
close 109.87 1 3 3009 
close 111.06 1 7 3016 
close 112.83 3 20 9057 
close 113.78 1 5 3014 
close 114.53 1 5 3014 
close 114.58 3 19 9514 
close 113.84 1 4 3011 
close 112.39 1 4 3010 
close 113.97 1 5 3014 
close 112.64 1 5 3012 
close 113.52 1 5 3012 
close 112.10 1 7 3018 
close 112.45 1 6 3014 
close 113.56 1 5 3014 
close 112.42 1 7 3018 
close 112.00 1 6 2954 
close 110.63 1 5 3004 
close 108.84 2 11 6007 
close 111.73 1 6 3008 
close 112.92 1 7 3014 
close 113.00 1 6 3006 
close 114.57 1 6 3009 
close 113.58 2 14 6020 
close 113.71 2 14 6025 
close 116.91 1 7 3009 
close 117.23 1 7 3011 
close 118.16 1 7 3015 
close 117.33 1 7 3126 
close 117.42 1 6 3008 
close 114.28 1 7 3013 
close 113.18 1 7 3016 
close 113.30 1 7 3009 
close 114.76 1 6 3006 
close 113.82 1 7 3009 
close 115.88 1 7 3006 
close 115.89 1 7 3009 
close 114.66 1 7 3013 
close 114.98 1 7 3016 
close 113.93 2 13 6094 
close 113.96 1 7 3025 
close 114.65 1 7 3026 
close 113.41 1 7 3032 
close 113.23 1 7 3693 
close 114.05 1 7 3048 
close 114.49 1 6 3026 
close 114.59 1 7 3024 
close 114.42 1 7 4523 
close 115.53 1 7 4944 
close 114.62 1 7 3025 
close 115.09 1 7 3019 
close 115.18 1 7 3025 
close 116.26 1 5 3032 
close 117.04 1 7 3189 
close 115.25 1 7 3042 
close 114.31 1 4 3004 
close 112.52 1 6 3004 
close 111.42 1 7 3008 
close 111.45 1 7 2951 
close 111.04 1 7 3015 
close 111.99 1 6 3011 
close 110.69 1 6 3003 
close 111.13 1 7 3013 
close 110.25 1 7 4268 
close 108.86 1 7 3087 
close 110.12 1 7 3010 
close 111.59 1 7 3012 
close 109.43 1 7 3084 
close 111.61 1 7 3011 
close 111.88 1 7 3011 
close 110.70 1 7 3006 
close 111.11 1 6 3008 
close 111.37 1 6 3008 
close 111.91 1 7 3023 
close 111.85 1 7 3025 
close 111.76 1 7 3035 
close 113.83 1 7 3027 
close 114.41 1 7 3024 
close 114.75 1 7 3019 
close 116.54 1 7 3028 
close 117.05 1 7 3033 
close 113.38 1 7 3017 
close 112.98 1 7 3015 
close 112.47 1 7 3079 
close 113.13 1 6 3022 
close 113.02 1 7 3022 
close 113.28 1 7 3028 
close 113.89 1 7 3022 
close 113.04 1 7 3022 
close 114.11 1 7 3020 
close 113.34 1 7 3018 
close 111.97 1 7 3198 
close 111.68 1 6 3196 
close 110.83 1 6 3009 
close 109.99 1 7 3015 
close 109.64 1 7 3022 
close 109.95 1 7 3027 
close 109.94 1 7 3028 
close 109.74 1 7 3032 
close 110.44 1 7 3032 
close 110.54 1 7 3026 
close 111.38 1 7 3019 
close 110.46 1 7 3017 
close 111.47 1 6 3015 
close 111.19 1 6 3013 
close 111.49 1 7 2962 
close 111.10 2 14 6042 
close 109.63 2 14 6040 
close 109.28 1 7 3023 
close 108.08 1 7 3027 
close 108.70 1 7 3013 
close 109.31 1 7 3021 
close 108.57 1 7 3024 
close 109.04 1 6 3008 
close 109.29 1 7 3015 
close 108.47 1 7 3018 
close 109.92 1 6 3006 
close 109.39 1 7 3017 
close 109.61 1 7 3017 
close 109.49 1 7 3018 
close 109.81 1 7 3021 
body 0.82 3 20 9331 
body -0.21 5 33 18234 
body -1.02 2 11 6068 
body -0.79 3 21 9279 
body -0.94 1 7 3143 
body 0.61 4 26 12174 
body -1.38 4 25 12408 
body 0.72 2 14 6187 
body 2.63 2 14 6363 
body -0.85 4 27 13571 
body 1.28 4 21 12117 
body -1.32 2 13 6123 
body 2.61 3 21 12179 
body -1.26 1 7 3145 
body -1.10 2 14 6699 
body -0.01 5 32 17888 
body -0.60 4 28 12242 
body -1.12 2 14 7898 
body 0.99 1 7 3127 
body -1.20 3 18 9120 
body -1.97 1 7 3318 
body 0.18 5 33 19603 
body 0.37 6 37 20745 
body 0.66 6 40 18468 
body 1.53 3 21 14376 
body -0.91 6 41 23145 
body 1.20 3 21 9507 
body 0.73 3 20 11235 
body 0.45 4 28 12399 
body -0.58 2 14 6431 
body -0.13 6 42 20630 
body -0.30 3 21 11940 
body -2.04 3 20 11635 
body 2.36 1 7 3283 
body 0.93 3 19 9236 
body 0.43 5 33 16513 
body -0.39 3 21 11377 
body 0.16 7 47 25627 
body -0.35 1 7 3094 
body 1.26 5 32 15191 
body -1.51 4 28 14544 
body -0.87 3 21 10825 
body 1.59 1 7 3305 
body 0.42 3 20 11163 
body 0.33 5 34 19740 
body 1.09 1 7 5071 
body 2.17 1 7 5081 
body -0.66 6 37 21164 
body 1.06 3 20 11106 
body -1.62 1 7 5038 
body 1.87 2 13 8303 
body 0.48 4 27 16077 
body -0.74 6 39 21964 
body -1.07 1 7 4972 
body 0.23 7 46 25227 
body -1.64 1 7 5312 
body 0.09 3 21 13576 
body 0.62 3 18 11639 
body 1.01 3 20 11835 
body 0.41 2 14 8602 
body 0.28 4 24 14489 
body 1.13 2 12 8403 
body 0.90 1 7 5248 
body -0.52 2 14 7911 
body -0.97 3 18 11294 
body 0.34 5 35 18678 
body 0.06 5 33 17180 
body 1.16 2 14 7688 
body -0.44 5 29 16907 
body -0.53 2 14 7732 
body 0.10 4 26 14274 
body 0.40 4 27 14375 
body 0.53 4 24 14096 
body 1.97 4 27 13795 
body -0.51 3 18 10923 
body 0.57 4 27 14385 
body 0.56 2 14 8485 
body -0.15 4 22 14565 
body -0.72 3 20 11445 
body 0.76 4 27 14724 
body -0.49 2 14 9537 
body 0.69 3 19 11389 
body 2.22 2 14 9668 
body 0.50 5 35 17113 
body 0.30 4 27 13781 
body 0.59 5 32 19818 
body 1.45 2 14 9522 
body 0.81 1 7 5461 
body 1.37 1 7 5041 
body -0.29 2 12 8219 
body -2.08 2 12 8217 
body 0.00 6 39 31792 
body 1.65 3 20 11621 
body -0.02 4 28 14304 
body -2.27 2 12 7700 
body 1.00 2 13 7635 
body 0.39 3 20 10917 
body 0.05 4 24 13876 
body 0.96 7 47 23446 
body 0.60 4 28 13762 
body 0.80 4 26 13794 
body 1.72 2 13 7446 
body -0.12 6 39 19413 
body -1.52 1 7 4438 
body 0.84 2 10 7757 
body -1.61 1 7 4366 
body 0.17 2 14 7518 
body -2.45 1 7 4712 
body -1.19 1 7 4262 
body 1.29 1 7 4335 
body -2.47 1 7 4170 
body -1.22 3 19 10304 
body -2.26 1 7 4137 
body -1.05 5 32 16730 
body -1.11 1 7 4392 
body -0.96 3 21 9981 
body 1.88 1 7 3926 
body -1.04 3 20 10750 
body -0.26 5 31 16132 
body -1.03 2 12 7252 
body -0.84 3 21 10250 
body -0.67 3 18 10445 
body 3.74 1 7 4044 
body 0.31 6 40 19259 
body 0.01 4 22 13449 
body 0.97 2 14 9493 
body 0.78 2 13 6066 
body -1.17 5 32 15080 
body 0.87 3 20 9082 
body 1.05 4 25 12066 
body -2.23 1 7 3046 
body -1.71 1 7 3035 
body -2.34 1 7 2984 
body -0.41 6 40 18103 
body -0.09 2 13 6056 
body 0.77 4 27 12258 
body 1.49 1 7 3044 
body 1.11 3 21 11049 
body 1.70 2 14 6077 
body -1.06 2 13 6036 
body -0.11 2 13 6018 
body -0.16 5 33 16577 
body -1.90 2 14 6022 
body 2.91 2 13 6026 
body -0.73 6 38 18076 
body -0.50 1 7 3024 
body -0.25 4 27 12113 
body -0.47 3 17 9036 
body -2.06 1 7 3018 
body -0.10 4 25 12055 
body 0.85 4 28 12126 
body -0.31 3 21 9109 
body 0.67 2 14 6028 
body -0.70 2 13 6081 
body 0.32 3 21 9069 
body -0.34 3 19 9040 
body 1.08 4 25 12044 
body -0.18 8 53 25465 
body -1.55 1 6 4326 
body -1.92 2 13 6090 
body -1.24 2 10 6020 
body 0.95 2 14 6030 
body -0.42 4 27 12125 
body 1.21 2 14 6030 
body 2.06 3 19 9035 
body -0.33 3 21 9049 
body 0.49 2 13 6028 
body -0.86 4 23 13288 
body 0.29 6 38 18018 
body 0.12 3 20 9042 
body -1.85 3 20 9029 
body -0.22 3 21 9055 
body -0.23 2 13 6021 
body -0.55 3 20 9426 
body -1.31 2 12 5956 
body 0.03 4 26 11987 
body 0.02 3 18 9552 
body 0.15 2 14 6026 
body 1.58 1 7 3007 
body 0.68 4 26 12235 
body -1.60 1 7 3015 
body 1.19 1 7 3010 
body -0.59 2 12 6017 
body -0.54 3 21 9057 
body 1.24 1 6 3011 
body -1.21 2 12 6016 
body 0.46 4 28 12061 
body 1.35 2 13 6013 
body 0.35 3 20 9034 
body -3.25 1 7 3012 
body 0.89 2 13 6019 
body 0.75 3 18 9027 
body 0.63 3 21 9049 
body -2.48 1 7 3011 
body 1.41 2 13 6023 
body -0.24 3 18 9021 
body 0.11 4 28 12076 
body 1.15 3 20 10646 
body -1.65 2 12 6015 
body 1.02 1 7 3012 
body -0.65 3 19 9027 
body 0.04 3 21 9032 
body -0.08 4 24 12030 
body 0.71 4 25 12047 
body -0.81 1 7 3010 
body 0.44 1 7 3015 
body -0.14 7 44 21105 
body 0.25 3 20 9040 
body -0.68 4 26 12046 
body 0.70 2 14 6035 
body 1.61 1 7 3017 
body 0.94 2 12 6027 
body -0.06 3 21 9074 
body 0.54 1 7 4390 
body -1.84 1 7 3016 
body -0.07 5 27 15185 
body 1.36 2 11 6017 
body 0.52 3 21 9006 
body -0.05 4 25 12027 
body 0.65 5 28 15054 
body 0.55 2 14 6024 
body -0.03 1 7 3018 
body 0.47 2 13 6024 
body -0.04 3 19 9021 
body 0.36 2 13 6023 
body -1.68 1 6 3010 
body 1.57 3 17 9019 
body 0.58 5 34 16842 
body 0.27 1 7 3025 
body -1.72 3 19 10696 
body -1.37 1 6 3011 
body -2.41 2 9 6019 
body 2.07 3 20 9034 
body 0.24 8 53 24157 
body 1.27 2 14 6013 
body -1.78 2 10 6005 
body -0.76 2 10 6020 
body 1.17 5 29 15028 
body 1.18 3 20 8980 
body -2.30 1 5 3004 
body -0.69 1 6 3007 
body 0.38 3 19 9513 
body 2.11 1 6 3005 
body -0.17 2 11 5953 
body -0.75 2 12 6026 
body -2.16 1 4 3002 
body -1.44 1 5 3001 
body -2.91 1 5 3004 
body 3.40 1 4 3000 
body -2.81 1 3 2999 
body -5.65 1 3 3000 
body 0.79 2 10 6002 
body -2.69 1 5 3001 
body -1.89 1 5 3072 
body -3.66 1 5 3001 
body -1.58 1 5 3001 
body -3.26 1 6 3003 
body 3.98 1 6 3007 
body 1.94 1 5 4611 
body -3.84 1 6 3002 
body 4.58 1 4 3002 
body 1.71 2 10 6006 
body -1.46 2 12 6021 
body 3.23 1 5 3002 
body -1.15 1 5 3006 
body -2.65 1 5 3005 
body 2.85 1 5 3005 
body 2.33 1 3 2999 
body -1.73 2 14 6047 
body 2.09 1 6 3005 
body 0.64 3 19 9032 
body -1.67 1 4 3001 
body -0.28 5 30 15100 
body -0.57 1 6 3003 
body 1.44 2 14 6019 
body 1.76 1 6 3003 
body 1.12 2 9 6015 
body -1.25 3 19 10549 
body -0.95 2 12 6010 
body 0.14 2 13 6014 
body 1.38 1 5 3004 
body -2.59 1 6 3007 
body -1.30 5 31 15032 
body 1.60 1 5 2943 
body -1.53 1 6 3007 
body -3.35 1 5 3003 
body -1.93 1 6 3002 
body 1.66 1 5 3002 
body 1.31 1 7 3011 
body 0.22 1 7 3151 
body -1.35 1 7 3058 
body 2.02 2 14 6023 
body -0.83 3 16 9530 
body -1.00 3 21 9042 
body 1.50 2 13 6150 
body 1.64 2 14 6044 
body 2.47 1 5 3003 
body 1.81 3 19 9099 
body -1.98 1 6 3084 
body 2.18 1 7 3006 
body -0.92 1 7 3273 
body 3.86 1 5 3001 
body 5.56 1 3 3000 
body -10.14 1 5 3003 
body 0.20 1 5 3002 
body -3.05 1 7 3008 
body -3.52 1 5 3042 
body -2.68 1 7 3084 
body -1.28 1 7 3048 
body -2.12 1 6 3047 
body -2.73 2 13 6032 
body 1.07 2 13 6014 
body -1.36 2 12 6026 
body 2.75 1 6 3009 
body 1.03 1 6 3006 
body 2.10 1 6 3007 
body 2.55 1 7 3007 
body -2.03 1 7 3008 
body 1.96 2 12 6022 
body 0.07 3 20 8980 
body -3.07 1 6 3024 
body 0.88 2 11 6019 
body -1.91 1 7 3014 
body -1.33 2 13 6017 
body 1.32 1 6 3006 
body -0.78 2 11 6013 
body -2.75 1 7 3018 
body -2.40 1 6 3011 
body 1.54 1 7 3016 
body -0.32 3 20 9825 
body 2.21 2 14 6040 
body 0.26 2 14 6059 
body -1.42 2 14 6027 
body 3.08 1 6 3011 
body 1.33 2 13 6045 
body 0.19 1 7 3013 
body 3.68 1 6 3007 
body 2.00 3 20 9175 
body 2.94 1 7 3007 
body 4.66 1 5 3004 
body -1.45 3 17 9038 
body 0.51 3 18 9044 
body 7.86 1 6 3003 
body -0.40 2 13 6017 
body 0.83 1 6 3004 
body 0.91 3 15 9145 
body -1.74 1 3 2999 
body 1.39 1 7 3124 
body -2.07 1 7 3005 
body 1.51 2 13 8475 
body -0.98 2 11 6027 
body -0.27 3 17 9026 
body 2.52 1 5 3009 
body -3.03 1 7 4446 
body -0.88 2 12 6016 
body -2.42 1 5 3005 
body 1.46 2 12 5957 
body -1.43 1 7 3014 
body 1.42 1 7 3097 
body 4.11 1 6 3027 
body 1.78 1 6 3010 
body 1.91 1 5 3012 
body -1.77 2 12 6044 
body -1.63 1 7 4774 
body -3.32 1 7 5842 
body -1.59 2 13 6070 
body 20.20 1 7 3037 
body -5.38 1 7 3039 
body -3.38 1 7 4414 
body -2.14 1 7 3037 
body -0.56 1 7 3043 
body -3.27 2 12 7618 
body -0.63 1 6 3036 
body 4.20 1 6 3012 
body 1.04 1 7 3008 
body 2.48 1 6 3009 
body 4.98 1 5 3004 
body 3.77 1 5 3007 
body -1.88 1 5 3002 
body -1.40 1 5 3003 
body -0.61 1 7 3016 
body -1.99 1 3 3000 
body -1.96 1 6 3005 
body 0.92 3 19 9045 
body -3.30 1 7 3069 
body 0.21 1 7 3011 
body -1.13 1 5 3006 
body 4.13 1 4 3004 
body -2.79 1 4 3002 
body -2.49 1 6 3009 
body -1.18 2 9 6006 
body 1.56 2 12 6014 
body 0.74 1 6 3006 
body 1.10 3 17 8985 
body -1.09 2 11 6017 
body -1.70 1 4 3002 
body -0.19 1 4 3003 
body -2.36 1 4 3000 
body -0.36 1 7 3024 
body -0.90 3 18 9032 
body -1.39 3 18 9285 
body -4.07 1 5 3001 
body 2.27 1 5 3002 
body -2.05 1 7 3246 
body -1.08 1 6 3005 
body 1.43 1 4 3013 
body 1.77 1 6 3013 
body -0.43 1 7 3018 
body -1.14 1 7 3018 
body -1.76 1 6 3004 
body 2.89 1 6 3008 
body 0.08 1 6 3006 
body 2.71 1 7 3009 
body -0.82 3 21 9159 
body -3.14 1 7 3013 
body 1.47 2 12 6012 
body -0.64 1 7 3014 
body -1.79 1 6 3004 
body -1.41 1 7 3008 
body -2.17 1 7 3084 
body 2.05 1 7 3027 
body 1.80 1 7 3028 
body -1.57 1 7 3024 
body -1.54 1 7 3022 
body -0.77 1 7 3018 
body -0.37 1 7 3022 
body -0.20 1 7 3032 
body -0.38 1 7 3025 
up 0.78 8 49 24388 
up 1.15 3 20 12385 
up 1.18 4 22 12079 
up 0.75 6 37 18551 
up 1.23 2 12 6144 
up 1.39 4 24 12219 
up 0.06 18 119 60357 
up 0.40 11 70 36163 
up 0.66 9 60 28866 
up 1.05 5 29 17782 
up 0.10 13 86 41940 
up 0.08 10 68 34336 
up 0.76 5 34 15209 
up 0.57 9 60 29936 
up 1.19 3 20 9575 
up 1.54 1 7 3176 
up 0.09 9 61 33739 
up 0.24 18 118 59799 
up 0.89 4 27 13455 
up 0.07 12 78 38785 
up 0.22 15 98 49733 
up 0.98 2 14 6085 
up 0.19 18 118 62819 
up 0.50 14 90 42896 
up 0.13 17 104 55005 
up 0.04 8 54 26653 
up 0.14 12 74 36507 
up 0.17 13 87 44210 
up 0.54 7 46 23908 
up 0.31 12 76 41671 
up 0.25 13 88 46709 
up 0.26 10 67 34315 
up 0.43 6 35 18321 
up 0.35 11 73 37191 
up 0.34 6 41 20380 
up 0.94 3 20 9221 
up 0.48 5 34 15157 
up 0.20 17 106 53627 
up 0.15 15 98 57228 
up 0.21 13 84 43963 
up 0.30 12 80 41345 
up 0.00 14 92 64005 
up 0.44 5 33 17164 
up 0.38 5 33 19775 
up 0.02 7 47 23528 
up 0.11 14 90 46939 
up 0.33 12 81 41599 
up 0.36 9 56 30008 
up 0.73 7 47 28862 
up 0.47 19 122 68672 
up 0.41 15 100 48707 
up 0.05 10 67 34175 
up 0.37 9 60 28977 
up 0.82 6 38 20187 
up 0.28 14 94 47257 
up 0.27 7 42 23313 
up 0.51 6 39 20121 
up 0.46 3 19 12265 
up 0.79 6 33 20379 
up 0.67 9 61 29584 
up 0.42 8 50 27720 
up 0.45 12 76 38509 
up 0.29 10 64 32749 
up 0.68 7 45 23081 
up 0.12 19 121 60321 
up 0.32 14 84 44561 
up 0.53 5 35 17268 
up 1.27 1 7 5121 
up 0.70 3 21 10853 
up 0.80 6 40 19928 
up 0.18 15 94 47434 
up 0.83 7 43 22566 
up 0.01 3 20 10443 
up 1.11 5 28 16398 
up 0.55 9 58 30501 
up 0.58 10 64 34481 
up 0.84 5 31 16315 
up 1.08 4 26 13008 
up 1.66 1 7 4247 
up 1.14 1 7 4221 
up 0.03 12 78 37223 
up 0.49 7 46 22323 
up 0.62 2 11 8926 
up 0.81 9 57 27196 
up 0.23 9 58 30292 
up 1.12 4 25 12058 
up 0.91 2 12 6038 
up 1.09 1 7 3050 
up 1.38 1 7 3032 
up 1.02 3 21 9252 
up 1.20 3 18 9022 
up 0.39 13 75 39138 
up 0.97 4 25 12056 
up 1.13 3 16 9025 
up 0.16 16 105 50033 
up 0.92 3 18 9030 
up 0.60 4 28 12055 
up 0.87 2 13 7335 
up 0.64 6 41 18157 
up 0.86 7 43 22817 
up 0.52 7 47 21016 
up 0.74 5 32 15050 
up 1.01 3 18 9027 
up 0.95 2 12 6015 
up 0.71 6 39 18067 
up 0.69 5 27 15063 
up 0.65 4 24 12081 
up 1.26 3 19 9019 
up 0.61 7 42 21543 
up 2.06 1 7 3008 
up 0.99 3 18 9041 
up 0.56 9 57 27639 
up 1.03 1 6 3007 
up 1.59 2 12 10441 
up 0.59 7 43 21072 
up 1.04 1 4 3002 
up 0.63 7 42 21094 
up 1.49 2 11 6189 
up 2.21 1 4 3003 
up 1.00 1 4 3000 
up 1.90 1 6 3007 
up 1.56 1 6 3002 
up 2.18 2 10 8952 
up 1.33 1 4 3000 
up 1.58 1 4 3002 
up 1.80 1 5 3002 
up 2.16 1 6 3006 
up 1.46 1 4 3002 
up 1.17 2 13 6046 
up 0.88 3 20 9423 
up 1.72 1 6 3065 
up 2.36 1 6 3004 
up 1.35 2 13 7634 
up 1.55 1 7 3003 
up 1.06 2 12 7752 
up 2.23 1 7 3007 
up 2.13 1 5 3006 
up 1.65 2 12 6007 
up 1.21 1 7 3008 
up 0.90 1 6 3010 
up 1.70 2 10 6010 
up 2.09 2 8 6004 
up 1.16 1 7 3008 
up 5.74 1 5 3042 
up 1.36 3 20 9102 
up 0.72 6 34 18083 
up 1.81 1 7 3070 
up 3.24 1 6 3101 
up 1.31 2 14 6029 
up 1.07 3 18 9022 
up 2.92 1 4 3001 
up 1.32 1 5 3002 
up 0.77 2 13 6013 
up 1.24 2 14 6046 
up 1.87 1 7 3033 
up 3.21 1 7 3037 
up 2.42 1 7 3039 
up 2.26 1 6 3008 
up 0.93 3 18 9027 
up 1.84 1 7 3008 
up 1.68 1 5 3002 
up 1.30 3 17 9268 
up 1.71 1 7 3006 
up 2.70 1 5 3001 
up 1.29 1 6 3005 
up 2.14 1 6 3004 
up 1.10 1 7 3009 
up 0.85 2 9 6023 
up 1.37 1 5 3014 
up 1.22 1 6 3006 
down 2.01 1 7 3219 
down 0.78 9 53 28705 
down 0.69 7 42 21347 
down 0.35 9 60 28909 
down 0.21 10 67 32589 
down 0.20 12 76 43424 
down 0.80 6 38 18431 
down 0.39 12 77 38814 
down 0.18 11 73 38241 
down 0.08 12 77 41340 
down 0.72 4 26 12124 
down 0.27 8 55 24221 
down 0.90 8 52 25504 
down 0.37 15 100 53881 
down 1.62 2 11 6041 
down 0.24 15 100 50430 
down 0.14 11 75 34844 
down 0.07 12 78 42080 
down 0.11 17 108 60843 
down 1.02 6 36 18364 
down 1.67 2 13 6126 
down 1.09 4 26 12177 
down 0.47 10 65 33860 
down 0.36 11 73 36073 
down 0.87 4 27 14558 
down 0.26 15 100 55178 
down 0.58 10 66 33121 
down 0.05 8 54 27096 
down 0.41 10 64 33555 
down 0.93 7 44 21394 
down 0.50 16 98 49100 
down 0.12 6 41 18427 
down 0.82 7 48 23846 
down 0.77 12 75 37420 
down 0.75 4 24 12259 
down 0.38 8 53 28683 
down 0.06 11 67 33255 
down 0.09 7 46 21367 
down 0.33 16 105 55376 
down 0.31 8 53 28199 
down 0.52 6 39 26515 
down 1.17 2 12 9132 
down 0.30 14 90 54090 
down 0.04 11 73 38911 
down 0.79 5 31 17265 
down 1.00 6 34 20283 
down 1.28 2 14 8270 
down 0.86 3 19 11080 
down 1.24 5 33 22116 
down 0.61 9 58 31022 
down 0.42 10 68 32805 
down 0.51 11 71 39521 
down 0.02 8 52 26725 
down 0.46 7 47 27389 
down 0.44 8 49 29427 
down 0.95 3 21 11510 
down 0.62 6 37 19969 
down 1.14 4 24 14249 
down 0.28 9 60 35191 
down 0.10 15 96 49879 
down 0.98 4 25 14807 
down 0.55 6 40 20304 
down 0.43 6 42 22094 
down 0.01 5 35 19106 
down 1.16 5 33 17143 
down 0.34 6 38 20389 
down 0.22 9 58 31748 
down 1.54 1 7 4746 
down 0.76 3 20 11206 
down 0.65 7 42 25476 
down 0.57 2 13 8049 
down 0.29 10 68 32820 
down 1.07 2 11 8248 
down 0.67 7 43 22653 
down 0.68 7 45 24604 
down 0.32 10 63 35584 
down 0.17 17 112 54741 
down 0.49 12 79 37610 
down 1.31 1 7 4223 
down 0.40 9 60 28407 
down 0.25 11 70 36112 
down 0.53 8 56 25917 
down 0.85 2 14 7307 
down 0.59 6 38 19141 
down 1.87 2 13 6050 
down 0.99 5 35 15059 
down 1.06 1 7 3044 
down 0.15 12 79 36205 
down 1.30 1 7 3057 
down 0.84 5 31 15092 
down 1.94 1 7 3029 
down 0.64 7 39 21050 
down 0.96 3 18 9021 
down 0.13 10 64 31557 
down 0.00 11 71 40239 
down 0.48 9 56 27309 
down 0.16 15 99 47192 
down 1.05 3 18 9029 
down 0.23 9 61 29973 
down 0.74 5 33 15092 
down 0.83 6 41 19281 
down 0.56 12 80 36148 
down 0.63 11 69 33155 
down 0.45 10 65 30102 
down 0.73 5 33 15001 
down 0.03 7 41 21110 
down 0.81 6 38 18048 
down 0.92 3 20 9035 
down 0.54 3 19 9089 
down 1.08 3 16 8955 
down 0.66 8 52 24634 
down 0.71 6 41 18096 
down 0.88 4 22 13408 
down 1.32 1 7 3009 
down 0.19 15 97 45219 
down 0.70 5 29 15058 
down 2.41 1 6 3020 
down 1.11 5 29 14994 
down 1.41 2 13 6132 
down 0.60 4 25 12031 
down 0.89 2 12 6011 
down 2.53 1 6 3003 
down 1.25 3 19 9079 
down 1.86 1 3 3001 
down 1.88 1 4 3002 
down 1.20 3 18 9045 
down 1.58 2 10 6273 
down 2.38 1 4 3000 
down 6.33 1 5 3072 
down 2.21 1 4 3003 
down 1.23 4 24 12056 
down 4.26 1 4 3000 
down 1.51 1 5 3001 
down 1.68 1 6 3005 
down 2.64 1 4 3000 
down 1.92 3 15 9014 
down 1.55 1 4 3002 
down 1.10 1 6 3005 
down 1.01 3 18 9017 
down 2.31 1 5 3002 
down 3.48 1 6 2943 
down 1.12 3 17 9023 
down 0.91 2 11 6008 
down 1.70 1 5 3002 
down 2.63 1 6 3003 
down 1.26 3 14 9030 
down 1.82 1 5 3002 
down 2.50 1 5 3005 
down 2.02 1 6 3005 
down 1.50 1 7 3006 
down 1.59 1 5 3005 
down 1.27 2 14 6094 
down 4.30 1 3 2999 
down 1.65 1 6 3002 
down 0.97 2 10 6022 
down 1.04 3 21 9182 
down 1.39 2 12 6076 
down 2.88 1 5 3003 
down 1.22 1 6 2948 
down 1.89 1 5 3004 
down 1.90 1 3 3000 
down 2.60 1 5 3020 
down 0.94 2 13 6136 
down 1.85 1 7 2951 
down 1.99 1 7 3005 
down 1.21 1 7 3008 
down 2.90 1 4 3001 
down 1.40 1 6 3002 
down 1.03 3 19 9054 
down 1.56 1 7 3037 
down 1.64 1 7 3039 
down 1.18 1 7 4414 
down 2.22 1 5 3003 
down 1.15 1 6 3008 
down 1.44 1 5 3005 
down 2.03 1 4 3003 
down 1.42 1 6 3008 
down 2.13 1 7 3028 
down 2.72 1 5 3001 
down 1.43 1 5 3002 
down 1.93 1 4 3013 
down 2.07 1 6 3005 
down 1.13 1 7 3033 
down 4.48 1 6 3009 
