open 4.5700 1 7 9024 
open 4.5400 5 35 46555 
open 4.6600 1 7 8428 
open 4.7800 1 7 9056 
open 4.8000 3 21 28256 
open 4.6400 2 14 18627 
open 4.5500 4 28 37824 
open 4.4300 3 21 27734 
open 4.4200 7 49 64931 
open 4.3400 1 7 9367 
open 4.3000 1 7 9341 
open 4.3200 3 21 27199 
open 4.3700 2 14 18298 
open 4.3600 4 28 37404 
open 4.5100 2 14 18580 
open 4.3300 2 14 19010 
open 4.4000 3 21 28188 
open 4.2500 2 14 19025 
open 4.2400 2 14 18908 
open 4.2300 1 7 9416 
open 4.2200 2 14 19363 
open 4.1700 1 7 9578 
open 4.2000 1 7 9619 
open 4.1900 1 7 9614 
open 4.1800 1 7 9646 
open 4.1600 2 14 19227 
open 4.2800 2 14 19163 
open 4.4100 1 7 9528 
open 4.5000 5 35 48074 
open 4.5800 2 14 19064 
open 4.1300 1 7 9626 
open 4.1400 1 7 9415 
open 4.0700 1 7 9572 
open 4.0500 1 7 9510 
open 4.4400 1 7 9633 
open 4.5900 4 28 38471 
open 4.6000 4 28 38067 
open 4.7200 2 14 18965 
open 4.6100 2 14 18975 
open 4.2900 3 21 28687 
open 4.3900 1 7 9500 
open 4.4700 3 21 28592 
open 4.4900 2 14 19100 
open 4.5300 1 7 9524 
open 4.5600 4 28 38139 
open 4.5200 3 21 28650 
open 4.6200 2 14 19093 
open 4.8500 1 7 9528 
open 5.0500 1 7 9489 
open 4.8800 1 7 9525 
open 4.8400 3 21 28619 
open 4.8300 2 14 18965 
open 4.9200 1 7 9582 
open 5.0300 2 14 19006 
open 5.0000 2 14 19117 
open 4.8600 1 7 9467 
open 4.6300 4 28 38379 
open 4.4600 3 21 28647 
open 4.4800 1 7 9509 
open 4.7500 3 21 28679 
open 4.7900 2 14 19064 
open 4.7300 1 7 9580 
open 4.8900 1 7 9504 
open 4.6500 1 7 9582 
open 4.4500 2 14 19188 
open 4.7600 1 7 9626 
open 4.7100 1 7 9556 
open 5.1300 1 7 9463 
open 4.9100 2 14 18975 
open 4.9700 2 14 19111 
open 4.9600 1 7 9563 
open 5.2300 1 7 9495 
open 5.1800 2 14 18749 
open 5.1000 1 7 9355 
open 5.0700 1 7 9487 
open 5.0400 1 7 9483 
open 5.3500 1 7 9504 
open 5.2700 1 7 9518 
open 5.4700 1 7 9555 
open 5.6100 1 7 9410 
open 5.6000 1 7 9524 
open 5.7000 1 7 9763 
open 5.9200 1 7 9551 
open 6.2800 1 7 9090 
open 6.5600 1 7 9153 
open 6.3000 1 7 9164 
open 6.5100 2 14 18100 
open 6.0900 1 7 9177 
open 6.3600 1 7 9111 
open 6.7500 1 7 9062 
open 6.5800 1 7 8935 
open 6.7000 4 28 36323 
open 7.0900 1 7 9068 
open 7.1300 1 7 9131 
open 7.6900 1 7 9078 
open 7.7500 1 7 8954 
open 8.2200 1 7 9085 
open 7.4100 1 7 8824 
open 6.6400 2 14 17899 
open 6.2400 1 7 8952 
open 6.0700 1 7 8874 
open 5.5800 1 7 8837 
open 5.6500 1 7 8981 
open 6.0600 1 7 9120 
open 6.0300 1 7 9034 
open 5.7500 1 7 9064 
open 5.7100 1 7 9030 
open 5.8500 1 7 9003 
open 5.8300 1 7 9044 
open 5.9400 1 7 8907 
open 6.3700 1 7 8939 
open 6.5500 2 14 17878 
open 6.2200 2 14 17961 
open 6.6700 2 14 18206 
open 6.5400 1 7 9056 
open 6.7300 1 7 9055 
open 6.1600 1 7 9102 
open 6.3500 1 7 9001 
open 7.0200 3 21 27323 
open 7.0000 2 14 18128 
open 7.1400 1 7 8961 
open 7.2900 1 7 8948 
open 6.9900 1 7 9018 
open 7.4800 1 7 9049 
open 7.5300 2 14 18313 
open 7.6800 1 7 9017 
open 7.7700 2 14 17961 
open 6.8700 2 14 18408 
open 6.9700 2 14 18414 
open 6.4100 1 7 9133 
open 6.6000 2 14 18415 
open 7.3000 1 7 9098 
open 7.5100 1 7 8994 
open 7.2100 1 7 9078 
open 7.4900 1 7 9058 
open 7.3500 1 7 9089 
open 6.9100 1 7 9174 
open 6.9500 1 7 9167 
open 7.0300 1 7 9144 
open 7.1600 1 7 9154 
open 7.2200 3 21 27394 
open 7.0700 1 7 9165 
open 7.3800 1 7 9059 
open 7.3900 1 7 9172 
open 7.2400 1 7 9176 
open 7.2600 2 14 18224 
open 7.0500 1 7 9119 
open 6.8400 1 7 9065 
open 7.0400 1 7 9120 
open 6.9300 2 14 18206 
open 6.9800 1 7 9148 
open 7.0100 1 7 9120 
open 6.9400 1 7 9049 
open 6.7100 1 7 9179 
open 7.2700 1 7 9095 
open 7.3400 1 7 8964 
open 7.7900 1 7 9052 
open 7.7600 1 7 9103 
open 7.4300 1 7 9113 
open 7.5900 1 7 9111 
open 7.7400 1 7 9004 
open 8.1500 1 7 9142 
open 8.2800 1 7 8965 
open 8.6800 1 7 8832 
open 8.4500 1 7 8920 
open 8.2400 1 7 9112 
open 8.6500 1 7 9081 
open 9.1600 1 7 8727 
open 8.9000 1 7 8956 
open 9.0000 1 7 8803 
open 9.1900 1 7 8744 
open 9.8300 1 7 8802 
open 9.3000 1 7 8733 
open 9.3200 1 7 8923 
open 9.5500 1 7 9002 
open 9.7400 1 7 8786 
open 10.0800 1 7 8906 
open 10.1900 1 7 8912 
open 10.4900 1 7 8908 
open 10.8100 1 7 8672 
open 11.6500 1 7 8403 
open 12.5400 1 7 8640 
open 14.0600 2 14 13687 
open 12.5500 2 14 15270 
open 14.3800 1 7 8184 
open 14.4300 2 14 15149 
open 13.5500 1 7 7903 
open 12.9400 1 7 8375 
open 12.9700 1 7 8117 
open 11.9000 1 7 7951 
open 9.7100 1 7 8174 
open 10.2700 1 7 8487 
open 10.1800 1 7 8819 
open 11.2600 1 7 8833 
open 11.5200 1 7 8096 
open 10.5800 1 7 8237 
open 10.9400 1 7 8469 
open 11.7300 1 7 8140 
open 12.1500 1 7 8146 
open 12.1100 1 7 8068 
open 12.2500 1 7 8038 
open 12.2600 2 14 15463 
open 12.9800 2 14 15333 
open 10.9900 1 7 7204 
open 10.7800 1 7 7408 
open 11.3700 1 7 7449 
open 10.7700 1 7 7204 
open 11.1700 1 7 7227 
open 11.6700 1 7 7304 
open 11.7600 1 7 7675 
open 12.6000 1 7 7692 
open 12.7700 2 14 15407 
open 13.0400 2 14 15673 
open 13.7300 1 7 7788 
open 13.7600 1 7 7476 
open 13.8500 1 7 7468 
open 12.6400 1 7 8060 
open 12.6700 2 14 15503 
open 13.1700 1 7 7256 
open 12.4600 1 7 7431 
open 13.2300 1 7 7504 
open 13.3300 2 14 15014 
open 13.6100 2 14 14684 
open 13.8400 1 7 7792 
open 13.8200 1 7 7338 
open 14.1700 1 7 6894 
open 12.8900 2 14 15385 
open 13.2700 1 7 7671 
open 13.3400 1 7 7701 
open 13.3800 1 7 7922 
open 13.8800 1 7 7668 
open 13.9400 1 7 7613 
open 13.7700 2 14 13233 
open 13.2900 1 7 7687 
open 13.4600 1 7 7648 
open 13.1900 2 14 12717 
open 12.9000 2 14 15839 
open 13.1400 1 7 7839 
open 13.7200 1 7 7797 
open 13.3100 1 7 7803 
open 12.2100 1 7 7966 
open 12.5800 1 7 8090 
open 13.2400 1 7 7672 
open 12.8300 1 7 7823 
open 11.5400 2 14 12494 
open 11.7200 1 7 7955 
open 12.2800 1 7 7677 
open 12.6500 1 7 7578 
open 13.0200 1 7 7418 
open 13.4300 1 7 7411 
open 13.4700 1 7 7404 
open 13.5600 1 7 7367 
open 14.1300 1 7 7135 
open 15.5700 1 7 5642 
open 14.6000 2 14 12908 
open 14.7000 1 7 7068 
open 14.4600 1 7 6937 
open 14.3100 2 14 13636 
open 14.0000 1 7 8270 
open 14.4800 1 7 8634 
open 14.7400 1 7 7277 
open 15.6500 1 7 6559 
open 15.8800 1 7 6593 
open 16.0200 1 7 6796 
open 16.7200 1 7 6852 
open 16.3300 1 7 6723 
open 17.1500 2 14 12293 
open 17.5200 1 7 6615 
open 18.7800 1 7 5963 
open 19.7800 1 7 5545 
open 19.6500 1 7 5707 
open 19.7600 1 7 6127 
open 17.8900 1 7 5962 
open 16.9200 1 7 6132 
open 17.7400 1 7 6200 
open 17.7900 1 7 6365 
open 17.6900 1 7 6405 
open 16.5600 2 14 11591 
open 16.8400 1 7 6533 
open 16.7000 1 7 6665 
open 17.6300 1 7 6938 
open 17.4900 1 7 6555 
open 16.7900 1 7 6526 
open 16.6200 1 7 6625 
open 17.0200 1 7 6934 
open 16.6500 1 7 6657 
open 18.0700 1 7 6657 
open 17.7300 2 14 11492 
open 18.9300 1 7 5597 
open 17.9500 1 7 5818 
open 17.3400 1 7 5713 
open 16.4300 1 7 5391 
open 14.5700 1 7 5082 
open 13.2800 1 7 5700 
open 13.5700 1 7 5833 
open 13.0900 2 14 10901 
open 11.3000 1 7 4770 
open 10.5200 1 7 4322 
open 11.9900 1 7 4884 
open 11.0000 1 7 5192 
open 10.1400 1 7 4885 
open 9.2300 1 7 4947 
open 10.2600 1 7 5214 
open 9.7800 1 7 5457 
open 9.6100 1 7 5438 
open 10.2900 1 7 6194 
open 9.5600 1 7 5517 
open 9.8100 1 7 5670 
open 11.2300 1 7 5902 
open 10.3000 1 7 7035 
open 10.9700 1 7 6632 
open 11.4300 1 7 5537 
open 10.7200 1 7 5875 
open 11.1600 1 7 5442 
open 12.0500 1 7 5572 
open 12.4200 1 7 5851 
open 12.8200 1 7 5882 
open 12.5700 1 7 6310 
open 12.7400 1 7 5984 
open 13.4400 1 7 6404 
open 12.9200 1 7 6285 
open 12.2900 1 7 7049 
open 12.7000 1 7 6481 
open 12.0200 1 7 6244 
open 12.4300 1 7 6521 
open 13.3200 1 7 6326 
open 14.2300 1 7 6327 
open 14.1400 1 7 6587 
open 14.5900 1 7 5902 
open 15.9600 1 7 5515 
open 15.1900 1 7 5977 
open 14.1500 1 7 6197 
open 13.9000 1 7 6465 
open 13.6200 1 7 6603 
open 13.0800 1 7 6435 
open 12.9100 1 7 6751 
open 13.5200 1 7 6591 
open 13.6900 1 7 6456 
open 14.0200 1 7 6380 
open 14.2700 1 7 6448 
open 14.9900 1 7 5623 
open 17.0100 1 7 5218 
open 16.1600 1 7 5813 
open 17.3000 1 7 5667 
open 17.8200 1 7 5533 
open 17.4700 1 7 5399 
open 16.6900 1 7 5734 
open 17.2100 1 7 5815 
open 17.3100 1 7 5754 
open 18.3800 1 7 5737 
open 18.5500 2 14 11612 
open 19.0800 1 7 4823 
open 17.5800 1 7 5309 
open 17.3700 1 7 5270 
open 16.9600 2 14 13579 
open 17.0800 1 7 6562 
open 18.2400 2 14 12150 
open 18.7400 1 7 5273 
open 16.7600 1 7 5280 
open 16.7100 1 7 5337 
open 15.4600 1 7 5763 
open 16.1200 1 7 5739 
open 15.8100 1 7 5705 
open 16.8800 1 7 6197 
open 17.2500 2 14 12966 
open 17.4400 1 7 6542 
open 17.9200 1 7 6322 
open 18.1900 1 7 6199 
open 17.8500 1 7 6554 
open 18.1600 1 7 6383 
open 17.8100 1 7 5313 
open 19.2800 1 7 5639 
open 18.9000 1 7 5383 
open 18.0400 1 7 6252 
open 18.4000 1 7 5836 
open 18.8100 1 7 6370 
open 18.4900 1 7 6318 
open 17.80 1 7 6469 
open 18.23 1 7 6475 
open 17.68 3 21 18131 
open 17.62 1 7 6682 
open 18.39 1 7 6740 
open 18.27 1 7 6769 
open 18.47 1 7 6772 
open 18.34 1 7 6744 
open 19.29 1 7 6905 
open 19.83 1 7 6592 
open 20.46 1 7 6442 
open 20.92 1 7 6438 
open 21.73 1 7 6187 
open 22.83 1 7 5398 
open 23.31 1 7 4804 
open 23.40 1 7 4856 
open 24.18 1 7 4987 
open 24.89 1 7 4277 
open 26.95 1 7 3597 
open 25.42 1 7 3886 
open 27.47 1 7 4822 
open 28.10 1 7 3988 
open 28.76 1 7 4122 
open 29.48 1 7 4345 
open 29.31 1 7 6039 
open 30.25 1 7 5086 
open 29.77 1 7 4558 
open 29.46 1 7 4940 
open 28.85 1 7 4231 
open 26.85 1 7 4451 
open 28.56 1 7 4893 
open 30.26 1 7 4857 
open 30.73 1 7 4868 
open 33.11 1 7 4179 
open 34.67 1 7 4096 
open 35.99 1 7 3949 
open 34.09 1 7 4116 
open 36.34 1 7 4208 
open 36.99 1 7 4409 
open 39.14 1 7 4120 
open 40.09 1 7 3813 
open 43.86 1 7 4512 
open 45.61 1 7 3293 
open 41.33 1 7 3404 
open 38.62 1 7 3307 
open 34.13 1 7 3577 
open 36.62 1 7 3980 
open 38.44 1 7 3810 
open 37.15 1 7 3902 
open 35.44 1 7 4109 
open 36.42 1 7 4193 
open 33.86 1 7 4902 
open 35.40 1 7 4327 
open 36.11 1 7 3797 
open 39.28 1 7 3790 
open 40.78 1 7 4061 
open 40.65 1 7 3484 
open 38.13 1 7 3821 
open 39.90 1 7 3793 
open 42.07 1 7 3627 
open 41.29 1 7 4356 
open 41.91 1 7 3799 
open 41.06 1 7 3881 
open 39.80 1 7 3490 
open 31.81 1 7 3392 
open 30.06 1 7 3661 
open 32.06 2 14 7918 
open 31.83 2 14 8389 
open 32.95 1 7 3751 
open 33.13 1 7 3891 
open 34.88 1 7 3835 
open 34.52 1 7 3621 
open 32.72 1 7 4237 
open 31.89 1 7 4118 
open 32.66 1 7 4104 
open 30.74 1 7 3917 
open 29.53 1 7 5768 
open 28.64 1 7 5199 
open 29.68 1 7 4191 
open 29.89 1 7 4569 
open 30.02 1 7 4260 
open 33.23 1 7 4169 
open 34.10 1 7 4182 
open 33.57 1 7 4541 
open 34.33 1 7 4386 
open 36.91 1 7 3912 
open 32.92 1 7 4149 
open 33.41 1 7 4171 
open 32.02 1 7 4431 
open 32.56 1 7 4611 
open 32.60 1 7 5273 
open 31.61 1 7 4706 
open 31.68 1 7 5094 
open 30.80 1 7 5210 
open 30.97 1 7 5081 
open 29.44 2 14 8925 
open 27.71 1 7 4126 
open 28.14 1 7 4149 
open 27.82 1 7 4027 
open 28.49 1 7 4237 
open 28.92 1 7 4548 
open 28.42 1 7 4391 
open 27.06 1 7 4607 
open 28.18 1 7 4844 
open 26.87 1 7 4794 
open 27.27 1 7 4871 
open 26.93 1 7 4798 
open 27.97 1 7 5159 
open 28.06 1 7 5331 
open 27.79 1 7 5676 
open 29.22 1 7 4857 
open 30.85 1 7 5167 
open 32.28 1 7 4699 
open 33.50 1 7 4280 
open 34.79 1 7 4311 
open 33.79 1 7 4560 
open 34.54 1 7 4952 
open 33.84 1 7 4780 
open 33.01 1 7 4747 
open 31.69 1 7 4877 
open 31.97 1 7 4410 
open 32.46 1 7 4629 
open 33.14 1 7 5293 
open 33.99 1 7 4754 
open 32.86 1 7 4961 
open 32.96 1 7 4905 
open 31.63 1 7 6046 
open 29.90 1 7 6163 
open 30.30 1 7 4623 
open 30.41 1 7 4950 
open 31.37 1 7 5107 
open 32.18 1 7 5032 
open 31.36 1 7 5091 
open 31.79 1 7 5097 
open 31.16 1 7 5171 
open 29.39 1 7 4694 
open 28.66 1 7 5141 
open 29.15 1 7 5204 
open 28.93 1 7 5504 
open 28.74 1 7 5926 
open 27.26 1 7 4872 
open 27.96 1 7 4241 
open 23.45 1 7 3965 
open 22.91 1 7 4492 
open 24.32 1 7 4760 
open 23.82 1 7 4667 
open 23.41 1 7 4118 
open 22.40 1 7 4866 
open 22.31 1 7 4933 
open 22.53 1 7 4885 
open 21.70 1 7 5368 
open 21.67 2 14 10283 
open 19.61 2 14 9700 
open 19.41 2 14 11281 
open 19.24 1 7 5404 
open 19.94 1 7 5139 
open 20.35 1 7 5354 
open 19.75 1 7 5371 
open 19.51 1 7 4900 
open 21.43 1 7 4451 
open 22.98 1 7 4575 
open 24.52 1 7 4599 
open 24.28 1 7 4909 
open 23.01 1 7 4685 
open 21.69 1 7 4377 
open 21.72 1 7 5116 
open 21.14 1 7 4906 
open 22.29 1 7 4823 
open 21.23 1 7 5132 
open 22.72 1 7 5540 
open 22.50 1 7 5578 
open 20.69 1 7 5651 
open 20.34 1 7 5655 
open 19.84 2 14 11747 
open 19.07 1 7 5578 
open 20.39 1 7 5559 
open 19.87 2 14 12122 
open 19.46 2 14 12976 
open 19.43 1 7 6306 
open 20.25 1 7 6366 
open 19.88 1 7 5810 
open 19.49 1 7 5626 
open 19.48 1 7 5890 
open 20.21 2 14 10535 
open 21.91 1 7 5425 
open 21.85 1 7 5262 
open 21.16 1 7 5842 
open 20.87 1 7 5374 
open 20.84 1 7 5624 
open 19.95 2 14 11465 
open 19.74 2 14 12978 
open 20.04 1 7 6139 
open 19.52 2 14 12983 
open 19.58 1 7 6186 
open 19.39 1 7 6704 
open 19.06 1 7 6245 
open 18.79 1 7 6669 
open 19.18 1 7 6262 
open 19.71 1 7 5989 
open 20.88 1 7 6071 
open 21.03 1 7 6599 
open 21.01 1 7 6298 
open 20.68 1 7 6350 
open 20.94 1 7 6401 
open 20.53 1 7 6573 
open 19.92 1 7 6681 
open 19.44 1 7 6755 
open 19.36 1 7 6966 
open 19.17 1 7 6722 
open 19.01 1 7 6634 
open 18.69 1 7 7862 
open 16.94 5 35 27831 
open 17.23 1 7 6028 
open 17.34 1 7 6087 
open 17.48 1 7 6274 
open 17.20 1 7 5499 
open 16.02 1 7 5302 
open 15.69 2 14 8315 
open 16.15 2 14 8742 
open 16.67 2 14 8777 
open 16.41 2 14 8899 
open 17.09 1 7 5216 
open 15.73 1 7 5556 
open 15.74 1 7 6794 
open 15.68 1 7 7168 
open 16.51 3 21 14087 
open 17.04 1 7 5272 
open 17.97 1 7 5210 
open 18.00 1 7 6131 
open 17.30 1 7 5607 
open 16.93 3 21 14916 
open 16.48 3 21 11790 
open 16.32 1 7 5656 
open 16.29 2 14 9218 
open 15.63 2 14 9061 
open 15.54 1 7 5493 
open 16.63 2 14 12012 
open 16.83 3 21 16239 
open 16.17 1 7 5926 
open 16.01 2 14 9370 
open 16.60 1 7 5808 
open 16.57 2 14 9244 
open 16.50 1 7 5626 
open 17.10 1 7 6249 
open 16.72 1 7 6148 
open 16.78 1 7 6045 
open 15.96 2 14 9351 
open 16.00 2 14 9473 
open 15.82 3 21 13236 
open 15.70 1 7 6632 
open 15.11 3 21 15577 
open 15.34 1 7 6469 
open 14.83 1 7 6213 
open 14.68 1 7 6355 
open 14.56 1 7 6448 
open 15.31 2 14 9306 
open 14.85 1 7 5607 
open 14.69 1 7 5650 
open 14.60 2 14 12892 
open 14.78 2 14 9539 
open 14.38 2 14 9501 
open 14.77 1 7 6503 
open 15.89 1 7 6204 
open 15.90 1 7 6445 
open 15.85 2 14 13187 
open 15.26 2 14 12940 
open 14.41 1 7 6764 
open 14.17 3 21 20123 
open 14.15 2 14 9936 
open 13.75 1 7 6490 
open 14.25 1 7 7649 
open 13.94 1 7 7562 
open 13.97 2 14 9398 
open 13.78 1 7 6757 
open 14.02 1 7 6713 
open 14.46 1 7 6822 
open 14.28 1 7 6133 
open 15.24 1 7 5818 
open 15.23 1 7 6175 
open 15.27 1 7 6019 
open 14.80 1 7 5821 
open 15.35 3 21 15529 
open 15.84 1 7 6834 
open 16.11 2 14 9632 
open 17.16 2 14 8576 
open 17.44 1 7 5632 
open 17.07 1 7 5828 
open 17.21 1 7 5881 
open 16.21 1 7 6282 
open 15.99 1 7 6408 
open 16.37 2 14 9229 
open 17.36 1 7 5839 
open 17.22 1 7 5622 
open 17.76 1 7 5080 
open 20.12 1 7 5361 
open 20.60 1 7 6121 
open 19.89 1 7 5786 
open 19.79 1 7 5739 
open 18.85 1 7 6072 
open 18.61 1 7 6271 
open 18.87 1 7 6110 
open 19.21 1 7 5797 
open 19.15 1 7 5735 
open 17.77 1 7 5540 
open 17.51 1 7 6286 
open 17.60 1 7 6671 
open 17.74 1 7 6406 
open 18.37 1 7 5891 
open 18.35 1 7 4349 
open 17.06 2 14 12812 
open 16.58 1 7 5158 
open 16.69 1 7 5930 
open 16.88 1 7 5501 
open 16.07 1 7 6930 
open 15.95 1 7 6651 
open 16.27 1 7 5575 
open 16.77 1 7 5900 
open 17.17 2 14 9258 
open 17.08 1 7 6017 
open 17.54 1 7 6247 
open 17.93 1 7 6793 
open 17.95 1 7 6685 
open 18.29 1 7 6597 
open 17.47 1 7 6773 
open 16.87 1 7 6952 
open 17.53 1 7 6972 
open 18.12 1 7 6975 
open 18.26 1 7 6835 
open 18.32 1 7 7092 
open 18.28 1 7 6934 
open 17.58 1 7 7500 
open 16.19 1 7 7598 
open 16.85 2 14 10556 
open 17.33 1 7 7353 
open 16.82 1 7 3026 
open 16.10 1 7 3266 
open 16.26 2 14 6560 
open 16.46 2 14 6562 
open 16.68 2 14 6606 
open 16.62 2 14 6553 
open 17.40 1 7 3279 
open 17.89 1 7 3276 
open 17.86 1 7 3269 
open 17.28 1 7 3273 
open 16.79 1 7 3275 
open 17.12 2 14 6934 
open 17.02 2 14 6626 
open 16.95 2 14 6714 
open 17.00 1 7 3343 
open 16.09 1 7 3331 
open 15.71 1 7 3336 
open 16.64 1 7 3429 
open 16.56 2 14 6546 
open 16.45 1 7 3280 
open 16.80 1 7 3279 
open 16.18 1 7 3210 
open 16.40 1 7 3263 
open 16.75 1 7 3271 
open 16.70 1 7 4456 
open 16.47 1 7 3273 
open 16.54 1 7 3339 
open 16.25 1 7 3274 
open 15.55 1 7 3287 
open 15.46 1 7 3278 
open 15.49 1 7 3283 
open 15.36 1 7 3297 
open 15.04 1 7 3296 
open 14.74 2 14 6366 
open 14.71 1 7 3274 
open 14.14 1 7 3288 
open 14.11 1 7 3289 
open 14.45 2 14 6204 
open 14.70 1 7 3039 
open 14.65 1 7 3044 
open 14.52 1 7 3032 
open 14.31 1 7 3038 
open 14.13 1 7 3044 
open 14.51 1 7 3051 
open 14.54 1 7 3045 
open 14.62 1 7 3224 
open 14.75 1 7 3209 
open 15.47 1 7 3026 
open 15.56 1 7 3037 
open 15.83 1 7 3038 
open 15.91 1 7 3047 
open 15.42 2 14 6026 
open 15.09 1 7 3036 
open 15.21 1 7 3037 
open 14.99 2 14 6062 
open 14.81 2 14 6082 
open 14.93 1 7 3031 
open 14.90 1 7 3033 
open 14.44 1 7 3028 
open 14.34 1 7 3022 
open 14.73 1 7 3036 
open 15.30 1 7 3024 
open 15.37 1 7 3033 
open 15.07 1 7 3033 
open 15.53 1 7 3033 
open 16.34 1 7 3027 
hight 4.6500 3 21 28032 
hight 4.7900 2 14 18501 
hight 4.8800 3 21 27466 
hight 5.0100 2 14 18629 
hight 4.8100 1 7 9080 
hight 4.6600 4 28 37183 
hight 4.5500 3 21 28071 
hight 4.4600 5 35 46947 
hight 4.5300 3 21 27468 
hight 4.4500 2 14 18450 
hight 4.4300 2 14 18641 
hight 4.3600 3 21 28018 
hight 4.4800 2 14 18612 
hight 4.3900 1 7 9359 
hight 4.4000 3 21 27885 
hight 4.6200 5 35 46846 
hight 4.5100 1 7 9039 
hight 4.3700 2 14 18818 
hight 4.5000 6 42 56892 
hight 4.2600 3 21 28715 
hight 4.3000 2 14 18759 
hight 4.2900 1 7 9416 
hight 4.2800 4 28 38668 
hight 4.2300 1 7 9578 
hight 4.2400 2 14 19124 
hight 4.2000 1 7 9646 
hight 4.7000 2 14 19047 
hight 4.6400 4 28 38215 
hight 4.6700 3 21 28592 
hight 4.5200 2 14 19317 
hight 4.1900 1 7 9626 
hight 4.1800 1 7 9415 
hight 4.1100 1 7 9572 
hight 4.5900 4 28 38261 
hight 4.6100 2 14 19423 
hight 4.7600 1 7 9460 
hight 4.8500 3 21 28489 
hight 4.3300 1 7 9546 
hight 4.5600 3 21 28611 
hight 4.6000 2 14 19055 
hight 4.7200 2 14 19027 
hight 4.7300 1 7 9511 
hight 4.5700 2 14 19113 
hight 4.6300 1 7 9580 
hight 4.6900 2 14 19101 
hight 4.8300 1 7 9525 
hight 5.1200 2 14 18883 
hight 5.0800 2 14 19093 
hight 4.9300 1 7 9525 
hight 4.9000 1 7 9544 
hight 4.9600 1 7 9530 
hight 5.0400 2 14 19105 
hight 5.1100 1 7 9523 
hight 5.0700 1 7 9513 
hight 4.5800 3 21 28695 
hight 4.4100 1 7 9574 
hight 4.5400 1 7 9590 
hight 4.7800 3 21 28664 
hight 4.7500 2 14 19358 
hight 4.9100 2 14 19183 
hight 4.8200 1 7 9580 
hight 4.8900 1 7 9552 
hight 4.9400 1 7 9504 
hight 4.7100 1 7 9585 
hight 4.6800 1 7 9567 
hight 4.4900 1 7 9592 
hight 4.8600 2 14 19231 
hight 5.1900 2 14 18931 
hight 5.0500 2 14 18975 
hight 5.1400 1 7 9538 
hight 5.2400 1 7 9563 
hight 5.3200 1 7 9495 
hight 5.3000 1 7 9386 
hight 5.3300 1 7 9363 
hight 4.9500 1 7 9435 
hight 5.1800 2 14 18970 
hight 5.3900 1 7 9483 
hight 5.3800 1 7 9504 
hight 5.5100 1 7 9518 
hight 5.6100 1 7 9555 
hight 5.6700 1 7 9410 
hight 5.7200 1 7 9524 
hight 5.9800 1 7 9763 
hight 6.3800 1 7 9551 
hight 6.7300 1 7 9090 
hight 6.5900 1 7 9153 
hight 6.5400 2 14 18071 
hight 6.6100 2 14 18220 
hight 6.4400 1 7 9177 
hight 6.7500 1 7 9111 
hight 6.8400 3 21 27434 
hight 6.9900 2 14 17984 
hight 7.1400 2 14 18018 
hight 7.2400 1 7 9068 
hight 7.7100 2 14 18216 
hight 7.7600 1 7 9078 
hight 8.4200 1 7 8954 
hight 8.2400 1 7 9085 
hight 7.4300 3 21 26961 
hight 6.6500 2 14 17882 
hight 6.2700 1 7 8952 
hight 6.1200 1 7 8874 
hight 5.8800 1 7 8837 
hight 6.0800 1 7 8981 
hight 6.2200 1 7 9120 
hight 6.1000 1 7 9034 
hight 5.7800 1 7 9064 
hight 6.0200 1 7 9030 
hight 6.1600 1 7 9003 
hight 6.0400 1 7 9044 
hight 6.7200 2 14 18157 
hight 6.5700 1 7 8937 
hight 6.8600 1 7 9009 
hight 6.7400 1 7 9031 
hight 6.9500 1 7 9029 
hight 6.7900 1 7 9056 
hight 6.7800 2 14 18219 
hight 6.2400 1 7 8969 
hight 6.3600 1 7 9102 
hight 6.6300 1 7 9001 
hight 7.0600 1 7 8941 
hight 7.2800 3 21 27271 
hight 7.4800 1 7 8961 
hight 7.3900 1 7 8948 
hight 7.5300 2 14 18116 
hight 7.6100 1 7 9049 
hight 7.7800 2 14 18071 
hight 8.1300 1 7 9017 
hight 6.8900 1 7 9110 
hight 7.0100 1 7 9249 
hight 7.0000 1 7 9266 
hight 7.3700 1 7 9013 
hight 7.5100 1 7 8994 
hight 7.5200 1 7 9078 
hight 7.6200 1 7 9058 
hight 6.9800 1 7 9174 
hight 7.1800 1 7 9167 
hight 7.2600 1 7 9144 
hight 7.2300 1 7 9154 
hight 7.3200 1 7 9211 
hight 7.2200 1 7 9040 
hight 7.1200 2 14 18224 
hight 7.0900 2 14 18346 
hight 7.2000 1 7 9162 
hight 7.4500 1 7 9148 
hight 7.5900 1 7 9059 
hight 7.4700 1 7 9172 
hight 7.4200 1 7 9176 
hight 7.3000 1 7 9200 
hight 7.1100 1 7 9119 
hight 7.0700 2 14 18250 
hight 7.1600 1 7 9158 
hight 7.2100 1 7 9120 
hight 7.0500 1 7 9179 
hight 7.4400 1 7 9095 
hight 7.5700 1 7 9024 
hight 7.8800 2 14 18082 
hight 7.8600 1 7 9052 
hight 7.8000 1 7 9103 
hight 7.6400 1 7 9113 
hight 7.8100 1 7 9111 
hight 8.1900 1 7 9004 
hight 8.3500 1 7 9142 
hight 8.7300 1 7 8965 
hight 9.2100 1 7 8832 
hight 8.6400 1 7 8920 
hight 8.7100 1 7 9112 
hight 9.1700 1 7 9081 
hight 9.2200 1 7 8727 
hight 9.2600 1 7 8956 
hight 9.2000 1 7 8803 
hight 9.9100 2 14 17546 
hight 9.6700 1 7 8733 
hight 9.5900 1 7 8923 
hight 9.7800 1 7 9002 
hight 10.3000 1 7 8786 
hight 10.2200 1 7 8906 
hight 10.5500 1 7 8912 
hight 10.9200 1 7 8908 
hight 11.9100 1 7 8672 
hight 12.9900 1 7 8403 
hight 14.0900 2 14 16308 
hight 14.7100 2 14 15220 
hight 14.3900 2 14 14945 
hight 14.5500 2 14 15551 
hight 15.1900 1 7 7868 
hight 14.0300 1 7 7903 
hight 13.3800 2 14 15998 
hight 13.1200 3 21 23841 
hight 11.9700 2 14 15639 
hight 10.3600 1 7 8174 
hight 10.7200 1 7 8487 
hight 11.2800 2 14 17056 
hight 11.6300 1 7 8833 
hight 11.8100 1 7 8096 
hight 11.7800 1 7 8469 
hight 12.5600 1 7 8140 
hight 12.6600 2 14 13718 
hight 12.4200 1 7 8068 
hight 12.6400 1 7 8038 
hight 13.2000 1 7 7757 
hight 13.1900 2 14 15025 
hight 11.3700 2 14 13079 
hight 11.4600 1 7 7408 
hight 11.7700 1 7 7449 
hight 11.4500 1 7 7204 
hight 11.8900 1 7 7227 
hight 12.0700 1 7 7304 
hight 12.2600 2 14 13117 
hight 12.7300 1 7 7706 
hight 13.1500 2 14 13977 
hight 13.7600 2 14 13071 
hight 14.1600 1 7 7788 
hight 13.9700 1 7 7476 
hight 13.8600 1 7 7468 
hight 12.7700 1 7 8060 
hight 13.1700 3 21 20557 
hight 12.9300 1 7 7431 
hight 13.2500 1 7 7219 
hight 13.5100 1 7 7504 
hight 13.8000 1 7 7580 
hight 13.9300 2 14 13161 
hight 14.0700 1 7 7792 
hight 13.1100 1 7 7423 
hight 13.4800 1 7 7671 
hight 13.4500 1 7 7701 
hight 13.9800 2 14 15326 
hight 14.0600 1 7 7613 
hight 13.8500 2 14 14286 
hight 13.5500 1 7 7687 
hight 13.4900 1 7 7648 
hight 13.2300 1 7 7899 
hight 13.7800 2 14 15636 
hight 13.3400 1 7 7945 
hight 13.3600 1 7 7803 
hight 12.6500 1 7 7966 
hight 12.9600 1 7 8090 
hight 13.4700 1 7 7962 
hight 13.2600 1 7 7672 
hight 13.1300 2 14 14258 
hight 13.1600 1 7 7682 
hight 12.7100 1 7 7258 
hight 12.3200 1 7 7955 
hight 12.7500 1 7 7677 
hight 13.0600 1 7 7578 
hight 13.6800 1 7 7418 
hight 13.8400 1 7 7411 
hight 13.5400 1 7 7434 
hight 13.8800 1 7 7223 
hight 15.5800 1 7 7135 
hight 16.1900 1 7 5642 
hight 15.1100 1 7 6553 
hight 14.9800 1 7 7068 
hight 14.5200 1 7 6937 
hight 14.7500 1 7 7313 
hight 14.7800 1 7 7281 
hight 14.5400 1 7 8270 
hight 14.8200 2 14 15221 
hight 15.7000 1 7 7277 
hight 16.5600 1 7 6559 
hight 16.2900 1 7 6593 
hight 16.8000 2 14 12419 
hight 17.2700 1 7 6852 
hight 17.5900 1 7 6723 
hight 17.5500 1 7 7102 
hight 18.8500 1 7 6615 
hight 20.5900 1 7 5963 
hight 21.1900 1 7 5545 
hight 21.3300 1 7 5707 
hight 20.0800 1 7 6127 
hight 18.6100 1 7 5962 
hight 18.2200 1 7 6132 
hight 18.3900 2 14 12754 
hight 18.7200 1 7 6365 
hight 17.8300 2 14 12967 
hight 16.9900 1 7 6589 
hight 17.2800 1 7 6533 
hight 17.6700 1 7 6665 
hight 18.3100 1 7 6938 
hight 17.6100 3 21 19199 
hight 17.4100 1 7 6625 
hight 17.7100 1 7 6934 
hight 18.1800 1 7 6657 
hight 18.4400 1 7 6657 
hight 19.4400 1 7 6061 
hight 19.1200 1 7 5597 
hight 17.9800 1 7 5818 
hight 17.8800 1 7 5713 
hight 16.7300 1 7 5391 
hight 15.0900 1 7 5082 
hight 14.0000 1 7 5833 
hight 11.5800 2 14 10307 
hight 13.6400 1 7 4322 
hight 12.9500 1 7 4884 
hight 12.2900 1 7 4806 
hight 11.0700 1 7 5192 
hight 10.1500 1 7 4885 
hight 10.6000 1 7 4947 
hight 10.7700 1 7 5214 
hight 9.8800 1 7 5457 
hight 10.6500 1 7 5438 
hight 10.4500 1 7 6194 
hight 10.3500 1 7 5517 
hight 11.2600 1 7 5670 
hight 11.5700 1 7 5902 
hight 11.2300 1 7 7035 
hight 11.7200 1 7 6632 
hight 13.2100 1 7 5851 
hight 14.1900 1 7 5845 
hight 14.6000 1 7 5805 
hight 14.1200 1 7 5550 
hight 13.5000 1 7 5882 
hight 13.2700 1 7 6310 
hight 13.8700 1 7 5984 
hight 13.7300 2 14 13155 
hight 12.8400 1 7 7049 
hight 12.9100 1 7 6481 
hight 13.2200 1 7 6244 
hight 13.5800 1 7 6521 
hight 14.3100 1 7 6326 
hight 14.3500 1 7 6327 
hight 15.9800 1 7 5902 
hight 16.2200 1 7 5515 
hight 15.5200 1 7 5977 
hight 14.3700 1 7 6197 
hight 14.3000 1 7 6465 
hight 14.0800 1 7 6591 
hight 14.7400 1 7 6456 
hight 15.0100 1 7 6355 
hight 15.1600 1 7 6323 
hight 14.4600 1 7 6380 
hight 15.0500 1 7 6448 
hight 17.0500 2 14 10707 
hight 17.6300 2 14 12327 
hight 17.2400 1 7 5191 
hight 17.3800 1 7 5813 
hight 18.0100 1 7 5667 
hight 18.0700 1 7 5533 
hight 17.9200 1 7 5399 
hight 17.3000 1 7 5734 
hight 17.7400 1 7 5815 
hight 18.4100 1 7 5754 
hight 18.8900 1 7 5737 
hight 19.2300 1 7 5567 
hight 19.4300 2 14 10868 
hight 17.8500 1 7 5309 
hight 17.7500 1 7 5270 
hight 18.8600 1 7 5431 
hight 18.8200 2 14 11141 
hight 16.9300 1 7 5280 
hight 16.9100 1 7 5337 
hight 16.1800 1 7 5763 
hight 16.5300 1 7 5739 
hight 17.4800 1 7 6197 
hight 17.5600 1 7 6542 
hight 17.4400 1 7 6470 
hight 18.1000 1 7 6848 
hight 18.5700 1 7 6322 
hight 18.4900 1 7 6199 
hight 18.8400 1 7 6383 
hight 19.3600 1 7 5313 
hight 19.7900 1 7 5639 
hight 18.9200 1 7 5383 
hight 18.6600 1 7 6252 
hight 18.4800 1 7 5836 
hight 18.6400 1 7 6282 
hight 19.2100 1 7 6370 
hight 18.75 1 7 6318 
hight 18.31 1 7 6469 
hight 18.49 1 7 6475 
hight 18.24 1 7 6559 
hight 18.57 1 7 6682 
hight 18.66 1 7 6740 
hight 18.59 1 7 6769 
hight 18.55 1 7 6772 
hight 19.38 1 7 6744 
hight 19.98 1 7 6905 
hight 20.48 3 21 17601 
hight 21.04 1 7 6442 
hight 21.75 3 21 16712 
hight 22.86 1 7 6187 
hight 23.62 1 7 5398 
hight 24.88 1 7 4804 
hight 24.21 1 7 4856 
hight 25.02 1 7 4987 
hight 29.30 1 7 4277 
hight 28.15 1 7 3597 
hight 27.89 1 7 3886 
hight 28.31 1 7 4822 
hight 30.67 1 7 3988 
hight 29.92 1 7 4122 
hight 29.57 1 7 4345 
hight 30.29 1 7 6039 
hight 31.21 1 7 5086 
hight 29.85 1 7 4558 
hight 29.80 1 7 4940 
hight 29.46 1 7 4231 
hight 28.62 1 7 4451 
hight 30.33 1 7 4893 
hight 30.89 1 7 4857 
hight 34.31 2 14 9648 
hight 34.69 1 7 4179 
hight 36.72 2 14 7673 
hight 36.41 1 7 3949 
hight 36.43 1 7 4116 
hight 38.13 1 7 4208 
hight 39.33 1 7 4409 
hight 41.93 1 7 4120 
hight 44.14 1 7 3813 
hight 49.78 1 7 4512 
hight 49.50 1 7 3293 
hight 42.30 1 7 3404 
hight 39.47 1 7 3307 
hight 38.82 1 7 3980 
hight 38.46 1 7 3810 
hight 37.84 1 7 3902 
hight 36.55 1 7 4109 
hight 36.74 1 7 4193 
hight 35.63 1 7 4902 
hight 36.90 1 7 4327 
hight 40.83 1 7 3797 
hight 41.04 1 7 3790 
hight 41.42 1 7 4061 
hight 42.22 1 7 3484 
hight 40.11 1 7 3821 
hight 44.18 1 7 3793 
hight 42.42 1 7 3627 
hight 43.37 1 7 4356 
hight 42.67 1 7 3799 
hight 41.29 1 7 3881 
hight 40.65 1 7 3490 
hight 32.80 1 7 3392 
hight 32.76 2 14 7921 
hight 33.02 1 7 3855 
hight 33.36 1 7 3628 
hight 35.64 1 7 3751 
hight 35.31 1 7 3891 
hight 35.21 1 7 3835 
hight 34.59 1 7 3621 
hight 32.86 1 7 4237 
hight 33.63 1 7 4118 
hight 33.19 1 7 4104 
hight 31.00 1 7 3917 
hight 30.18 1 7 5768 
hight 29.71 1 7 5199 
hight 30.30 1 7 4191 
hight 30.63 1 7 4569 
hight 34.08 1 7 4063 
hight 34.37 1 7 4169 
hight 34.48 1 7 4182 
hight 34.43 1 7 4541 
hight 37.19 1 7 4386 
hight 37.45 1 7 3912 
hight 34.38 1 7 4149 
hight 33.42 1 7 4171 
hight 33.16 1 7 4431 
hight 33.26 2 14 9358 
hight 32.65 1 7 5273 
hight 32.55 1 7 4706 
hight 31.99 1 7 5094 
hight 31.41 1 7 5210 
hight 31.01 1 7 5081 
hight 29.45 1 7 4506 
hight 28.90 1 7 4126 
hight 28.76 1 7 4149 
hight 28.68 1 7 4027 
hight 29.87 1 7 4237 
hight 29.10 1 7 4548 
hight 28.59 1 7 4391 
hight 28.42 1 7 4607 
hight 28.37 1 7 4844 
hight 27.60 1 7 4794 
hight 27.58 1 7 4871 
hight 28.36 1 7 4798 
hight 28.20 1 7 5159 
hight 28.30 1 7 5331 
hight 29.48 1 7 5676 
hight 31.24 1 7 4857 
hight 32.39 1 7 5167 
hight 33.94 1 7 4699 
hight 35.01 1 7 4280 
hight 35.15 1 7 4311 
hight 35.35 1 7 4560 
hight 35.08 1 7 4952 
hight 32.31 1 7 4877 
hight 32.64 1 7 4761 
hight 32.79 1 7 4410 
hight 33.22 1 7 4629 
hight 34.26 1 7 5293 
hight 34.35 1 7 4754 
hight 33.39 1 7 4961 
hight 33.76 1 7 4905 
hight 31.77 1 7 6046 
hight 30.45 1 7 6163 
hight 31.46 1 7 4623 
hight 31.51 1 7 4950 
hight 32.33 1 7 5107 
hight 32.44 1 7 5032 
hight 32.23 1 7 5091 
hight 31.89 1 7 5097 
hight 31.20 1 7 5171 
hight 29.62 1 7 4419 
hight 29.40 1 7 4694 
hight 29.33 1 7 5141 
hight 29.26 1 7 5204 
hight 29.29 1 7 5504 
hight 28.81 1 7 5926 
hight 28.05 1 7 4872 
hight 28.00 1 7 4241 
hight 23.83 1 7 3965 
hight 24.81 1 7 4492 
hight 24.41 1 7 4760 
hight 24.17 1 7 4667 
hight 23.47 1 7 4118 
hight 23.27 1 7 4866 
hight 23.08 1 7 4933 
hight 22.88 1 7 4885 
hight 22.46 2 14 10274 
hight 21.80 1 7 4474 
hight 20.08 1 7 4023 
hight 19.89 1 7 5082 
hight 20.25 1 7 5404 
hight 20.58 2 14 10793 
hight 20.27 2 14 11261 
hight 23.59 1 7 4451 
hight 24.67 1 7 4575 
hight 25.08 1 7 4599 
hight 24.37 1 7 4909 
hight 23.20 1 7 4685 
hight 23.38 1 7 4377 
hight 22.08 1 7 5116 
hight 22.36 1 7 4823 
hight 22.79 1 7 5132 
hight 22.84 1 7 5540 
hight 23.05 1 7 5578 
hight 22.04 1 7 5809 
hight 20.88 1 7 5651 
hight 20.09 1 7 6093 
hight 20.41 1 7 5578 
hight 20.45 1 7 5559 
hight 20.24 1 7 6254 
hight 20.16 1 7 6920 
hight 20.42 1 7 6306 
hight 20.40 1 7 6366 
hight 20.29 1 7 5810 
hight 19.95 2 14 11494 
hight 21.96 1 7 5657 
hight 22.16 1 7 5425 
hight 22.01 1 7 5262 
hight 21.61 1 7 5842 
hight 20.94 1 7 5624 
hight 20.11 1 7 5765 
hight 20.21 1 7 6396 
hight 20.35 1 7 6139 
hight 19.79 1 7 6708 
hight 19.88 1 7 6199 
hight 19.71 1 7 6056 
hight 19.73 1 7 6186 
hight 19.96 1 7 6275 
hight 19.75 1 7 6704 
hight 19.14 1 7 6245 
hight 19.23 1 7 6669 
hight 19.85 1 7 6262 
hight 21.14 1 7 5989 
hight 21.19 1 7 6071 
hight 21.27 1 7 6599 
hight 21.55 1 7 6298 
hight 21.22 1 7 6350 
hight 21.00 1 7 6401 
hight 20.71 1 7 6573 
hight 20.15 1 7 6582 
hight 20.05 1 7 6681 
hight 19.65 1 7 6755 
hight 19.86 1 7 6966 
hight 19.33 1 7 6722 
hight 19.09 1 7 6634 
hight 18.77 1 7 7862 
hight 16.94 1 7 10080 
hight 17.60 1 7 5889 
hight 17.69 1 7 6028 
hight 17.75 2 14 11713 
hight 17.51 1 7 6274 
hight 17.31 2 14 11482 
hight 16.04 1 7 5302 
hight 16.45 2 14 12065 
hight 16.70 1 7 5388 
hight 16.76 1 7 5504 
hight 17.19 2 14 11131 
hight 17.29 5 35 21232 
hight 16.20 4 28 15196 
hight 16.67 2 14 13253 
hight 17.17 2 14 9055 
hight 18.00 1 7 5272 
hight 18.46 1 7 5210 
hight 18.13 1 7 6131 
hight 17.63 2 14 13107 
hight 17.42 1 7 6119 
hight 16.78 2 14 8579 
hight 16.87 1 7 5656 
hight 16.36 1 7 5932 
hight 15.76 1 7 6023 
hight 17.08 1 7 5493 
hight 17.37 3 21 12393 
hight 16.90 2 14 9127 
hight 16.51 2 14 12334 
hight 16.73 1 7 5808 
hight 16.63 3 21 12260 
hight 17.32 1 7 6249 
hight 17.15 1 7 6148 
hight 16.80 1 7 6045 
hight 16.23 1 7 6313 
hight 16.43 1 7 6177 
hight 16.02 1 7 6101 
hight 15.84 1 7 6632 
hight 15.71 1 7 6227 
hight 15.37 2 14 9493 
hight 14.96 3 21 12516 
hight 14.98 1 7 6355 
hight 15.39 1 7 6448 
hight 15.60 1 7 6251 
hight 15.64 2 14 8885 
hight 14.74 1 7 5650 
hight 14.93 1 7 6519 
hight 14.92 1 7 6511 
hight 15.41 1 7 6460 
hight 15.18 1 7 6503 
hight 16.07 1 7 6373 
hight 16.10 1 7 6204 
hight 16.18 1 7 6445 
hight 16.06 1 7 6642 
hight 16.34 1 7 6545 
hight 15.32 2 14 9908 
hight 14.51 1 7 6764 
hight 14.39 1 7 6675 
hight 14.36 3 21 19760 
hight 14.62 1 7 6545 
hight 14.32 1 7 6650 
hight 14.40 1 7 7649 
hight 14.17 2 14 14319 
hight 14.53 3 21 13037 
hight 14.55 1 7 6822 
hight 15.43 1 7 6133 
hight 15.92 1 7 5818 
hight 15.53 2 14 9458 
hight 15.55 1 7 6019 
hight 15.77 2 14 8859 
hight 15.79 1 7 6081 
hight 16.12 2 14 9399 
hight 15.88 1 7 6834 
hight 15.51 1 7 6411 
hight 16.19 2 14 9592 
hight 17.05 1 7 5935 
hight 17.67 1 7 5233 
hight 17.98 2 14 10780 
hight 17.61 1 7 5632 
hight 17.56 2 14 11845 
hight 17.27 3 21 12432 
hight 16.54 2 14 9979 
hight 17.46 1 7 5955 
hight 17.84 1 7 5839 
hight 18.30 1 7 5622 
hight 21.08 1 7 5080 
hight 20.65 1 7 4878 
hight 20.52 1 7 5361 
hight 20.75 1 7 5677 
hight 20.70 1 7 6121 
hight 20.46 1 7 5786 
hight 19.90 1 7 5739 
hight 19.03 1 7 6072 
hight 20.10 2 14 11971 
hight 19.27 1 7 6110 
hight 20.03 1 7 5797 
hight 19.68 1 7 5735 
hight 17.68 2 14 9636 
hight 17.85 1 7 6671 
hight 18.47 1 7 6406 
hight 18.71 1 7 5891 
hight 18.97 1 7 4349 
hight 17.21 4 28 17869 
hight 16.83 1 7 5571 
hight 16.96 1 7 5158 
hight 16.16 1 7 6930 
hight 16.46 2 14 9937 
hight 16.86 3 21 16076 
hight 17.18 2 14 11035 
hight 17.77 1 7 6247 
hight 18.05 1 7 6512 
hight 18.10 1 7 6793 
hight 18.45 2 14 13520 
hight 18.44 1 7 6597 
hight 17.52 1 7 6773 
hight 17.57 1 7 6952 
hight 18.21 1 7 6972 
hight 18.39 1 7 6975 
hight 18.63 1 7 7092 
hight 18.28 1 7 6934 
hight 16.85 2 14 10882 
hight 17.28 1 7 7174 
hight 17.44 2 14 10770 
hight 17.73 1 7 7353 
hight 17.71 1 7 5060 
hight 16.77 1 7 3154 
hight 16.88 3 21 9819 
hight 16.31 1 7 4093 
hight 16.59 1 7 3282 
hight 17.64 1 7 3279 
hight 17.97 1 7 3279 
hight 18.19 1 7 3276 
hight 17.93 1 7 3269 
hight 17.22 1 7 3277 
hight 17.01 1 7 3332 
hight 17.23 1 7 3335 
hight 17.33 2 14 6614 
hight 17.26 1 7 3336 
hight 17.40 1 7 3350 
hight 16.75 1 7 3429 
hight 16.95 1 7 3273 
hight 16.74 1 7 3280 
hight 16.84 1 7 3269 
hight 16.81 2 14 6552 
hight 16.66 1 7 3275 
hight 16.62 1 7 3263 
hight 16.71 1 7 4456 
hight 16.56 1 7 3354 
hight 16.64 1 7 3278 
hight 16.69 1 7 3339 
hight 16.57 2 14 6307 
hight 16.93 1 7 3267 
hight 16.28 1 7 3274 
hight 16.01 1 7 3296 
hight 15.59 1 7 3287 
hight 15.48 1 7 3297 
hight 15.05 1 7 3296 
hight 14.76 1 7 3274 
hight 14.28 1 7 3288 
hight 14.33 1 7 3289 
hight 14.89 2 14 6204 
hight 14.81 1 7 3039 
hight 14.82 2 14 6265 
hight 14.79 3 21 9183 
hight 14.70 2 14 6083 
hight 14.47 1 7 3031 
hight 14.64 1 7 3044 
hight 15.49 1 7 3209 
hight 15.85 2 14 6064 
hight 15.63 1 7 3037 
hight 15.90 1 7 3055 
hight 16.17 1 7 3042 
hight 15.99 1 7 3044 
hight 16.38 1 7 3047 
hight 15.46 2 14 6023 
hight 15.52 1 7 3046 
hight 15.62 1 7 3037 
hight 15.28 1 7 3037 
hight 15.08 1 7 3033 
hight 15.06 1 7 3047 
hight 14.95 1 7 3033 
hight 14.84 2 14 6050 
hight 14.63 1 7 3028 
hight 15.13 1 7 3035 
hight 15.10 1 7 3036 
hight 15.54 1 7 3029 
hight 15.44 1 7 3033 
hight 15.68 1 7 3033 
low 4.4700 6 42 56893 
low 4.5000 3 21 27981 
low 4.6300 3 21 27274 
low 4.7200 2 14 18654 
low 4.5200 4 28 37678 
low 4.4100 5 35 47167 
low 4.3800 2 14 17861 
low 4.3900 3 21 27997 
low 4.2800 2 14 18230 
low 4.3000 4 28 36968 
low 4.2600 3 21 28235 
low 4.2900 3 21 28273 
low 4.3200 5 35 46222 
low 4.4900 5 35 47191 
low 4.3100 3 21 28661 
low 4.3400 4 28 37853 
low 4.2300 1 7 8984 
low 4.2000 2 14 19049 
low 4.1800 3 21 28327 
low 4.1900 2 14 19314 
low 4.1100 2 14 19222 
low 4.1200 1 7 9619 
low 4.1600 1 7 9614 
low 4.1500 1 7 9646 
low 4.1400 1 7 9686 
low 4.1700 1 7 9719 
low 4.0800 1 7 9543 
low 4.0600 1 7 9626 
low 4.0500 2 14 18925 
low 4.0300 1 7 9572 
low 4.1300 1 7 9541 
low 4.2500 1 7 9539 
low 4.4400 4 28 38477 
low 4.5400 2 14 19003 
low 4.2200 1 7 9546 
low 4.3300 1 7 9500 
low 4.5700 1 7 9512 
low 4.5100 2 14 18991 
low 4.4000 1 7 9528 
low 4.5300 3 21 28678 
low 4.5800 3 21 28615 
low 4.7500 3 21 28591 
low 4.8400 3 21 28532 
low 4.7800 2 14 19019 
low 4.7900 1 7 9525 
low 4.7700 1 7 9544 
low 4.8900 3 21 28532 
low 4.9600 1 7 9523 
low 4.5900 3 21 28571 
low 4.5600 1 7 9519 
low 4.3700 1 7 9460 
low 4.3600 1 7 9533 
low 4.4200 4 28 38227 
low 4.4300 3 21 28728 
low 4.4500 3 21 28635 
low 4.3500 1 7 9521 
low 4.7100 3 21 28460 
low 4.6900 1 7 9580 
low 4.7600 1 7 9585 
low 4.5500 2 14 19209 
low 4.7400 2 14 19040 
low 4.6200 1 7 9556 
low 4.6100 1 7 9560 
low 4.8100 1 7 9484 
low 4.8200 1 7 9523 
low 4.9000 1 7 9573 
low 4.9500 2 14 19101 
low 5.0800 1 7 9495 
low 5.1400 1 7 9386 
low 5.0300 2 14 18846 
low 5.0200 1 7 9483 
low 4.9200 1 7 9604 
low 5.1600 1 7 9504 
low 5.2700 1 7 9518 
low 5.3500 1 7 9555 
low 5.4600 1 7 9410 
low 5.5900 2 14 18588 
low 5.6800 1 7 9763 
low 5.9100 1 7 9551 
low 6.1200 1 7 9090 
low 6.1400 2 14 18090 
low 6.0900 1 7 9164 
low 5.9300 1 7 9087 
low 6.0200 2 14 18146 
low 6.2800 2 14 18046 
low 6.3800 1 7 9062 
low 6.5200 4 28 36235 
low 6.9000 2 14 18188 
low 7.0900 2 14 18229 
low 7.4600 1 7 9078 
low 7.7400 1 7 8954 
low 7.3700 2 14 18203 
low 6.6400 1 7 8824 
low 5.9800 1 7 8890 
low 5.5500 1 7 8952 
low 5.4400 1 7 8874 
low 5.4700 1 7 8837 
low 5.6400 2 14 18015 
low 6.0000 1 7 9120 
low 5.6200 1 7 9030 
low 5.8000 1 7 9003 
low 5.7000 1 7 9044 
low 5.9400 1 7 8907 
low 6.3700 1 7 8939 
low 6.1100 2 14 18094 
low 6.5400 1 7 9009 
low 6.4400 2 14 18228 
low 6.5000 1 7 9029 
low 6.1600 1 7 9055 
low 6.2200 1 7 9001 
low 6.9100 4 28 36392 
low 6.7600 2 14 18038 
low 7.1000 1 7 8961 
low 6.8900 3 21 27204 
low 6.9500 1 7 9018 
low 7.3300 1 7 9049 
low 7.4800 2 14 18188 
low 7.5100 1 7 9228 
low 7.6800 1 7 9017 
low 6.5600 1 7 8843 
low 6.6100 1 7 9110 
low 6.7700 1 7 9249 
low 6.3200 1 7 9266 
low 6.3600 1 7 9133 
low 6.5900 1 7 9175 
low 6.4500 1 7 9164 
low 6.4700 1 7 9013 
low 7.1400 2 14 18170 
low 7.0500 2 14 18278 
low 7.2800 1 7 9058 
low 6.8000 2 14 18293 
low 6.9900 1 7 9144 
low 6.9200 5 35 45651 
low 7.1700 2 14 18306 
low 6.8500 2 14 18324 
low 6.9400 1 7 9148 
low 7.3500 1 7 9059 
low 7.1200 1 7 9172 
low 6.8400 1 7 9065 
low 6.6300 1 7 9049 
low 6.6900 1 7 9179 
low 6.8600 1 7 9181 
low 7.2100 1 7 9024 
low 7.3000 1 7 8964 
low 7.5800 1 7 9052 
low 7.3900 1 7 9113 
low 7.5900 1 7 9111 
low 7.7300 1 7 9004 
low 8.0100 1 7 9142 
low 8.1700 1 7 8965 
low 8.4200 1 7 8832 
low 8.2300 1 7 8920 
low 8.2000 1 7 9112 
low 8.6500 1 7 9081 
low 8.6900 1 7 8727 
low 8.7800 1 7 8956 
low 8.7300 1 7 8803 
low 9.1600 1 7 8744 
low 9.2900 1 7 8802 
low 9.0400 1 7 8733 
low 9.0600 1 7 8923 
low 9.4400 1 7 9002 
low 9.7200 1 7 8786 
low 9.6500 1 7 8906 
low 10.1000 1 7 8912 
low 10.4000 1 7 8908 
low 10.7400 1 7 8672 
low 11.5600 1 7 8403 
low 12.5000 2 14 16424 
low 11.6200 1 7 7882 
low 12.2700 1 7 8051 
low 13.3100 1 7 8184 
low 12.8400 1 7 7868 
low 11.9500 1 7 7903 
low 12.3800 3 21 22847 
low 11.6100 1 7 8117 
low 9.5700 1 7 7951 
low 9.4600 1 7 8174 
low 9.9900 1 7 8487 
low 10.1500 1 7 8819 
low 10.9200 1 7 8833 
low 10.4400 1 7 8096 
low 10.4600 1 7 8237 
low 10.8400 1 7 8469 
low 11.7000 1 7 8140 
low 11.7400 2 14 13226 
low 11.8400 1 7 8068 
low 11.8500 1 7 8038 
low 12.1400 1 7 7757 
low 10.9600 1 7 7388 
low 10.4500 1 7 7204 
low 10.6900 1 7 7408 
low 10.7600 1 7 7449 
low 10.5600 1 7 7204 
low 11.0600 1 7 7227 
low 11.2700 1 7 7304 
low 11.6600 1 7 7675 
low 12.2400 1 7 7706 
low 12.3900 1 7 7692 
low 12.9700 1 7 7991 
low 13.5100 1 7 7788 
low 13.4300 1 7 7476 
low 12.2800 1 7 7468 
low 12.3300 1 7 8060 
low 12.6400 1 7 8245 
low 12.0300 2 14 13777 
low 12.1700 1 7 7431 
low 12.3600 1 7 7219 
low 13.0200 2 14 15191 
low 13.2100 1 7 7580 
low 13.4500 1 7 7461 
low 13.6600 2 14 15460 
low 13.6900 1 7 7338 
low 12.7300 1 7 7423 
low 12.5800 1 7 7623 
low 13.1000 1 7 7671 
low 12.9800 1 7 7701 
low 13.3700 2 14 14513 
low 13.5400 1 7 7613 
low 13.1400 1 7 7683 
low 12.9400 1 7 7648 
low 12.6700 1 7 7637 
low 12.7600 1 7 7899 
low 13.0100 1 7 7839 
low 12.9200 1 7 7797 
low 12.8100 2 14 15885 
low 12.1200 2 14 14852 
low 12.1100 1 7 7966 
low 12.3200 1 7 8090 
low 12.8900 2 14 14713 
low 12.5900 2 14 14076 
low 12.6800 1 7 7823 
low 12.5600 1 7 7682 
low 11.0700 1 7 7258 
low 11.4900 1 7 7688 
low 11.6700 1 7 7955 
low 12.1000 1 7 7677 
low 12.8700 1 7 7418 
low 13.0600 1 7 7411 
low 13.0800 1 7 7434 
low 13.4600 2 14 13869 
low 13.2400 1 7 7223 
low 13.3900 1 7 7367 
low 13.9200 1 7 7135 
low 14.3100 1 7 5642 
low 14.0800 1 7 6553 
low 14.3000 1 7 7068 
low 13.7800 1 7 6937 
low 13.9500 1 7 7313 
low 13.5800 1 7 7281 
low 13.9300 1 7 8270 
low 14.4200 1 7 8634 
low 14.7400 1 7 7277 
low 15.3100 1 7 6559 
low 15.1700 1 7 6593 
low 15.6900 1 7 6796 
low 16.2600 1 7 6852 
low 16.2000 1 7 6723 
low 16.9000 1 7 7102 
low 17.1700 2 14 12148 
low 18.7800 1 7 5963 
low 19.1900 1 7 5545 
low 19.3700 1 7 5707 
low 16.6600 1 7 6127 
low 16.3000 1 7 5962 
low 16.6900 1 7 6132 
low 17.2500 1 7 6200 
low 17.2600 2 14 12032 
low 16.4000 2 14 12118 
low 15.9700 1 7 6589 
low 16.4400 1 7 6533 
low 16.4900 2 14 11883 
low 17.3800 1 7 6938 
low 16.4100 1 7 6555 
low 16.4800 3 21 18582 
low 16.2300 1 7 6625 
low 16.5300 1 7 6934 
low 17.4500 1 7 6657 
low 17.7000 1 7 6061 
low 17.8400 1 7 5597 
low 17.0000 1 7 5818 
low 14.0000 1 7 5391 
low 12.2600 1 7 5082 
low 12.8000 1 7 5700 
low 12.4600 2 14 11715 
low 11.2300 1 7 5056 
low 10.2400 1 7 4770 
low 10.5100 1 7 4322 
low 10.7700 1 7 4884 
low 9.4200 1 7 4806 
low 9.0900 1 7 5192 
low 8.4400 1 7 4885 
low 9.0200 1 7 4947 
low 9.5600 1 7 5214 
low 8.8000 1 7 5457 
low 8.8200 1 7 5438 
low 9.1500 1 7 6194 
low 9.1400 1 7 5517 
low 9.7900 1 7 5670 
low 10.1100 1 7 5902 
low 10.2000 1 7 7035 
low 10.5500 1 7 6632 
low 10.4100 1 7 5537 
low 10.3200 1 7 5875 
low 11.0500 1 7 5442 
low 11.6400 1 7 5572 
low 12.3100 1 7 5851 
low 13.0700 1 7 5845 
low 13.6500 1 7 5805 
low 12.4400 1 7 5550 
low 12.5200 1 7 6310 
low 11.9200 1 7 5984 
low 12.0200 1 7 6285 
low 11.7900 1 7 6481 
low 12.0000 1 7 6244 
low 13.2600 1 7 6326 
low 13.6300 1 7 6327 
low 14.0600 2 14 13035 
low 14.4000 1 7 5902 
low 14.7200 1 7 5515 
low 14.0300 1 7 5977 
low 13.6100 1 7 6197 
low 12.9900 1 7 6603 
low 12.4300 1 7 6435 
low 13.1600 1 7 6456 
low 14.2300 1 7 6355 
low 13.8100 1 7 6323 
low 13.4900 1 7 6380 
low 14.8200 1 7 5623 
low 16.0200 1 7 5002 
low 15.7200 1 7 5191 
low 15.8900 1 7 5813 
low 16.0900 1 7 5734 
low 17.0700 1 7 5815 
low 17.0100 1 7 5754 
low 18.0200 1 7 5737 
low 17.6600 1 7 5567 
low 17.5100 1 7 4823 
low 16.8800 1 7 5309 
low 16.7400 1 7 5270 
low 16.8400 2 14 13306 
low 16.7300 1 7 6562 
low 17.7100 1 7 5431 
low 18.1700 2 14 12238 
low 16.3200 1 7 5273 
low 15.9900 1 7 5280 
low 14.6300 1 7 5337 
low 15.0600 1 7 5763 
low 15.6500 1 7 5739 
low 15.6000 1 7 5705 
low 16.8000 1 7 6118 
low 16.5900 1 7 6542 
low 16.5200 1 7 6470 
low 17.2300 1 7 6848 
low 17.8900 1 7 6322 
low 17.4600 1 7 6199 
low 17.6900 1 7 6554 
low 17.7800 1 7 6383 
low 17.0500 1 7 5313 
low 18.6200 1 7 5639 
low 17.3900 1 7 5383 
low 17.9500 1 7 6252 
low 17.1900 1 7 5836 
low 17.8800 1 7 6282 
low 18.3100 1 7 6045 
low 17.58 1 7 6318 
low 17.53 2 14 12875 
low 17.42 1 7 6475 
low 17.55 2 14 13493 
low 17.31 2 14 12968 
low 17.95 1 7 6740 
low 17.79 1 7 6769 
low 17.73 1 7 6772 
low 18.32 1 7 6744 
low 19.26 1 7 6905 
low 19.65 2 14 12988 
low 20.30 1 7 6442 
low 20.85 1 7 6438 
low 21.53 1 7 6187 
low 22.31 1 7 5398 
low 23.25 1 7 4804 
low 22.81 1 7 4856 
low 23.34 1 7 4987 
low 23.93 1 7 4277 
low 24.98 1 7 3597 
low 25.02 1 7 3886 
low 26.42 1 7 4822 
low 27.96 2 14 8110 
low 28.32 2 14 8903 
low 28.77 1 7 6039 
low 29.30 1 7 5086 
low 28.02 1 7 4940 
low 26.56 1 7 4231 
low 26.38 1 7 4451 
low 27.97 1 7 4893 
low 29.66 1 7 4857 
low 30.27 1 7 4868 
low 31.72 1 7 4179 
low 34.03 1 7 4096 
low 33.57 1 7 3949 
low 33.66 1 7 4116 
low 36.13 1 7 4208 
low 36.87 1 7 4409 
low 39.08 1 7 4120 
low 40.02 1 7 3813 
low 43.84 1 7 4512 
low 40.59 1 7 3293 
low 33.12 1 7 3404 
low 32.33 1 7 3307 
low 34.02 1 7 3577 
low 36.25 1 7 3980 
low 35.10 1 7 3810 
low 34.41 1 7 3902 
low 34.80 1 7 4109 
low 33.36 1 7 4193 
low 33.44 1 7 4902 
low 34.78 1 7 4327 
low 36.03 1 7 3797 
low 38.19 1 7 3790 
low 39.01 1 7 4061 
low 36.98 1 7 3484 
low 37.62 1 7 3821 
low 39.76 1 7 3793 
low 38.73 1 7 3627 
low 41.07 1 7 4356 
low 39.68 1 7 3799 
low 38.96 1 7 3881 
low 26.06 1 7 3490 
low 28.65 1 7 3392 
low 28.41 1 7 3661 
low 30.36 1 7 3855 
low 29.94 1 7 3628 
low 32.12 1 7 3751 
low 33.09 1 7 3891 
low 33.13 1 7 3835 
low 30.67 1 7 3621 
low 30.95 1 7 4237 
low 31.13 1 7 4118 
low 30.40 1 7 4104 
low 28.10 1 7 3917 
low 28.62 1 7 5768 
low 26.15 1 7 5199 
low 28.58 1 7 4191 
low 29.44 1 7 4569 
low 29.75 1 7 4260 
low 31.55 2 14 8810 
low 32.98 1 7 4169 
low 33.15 1 7 4182 
low 32.64 1 7 4541 
low 33.91 1 7 4386 
low 32.46 2 14 8192 
low 32.70 1 7 4149 
low 31.62 1 7 4171 
low 31.09 1 7 4431 
low 31.63 1 7 4611 
low 30.99 1 7 5273 
low 31.18 1 7 4706 
low 30.46 1 7 5094 
low 29.96 1 7 5210 
low 29.12 1 7 5081 
low 27.57 1 7 4506 
low 26.76 1 7 4126 
low 27.11 1 7 4149 
low 27.21 1 7 4027 
low 27.94 1 7 4237 
low 28.19 1 7 4548 
low 26.58 1 7 4391 
low 26.12 1 7 4607 
low 26.73 1 7 4844 
low 26.45 1 7 4794 
low 26.62 2 14 9743 
low 26.82 1 7 4798 
low 26.98 1 7 5159 
low 27.60 1 7 5331 
low 27.51 1 7 5676 
low 29.21 3 21 14651 
low 30.20 1 7 5167 
low 31.94 1 7 4699 
low 33.56 1 7 4311 
low 33.34 1 7 4560 
low 33.55 1 7 4952 
low 32.53 1 7 4780 
low 31.50 1 7 4877 
low 30.64 1 7 4761 
low 31.21 1 7 4410 
low 32.04 1 7 4629 
low 32.85 1 7 5293 
low 32.67 1 7 4754 
low 32.52 1 7 4961 
low 31.33 1 7 4905 
low 29.59 1 7 6046 
low 29.68 1 7 6163 
low 30.04 1 7 4950 
low 31.03 1 7 5107 
low 30.72 1 7 5032 
low 31.10 1 7 5091 
low 30.56 1 7 5097 
low 28.26 1 7 4419 
low 27.93 1 7 4694 
low 28.33 1 7 5141 
low 28.54 1 7 5204 
low 28.49 1 7 5504 
low 27.18 1 7 5926 
low 22.03 1 7 4241 
low 22.46 1 7 3965 
low 22.85 1 7 4492 
low 23.24 1 7 4760 
low 23.12 1 7 4667 
low 20.20 1 7 4118 
low 21.96 1 7 4866 
low 22.16 1 7 4933 
low 21.39 1 7 4885 
low 21.51 1 7 5368 
low 19.37 2 14 11155 
low 18.19 1 7 4023 
low 18.69 2 14 10782 
low 19.01 1 7 5404 
low 19.23 4 28 23990 
low 19.52 1 7 5354 
low 19.20 2 14 10249 
low 19.14 2 14 11162 
low 21.27 1 7 4451 
low 22.44 1 7 4575 
low 23.06 1 7 4599 
low 22.79 1 7 4909 
low 21.37 1 7 4685 
low 21.19 1 7 4377 
low 20.60 2 14 10958 
low 20.95 1 7 4906 
low 20.48 1 7 4823 
low 21.08 1 7 5132 
low 22.23 1 7 5540 
low 21.54 1 7 5578 
low 20.56 2 14 12159 
low 20.19 1 7 5651 
low 19.57 1 7 5655 
low 18.96 2 14 11890 
low 18.87 1 7 5578 
low 19.28 1 7 5559 
low 19.11 1 7 6254 
low 18.72 1 7 6920 
low 19.43 1 7 6306 
low 19.31 1 7 5654 
low 19.68 1 7 6366 
low 19.45 1 7 5810 
low 18.99 1 7 5626 
low 19.44 1 7 5890 
low 20.08 1 7 5657 
low 21.36 1 7 5425 
low 20.98 1 7 5262 
low 20.61 1 7 5374 
low 19.88 1 7 5624 
low 19.56 1 7 5765 
low 19.24 1 7 6139 
low 18.93 1 7 6199 
low 18.78 1 7 6056 
low 19.03 1 7 6186 
low 19.02 1 7 6704 
low 18.62 1 7 6245 
low 18.70 1 7 6669 
low 19.66 1 7 5989 
low 20.69 1 7 6071 
low 20.81 1 7 6599 
low 20.64 1 7 6298 
low 20.29 1 7 6401 
low 19.73 2 14 13155 
low 19.30 1 7 6755 
low 19.07 1 7 6966 
low 18.86 1 7 6722 
low 18.45 1 7 6634 
low 16.94 2 14 17942 
low 16.67 1 7 5889 
low 17.04 3 21 17355 
low 17.03 1 7 6274 
low 15.75 3 21 14950 
low 15.04 2 14 12136 
low 15.26 2 14 8308 
low 15.89 2 14 8673 
low 14.42 1 7 5504 
low 16.14 1 7 5630 
low 15.52 3 21 17940 
low 15.67 2 14 13724 
low 16.18 2 14 8950 
low 16.53 2 14 8547 
low 17.67 1 7 5210 
low 16.72 1 7 6131 
low 16.54 3 21 15410 
low 16.28 1 7 6119 
low 16.08 2 14 9066 
low 16.06 1 7 5656 
low 15.60 1 7 5932 
low 15.27 1 7 6023 
low 15.44 1 7 5493 
low 16.43 2 14 12639 
low 16.51 1 7 6441 
low 15.98 1 7 5745 
low 15.85 1 7 5926 
low 15.59 2 14 10178 
low 15.80 3 21 18867 
low 16.13 3 21 16844 
low 16.48 2 14 8893 
low 16.64 3 21 16528 
low 15.92 1 7 6045 
low 15.82 1 7 6313 
low 15.48 2 14 9145 
low 14.67 2 14 9898 
low 14.76 1 7 6227 
low 14.53 2 14 9693 
low 14.36 3 21 12335 
low 14.38 2 14 12728 
low 14.49 1 7 6448 
low 14.72 1 7 6251 
low 14.57 1 7 5607 
low 13.96 1 7 5650 
low 14.44 2 14 9563 
low 14.28 2 14 9539 
low 14.33 2 14 9511 
low 14.48 2 14 9548 
low 15.39 1 7 6204 
low 15.73 1 7 6445 
low 15.63 2 14 12143 
low 15.21 1 7 6545 
low 14.30 1 7 6872 
low 14.11 1 7 6764 
low 13.90 1 7 6675 
low 13.94 2 14 9935 
low 13.83 1 7 6545 
low 13.62 1 7 6650 
low 13.67 1 7 6490 
low 13.85 1 7 7649 
low 13.77 1 7 7562 
low 13.73 2 14 13124 
low 13.87 1 7 6713 
low 14.14 1 7 6822 
low 14.25 2 14 9172 
low 15.08 1 7 5818 
low 14.92 1 7 6175 
low 14.60 2 14 9052 
low 14.74 2 14 8854 
low 15.15 1 7 6081 
low 15.18 1 7 6068 
low 14.77 2 14 9458 
low 14.90 2 14 9336 
low 15.88 2 14 12217 
low 16.73 2 14 11216 
low 16.89 2 14 13123 
low 16.83 1 7 5828 
low 16.15 3 21 14806 
low 16.36 2 14 9234 
low 17.14 1 7 5839 
low 17.10 1 7 5622 
low 17.76 1 7 5080 
low 19.69 1 7 5361 
low 19.51 1 7 5677 
low 19.49 1 7 6121 
low 19.64 1 7 5786 
low 18.77 1 7 5739 
low 18.38 1 7 6072 
low 18.53 1 7 6271 
low 18.65 1 7 6110 
low 17.71 1 7 5735 
low 17.08 1 7 5540 
low 17.28 2 14 9950 
low 17.99 1 7 5891 
low 16.44 2 14 8605 
low 16.25 1 7 5158 
low 16.24 1 7 5575 
low 16.52 1 7 5900 
low 16.63 1 7 6017 
low 17.27 1 7 6247 
low 17.54 1 7 6512 
low 17.75 1 7 6793 
low 17.92 1 7 6685 
low 17.45 1 7 6597 
low 16.82 2 14 13725 
low 17.43 1 7 6972 
low 18.01 1 7 6975 
low 17.74 1 7 6835 
low 18.11 1 7 7092 
low 16.77 2 14 10773 
low 16.04 1 7 7221 
low 17.01 1 7 7353 
low 16.71 2 14 8339 
low 16.39 1 7 3026 
low 16.35 1 7 3154 
low 16.03 2 14 7729 
low 16.12 1 7 3282 
low 16.29 1 7 3280 
low 16.11 1 7 3271 
low 16.45 2 14 8417 
low 16.62 1 7 3276 
low 17.70 1 7 3276 
low 17.05 1 7 3269 
low 16.31 2 14 6304 
low 16.95 1 7 3279 
low 16.84 2 14 6619 
low 16.59 1 7 3332 
low 16.65 1 7 3335 
low 16.78 1 7 3336 
low 16.79 1 7 3378 
low 16.01 1 7 3382 
low 15.61 1 7 3331 
low 15.66 1 7 3336 
low 16.90 1 7 3336 
low 16.88 1 7 3350 
low 16.74 1 7 3275 
low 16.97 1 7 3350 
low 16.17 3 21 9970 
low 16.38 1 7 3273 
low 16.32 1 7 3280 
low 16.16 2 14 6479 
low 16.10 1 7 3273 
low 16.20 1 7 3275 
low 16.55 1 7 3271 
low 16.30 2 14 6613 
low 16.22 1 7 3273 
low 15.54 1 7 3296 
low 15.16 2 14 6324 
low 15.31 2 14 6304 
low 15.22 1 7 3283 
low 14.96 2 14 6340 
low 14.31 1 7 3296 
low 14.45 1 7 3272 
low 13.99 1 7 3274 
low 13.92 1 7 3288 
low 14.02 1 7 3289 
low 14.13 1 7 3286 
low 14.17 1 7 3162 
low 14.23 1 7 3041 
low 14.22 1 7 3042 
low 13.88 1 7 3031 
low 14.08 1 7 3038 
low 14.04 1 7 3044 
low 14.70 1 7 3209 
low 15.53 1 7 3038 
low 15.23 1 7 3055 
low 15.68 1 7 3042 
low 15.62 1 7 3038 
low 15.78 1 7 3038 
low 15.03 3 21 9104 
low 15.12 1 7 3046 
low 14.93 1 7 2980 
low 14.89 1 7 3036 
low 14.84 1 7 3037 
low 14.56 1 7 3031 
low 14.34 1 7 3022 
low 14.63 1 7 3035 
low 14.71 1 7 3036 
low 14.88 1 7 3033 
low 15.50 1 7 3033 
close 4.5400 5 35 46279 
close 4.6600 1 7 8884 
close 4.7800 1 7 8428 
close 4.8000 3 21 28207 
close 4.6400 2 14 18647 
close 4.5500 4 28 37717 
close 4.4300 3 21 27602 
close 4.4200 7 49 64869 
close 4.3400 1 7 9115 
close 4.3000 1 7 9274 
close 4.3200 3 21 27903 
close 4.3700 1 7 9358 
close 4.3600 5 35 46880 
close 4.5100 3 21 28116 
close 4.3300 2 14 18750 
close 4.4000 3 21 28284 
close 4.2500 2 14 18703 
close 4.2400 2 14 18898 
close 4.2300 1 7 9218 
close 4.2200 2 14 19383 
close 4.1700 1 7 9644 
close 4.2000 1 7 9578 
close 4.1900 1 7 9619 
close 4.1800 1 7 9614 
close 4.1600 2 14 19156 
close 4.2800 2 14 19227 
close 4.4100 1 7 9624 
close 4.5000 4 28 38248 
close 4.5900 5 35 47883 
close 4.1300 1 7 9543 
close 4.1400 1 7 9626 
close 4.0700 1 7 9415 
close 4.0500 1 7 9572 
close 4.4400 1 7 9539 
close 4.6000 4 28 38562 
close 4.7200 2 14 18972 
close 4.6100 2 14 18945 
close 4.2900 3 21 28507 
close 4.3900 1 7 9567 
close 4.4700 3 21 28516 
close 4.4900 2 14 19079 
close 4.5300 1 7 9511 
close 4.5600 4 28 38163 
close 4.5200 3 21 28624 
close 4.6200 2 14 19165 
close 4.8500 1 7 9571 
close 5.0500 1 7 9528 
close 4.8800 1 7 9489 
close 4.8400 3 21 28594 
close 4.8300 2 14 18899 
close 4.9200 1 7 9530 
close 5.0300 2 14 19073 
close 5.0000 2 14 19010 
close 4.8600 1 7 9513 
close 4.6300 4 28 38081 
close 4.4600 3 21 28621 
close 4.4800 1 7 9545 
close 4.5800 1 7 9540 
close 4.7500 3 21 28931 
close 4.7900 2 14 19178 
close 4.7300 1 7 9479 
close 4.8900 1 7 9552 
close 4.6500 1 7 9575 
close 4.4500 2 14 19150 
close 4.7600 1 7 9617 
close 4.7100 1 7 9592 
close 5.1300 1 7 9468 
close 4.9100 2 14 18898 
close 4.9700 2 14 19096 
close 4.9600 1 7 9538 
close 5.2300 1 7 9563 
close 5.1800 2 14 18881 
close 5.1000 1 7 9363 
close 5.0700 1 7 9483 
close 5.0400 1 7 9604 
close 5.3500 1 7 9483 
close 5.2700 1 7 9504 
close 5.4700 1 7 9518 
close 5.6100 1 7 9555 
close 5.6000 1 7 9410 
close 5.7000 1 7 9524 
close 5.9200 1 7 9763 
close 6.2800 1 7 9551 
close 6.5600 1 7 9090 
close 6.3000 1 7 9153 
close 6.5100 2 14 18328 
close 6.0900 1 7 9087 
close 6.3600 1 7 9177 
close 6.7500 1 7 9111 
close 6.5800 1 7 9062 
close 6.7000 4 28 35984 
close 7.0900 1 7 9020 
close 7.1300 1 7 9068 
close 7.6900 1 7 9131 
close 7.7500 1 7 9078 
close 8.2200 1 7 8954 
close 7.4100 1 7 9085 
close 6.6400 2 14 17816 
close 6.2400 1 7 8890 
close 6.0700 1 7 8952 
close 5.5800 1 7 8874 
close 5.6500 1 7 8837 
close 6.0600 1 7 8981 
close 6.0300 1 7 9120 
close 5.7500 1 7 9034 
close 5.7100 1 7 9064 
close 5.8500 1 7 9030 
close 5.8300 1 7 9003 
close 5.9400 1 7 9044 
close 6.3700 1 7 8907 
close 6.5500 2 14 17940 
close 6.2200 2 14 17992 
close 6.6700 2 14 18206 
close 6.5400 1 7 9029 
close 6.7300 1 7 9056 
close 6.1600 1 7 8969 
close 6.3500 1 7 9102 
close 7.0200 3 21 27285 
close 7.0000 2 14 18100 
close 7.1400 1 7 8998 
close 7.2900 1 7 8961 
close 6.9900 1 7 8948 
close 7.4800 1 7 9018 
close 7.5300 2 14 18134 
close 7.6800 1 7 9228 
close 7.7700 2 14 18120 
close 6.8700 2 14 18150 
close 6.9700 2 14 18411 
close 6.4100 1 7 9266 
close 6.6000 2 14 18351 
close 7.3000 1 7 9013 
close 7.5100 1 7 9098 
close 7.2100 1 7 8994 
close 7.4900 1 7 9078 
close 7.3500 1 7 9058 
close 6.9100 1 7 9089 
close 6.9500 1 7 9174 
close 7.0300 1 7 9167 
close 7.1600 1 7 9144 
close 7.2200 3 21 27513 
close 7.0700 1 7 9159 
close 7.3800 1 7 9148 
close 7.3900 1 7 9059 
close 7.2400 1 7 9172 
close 7.2600 2 14 18271 
close 7.0500 1 7 9200 
close 6.8400 1 7 9119 
close 7.0400 1 7 9065 
close 6.9300 2 14 18301 
close 6.9800 1 7 9158 
close 7.0100 1 7 9143 
close 6.9400 1 7 9130 
close 6.7100 1 7 9049 
close 7.2700 1 7 9048 
close 7.3400 1 7 9024 
close 7.7900 1 7 8964 
close 7.7600 1 7 9052 
close 7.4300 1 7 9118 
close 7.5900 1 7 9113 
close 7.7400 1 7 9111 
close 8.1500 1 7 9004 
close 8.2800 1 7 9142 
close 8.6900 1 7 8965 
close 8.4500 1 7 8832 
close 8.2400 1 7 8920 
close 8.6500 1 7 9112 
close 9.1600 1 7 9081 
close 8.9100 1 7 8727 
close 9.0000 1 7 8956 
close 9.1900 1 7 8803 
close 9.8300 1 7 8744 
close 9.3000 1 7 8802 
close 9.3200 1 7 8733 
close 9.5500 1 7 8923 
close 9.7400 1 7 9002 
close 10.0800 1 7 8786 
close 10.1900 1 7 8906 
close 10.4900 1 7 8912 
close 10.8100 1 7 8908 
close 11.6500 1 7 8672 
close 12.5400 1 7 8403 
close 14.0600 1 7 8640 
close 12.5500 2 14 15313 
close 14.3800 1 7 8051 
close 14.4300 1 7 8184 
close 13.5300 1 7 7868 
close 12.9400 1 7 7903 
close 12.9700 1 7 8375 
close 11.9000 1 7 8117 
close 9.7100 1 7 7951 
close 10.2700 1 7 8174 
close 10.1800 1 7 8487 
close 11.2600 1 7 8819 
close 11.5300 1 7 8833 
close 10.5800 1 7 8096 
close 10.9400 1 7 8237 
close 11.7300 1 7 8469 
close 12.1500 1 7 8140 
close 12.1100 1 7 8146 
close 12.2500 1 7 8068 
close 12.2600 2 14 15713 
close 12.9800 2 14 15554 
close 10.9900 1 7 7388 
close 10.7800 1 7 7204 
close 11.3700 1 7 7408 
close 10.7700 1 7 7449 
close 11.1800 2 14 13079 
close 11.6700 1 7 7227 
close 11.7600 1 7 7304 
close 12.6000 1 7 7706 
close 12.7700 2 14 15115 
close 13.0400 1 7 7784 
close 13.7300 2 14 15830 
close 13.7700 2 14 15401 
close 13.8600 1 7 7476 
close 12.6400 1 7 7468 
close 12.6700 1 7 8060 
close 13.1500 1 7 8245 
close 12.4600 1 7 7256 
close 13.2300 1 7 7219 
close 13.3200 2 14 14025 
close 13.6100 2 14 14984 
close 13.8400 1 7 7461 
close 13.8200 1 7 7792 
close 14.1700 1 7 7338 
close 12.8900 2 14 14834 
close 13.2700 1 7 7623 
close 13.3500 1 7 7671 
close 13.3800 1 7 7701 
close 13.8700 1 7 7922 
close 13.9400 1 7 7668 
close 13.2900 1 7 7683 
close 13.4600 1 7 7687 
close 13.1900 2 14 11970 
close 12.9000 2 14 15727 
close 13.1400 1 7 7899 
close 13.3100 1 7 7945 
close 12.2100 1 7 7803 
close 12.5800 2 14 13848 
close 13.2400 1 7 7962 
close 12.8400 1 7 7672 
close 13.0500 1 7 7823 
close 12.6800 1 7 7682 
close 11.5400 2 14 12142 
close 11.7200 1 7 7688 
close 12.2800 1 7 7955 
close 12.6500 1 7 7677 
close 13.0200 1 7 7578 
close 13.4300 1 7 7418 
close 13.3300 1 7 7411 
close 13.4700 1 7 7434 
close 13.5600 1 7 7223 
close 14.1300 1 7 7367 
close 15.5600 1 7 7135 
close 14.5900 2 14 12229 
close 14.7000 1 7 6553 
close 14.4500 1 7 7068 
close 14.3000 1 7 6937 
close 14.4200 1 7 7313 
close 14.0000 1 7 7281 
close 14.4600 1 7 8270 
close 14.7400 1 7 8634 
close 15.6500 1 7 7277 
close 15.8800 1 7 6559 
close 16.0100 1 7 6593 
close 16.7200 1 7 6796 
close 16.3400 1 7 6852 
close 17.1500 1 7 6723 
close 17.5200 1 7 7102 
close 18.7800 1 7 6615 
close 19.7900 1 7 5963 
close 19.6300 1 7 5545 
close 19.7600 1 7 5707 
close 17.8900 1 7 6127 
close 16.9200 1 7 5962 
close 17.7500 1 7 6132 
close 17.8000 1 7 6200 
close 17.6700 1 7 6365 
close 16.5600 1 7 6405 
close 16.8400 1 7 6589 
close 16.7000 2 14 11932 
close 17.6400 1 7 6665 
close 17.4900 1 7 6938 
close 16.7900 1 7 6555 
close 16.6200 1 7 6526 
close 17.0200 2 14 11627 
close 16.6500 1 7 6934 
close 18.0700 1 7 6657 
close 17.7200 1 7 6657 
close 18.9300 1 7 6061 
close 17.9500 1 7 5597 
close 17.3400 1 7 5818 
close 16.4200 1 7 5713 
close 14.5700 1 7 5391 
close 13.2800 1 7 5082 
close 13.5700 1 7 5700 
close 13.0900 1 7 5833 
close 11.3100 1 7 5056 
close 10.5300 1 7 4770 
close 11.9800 1 7 5080 
close 11.0000 1 7 4806 
close 10.1400 1 7 5192 
close 9.2400 1 7 4885 
close 10.2500 1 7 4947 
close 9.7700 1 7 5214 
close 9.6000 1 7 5457 
close 10.2900 1 7 5438 
close 9.5700 1 7 6194 
close 9.8000 1 7 5517 
close 11.2200 1 7 5670 
close 10.2800 1 7 5902 
close 10.9600 1 7 7035 
close 11.4200 1 7 6632 
close 10.7200 1 7 5537 
close 12.0600 1 7 5442 
close 12.4300 2 14 11816 
close 13.1000 1 7 5851 
close 14.0800 1 7 5845 
close 13.7800 1 7 5805 
close 12.8100 1 7 5550 
close 12.7400 1 7 6310 
close 13.4500 1 7 5984 
close 12.9100 2 14 12839 
close 12.2900 1 7 6285 
close 12.7000 1 7 7049 
close 12.0400 1 7 6481 
close 14.2300 1 7 6326 
close 14.1400 1 7 6327 
close 15.9600 1 7 5902 
close 15.2000 1 7 5515 
close 14.1500 1 7 5977 
close 13.9000 1 7 6197 
close 13.6200 1 7 6465 
close 13.0800 1 7 6603 
close 13.5200 1 7 6751 
close 13.6900 1 7 6591 
close 14.6000 1 7 6456 
close 14.3100 1 7 6355 
close 14.0300 1 7 6323 
close 14.2800 1 7 6380 
close 14.9800 1 7 6448 
close 16.5500 1 7 5623 
close 17.1400 1 7 5218 
close 16.1500 1 7 5191 
close 17.3000 2 14 11628 
close 17.8300 1 7 5667 
close 17.4600 1 7 5533 
close 17.2200 1 7 5734 
close 18.3900 1 7 5754 
close 18.5600 1 7 5737 
close 19.0900 1 7 5567 
close 17.5900 1 7 4823 
close 17.3700 1 7 5309 
close 16.9600 2 14 11812 
close 17.0800 1 7 7109 
close 17.7400 1 7 6562 
close 18.2500 1 7 5431 
close 18.7500 1 7 5868 
close 16.7700 1 7 5273 
close 16.7100 1 7 5280 
close 15.4500 1 7 5337 
close 16.1300 1 7 5763 
close 15.8100 1 7 5739 
close 16.8800 1 7 5705 
close 17.2500 1 7 6197 
close 17.4400 1 7 6118 
close 17.2400 1 7 6470 
close 17.9300 1 7 6848 
close 18.1900 1 7 6322 
close 17.8400 1 7 6199 
close 18.1700 1 7 6554 
close 17.8200 1 7 6383 
close 19.2700 1 7 5313 
close 18.8900 1 7 5639 
close 18.0300 1 7 5383 
close 18.4000 1 7 6252 
close 18.2400 1 7 5836 
close 18.5500 1 7 6282 
close 18.8200 1 7 6045 
close 18.4900 1 7 6370 
close 17.80 1 7 6318 
close 18.23 1 7 6469 
close 17.68 2 14 12722 
close 17.62 1 7 6559 
close 18.38 1 7 6682 
close 18.26 1 7 6740 
close 18.47 1 7 6769 
close 18.33 1 7 6772 
close 19.29 1 7 6744 
close 19.83 1 7 6905 
close 20.47 1 7 6592 
close 20.93 1 7 6442 
close 21.74 1 7 6438 
close 22.83 1 7 6187 
close 23.32 1 7 5398 
close 23.39 1 7 4804 
close 24.17 1 7 4856 
close 24.89 1 7 4987 
close 26.96 1 7 4277 
close 25.43 1 7 3597 
close 27.46 1 7 3886 
close 28.09 1 7 4822 
close 28.77 1 7 3988 
close 29.47 1 7 4122 
close 29.31 1 7 4345 
close 30.25 1 7 6039 
close 29.76 1 7 5086 
close 29.45 1 7 4558 
close 28.84 1 7 4940 
close 26.86 1 7 4231 
close 28.55 1 7 4451 
close 30.27 1 7 4893 
close 30.73 1 7 4857 
close 33.12 1 7 4868 
close 34.68 1 7 4179 
close 35.98 1 7 4096 
close 34.08 1 7 3949 
close 36.35 1 7 4116 
close 36.98 1 7 4208 
close 39.13 1 7 4409 
close 40.10 1 7 4120 
close 43.86 1 7 3813 
close 45.60 1 7 4512 
close 41.34 1 7 3293 
close 38.61 1 7 3404 
close 34.14 1 7 3307 
close 36.62 1 7 3577 
close 38.45 1 7 3980 
close 37.15 1 7 3810 
close 35.43 1 7 3902 
close 36.41 1 7 4109 
close 33.86 1 7 4193 
close 35.39 1 7 4902 
close 36.09 1 7 4327 
close 39.29 1 7 3797 
close 40.77 1 7 3790 
close 40.64 1 7 4061 
close 38.12 1 7 3484 
close 39.91 1 7 3821 
close 42.06 1 7 3793 
close 41.30 1 7 3627 
close 41.92 1 7 4356 
close 41.05 1 7 3799 
close 39.80 1 7 3881 
close 31.80 1 7 3490 
close 30.04 1 7 3392 
close 32.06 1 7 3661 
close 31.82 1 7 3855 
close 32.96 1 7 3628 
close 33.14 1 7 3751 
close 34.89 1 7 3891 
close 34.53 1 7 3835 
close 32.74 1 7 3621 
close 31.90 1 7 4237 
close 32.67 1 7 4118 
close 30.75 1 7 4104 
close 29.53 1 7 3917 
close 28.65 2 14 10462 
close 29.69 1 7 5199 
close 29.89 1 7 4191 
close 30.03 1 7 4569 
close 32.05 1 7 4260 
close 33.22 1 7 4063 
close 34.11 1 7 4169 
close 33.58 1 7 4182 
close 34.33 1 7 4541 
close 36.90 1 7 4386 
close 32.91 1 7 3912 
close 33.42 1 7 4149 
close 32.03 1 7 4171 
close 32.56 1 7 4431 
close 32.60 1 7 4611 
close 31.62 1 7 5273 
close 31.67 1 7 4706 
close 30.80 1 7 5094 
close 30.98 1 7 5210 
close 29.44 1 7 5081 
close 27.71 1 7 4506 
close 28.15 1 7 4126 
close 27.81 1 7 4149 
close 28.48 1 7 4027 
close 28.91 1 7 4237 
close 28.43 1 7 4548 
close 27.05 1 7 4391 
close 28.18 1 7 4607 
close 26.87 1 7 4844 
close 27.27 1 7 4794 
close 26.93 1 7 4871 
close 27.96 1 7 4798 
close 28.06 1 7 5159 
close 27.79 1 7 5331 
close 29.22 1 7 5676 
close 30.86 1 7 4857 
close 32.29 1 7 5167 
close 33.50 1 7 4699 
close 34.79 1 7 4280 
close 33.79 1 7 4311 
close 34.55 1 7 4560 
close 33.84 1 7 4952 
close 33.01 1 7 4780 
close 31.70 1 7 4747 
close 31.84 1 7 4877 
close 31.96 1 7 4761 
close 32.45 1 7 4410 
close 33.15 1 7 4629 
close 34.00 1 7 5293 
close 32.86 1 7 4754 
close 32.95 1 7 4961 
close 31.64 1 7 4905 
close 29.86 1 7 6046 
close 30.31 1 7 6163 
close 30.40 1 7 4623 
close 31.38 1 7 4950 
close 32.17 1 7 5107 
close 31.37 1 7 5032 
close 31.78 1 7 5091 
close 31.15 1 7 5097 
close 29.43 1 7 5171 
close 29.38 1 7 4419 
close 29.15 1 7 5141 
close 28.92 1 7 5204 
close 28.75 1 7 5504 
close 27.25 1 7 5926 
close 27.95 1 7 4872 
close 23.46 1 7 4241 
close 22.92 1 7 3965 
close 24.31 1 7 4492 
close 23.81 1 7 4760 
close 23.41 1 7 4667 
close 22.41 1 7 4118 
close 22.32 1 7 4866 
close 22.53 1 7 4933 
close 21.70 1 7 4885 
close 21.68 2 14 10053 
close 19.61 2 14 10342 
close 19.40 3 21 17006 
close 19.25 1 7 5082 
close 19.94 1 7 5404 
close 20.34 2 14 10790 
close 19.74 3 21 17692 
close 19.51 1 7 5371 
close 21.44 1 7 4900 
close 22.97 1 7 4451 
close 24.54 1 7 4575 
close 24.28 1 7 4599 
close 23.00 1 7 4909 
close 21.73 1 7 4377 
close 21.13 1 7 5116 
close 22.28 1 7 4906 
close 21.22 1 7 4823 
close 22.72 1 7 5132 
close 22.49 1 7 5540 
close 21.67 1 7 5578 
close 20.70 1 7 5809 
close 19.84 2 14 11961 
close 19.08 1 7 6093 
close 20.38 1 7 5578 
close 19.86 1 7 5559 
close 19.46 1 7 6254 
close 19.43 1 7 6920 
close 20.25 1 7 5654 
close 19.87 2 14 11727 
close 19.48 1 7 5810 
close 19.49 1 7 5626 
close 20.21 1 7 5890 
close 21.90 1 7 5657 
close 21.84 1 7 5425 
close 21.17 1 7 5262 
close 20.87 2 14 11831 
close 20.84 1 7 5374 
close 19.96 1 7 5624 
close 20.03 1 7 6396 
close 19.52 2 14 12325 
close 19.45 1 7 6199 
close 19.59 1 7 6056 
close 19.06 1 7 6704 
close 18.79 1 7 6245 
close 19.19 1 7 6669 
close 19.71 1 7 6262 
close 21.03 1 7 6071 
close 21.01 1 7 6599 
close 20.68 1 7 6298 
close 20.94 1 7 6350 
close 20.54 1 7 6401 
close 19.91 1 7 6582 
close 19.44 1 7 6681 
close 19.36 1 7 6755 
close 19.17 1 7 6966 
close 19.01 1 7 6722 
close 18.69 1 7 6634 
close 16.94 5 35 30489 
close 17.23 2 14 11728 
close 17.33 2 14 13519 
close 17.48 1 7 6087 
close 17.20 1 7 6274 
close 16.01 2 14 8773 
close 15.70 2 14 11403 
close 16.15 2 14 9727 
close 16.67 3 21 11822 
close 16.42 1 7 5504 
close 17.09 1 7 5630 
close 15.72 1 7 5216 
close 15.73 1 7 5556 
close 15.68 1 7 6794 
close 16.50 1 7 7168 
close 17.05 1 7 5677 
close 17.96 1 7 5272 
close 18.01 1 7 5210 
close 17.30 1 7 6131 
close 16.93 2 14 8883 
close 16.49 1 7 6119 
close 16.31 1 7 5369 
close 16.28 1 7 5656 
close 15.62 1 7 5932 
close 15.54 1 7 6023 
close 16.95 3 21 12171 
close 16.62 3 21 12022 
close 16.83 3 21 17208 
close 16.16 1 7 5745 
close 16.02 1 7 5926 
close 16.59 1 7 6085 
close 16.57 2 14 9071 
close 16.51 3 21 12867 
close 17.10 1 7 5626 
close 16.73 1 7 6249 
close 16.78 2 14 9417 
close 15.96 1 7 6045 
close 16.00 2 14 9598 
close 15.82 3 21 12498 
close 15.11 3 21 16090 
close 15.34 3 21 18882 
close 14.84 1 7 6469 
close 14.68 1 7 6213 
close 14.56 1 7 6355 
close 15.31 2 14 9485 
close 14.85 1 7 6251 
close 14.69 1 7 5607 
close 14.60 2 14 12153 
close 14.78 2 14 9552 
close 14.38 2 14 9550 
close 14.77 1 7 6460 
close 15.89 1 7 6373 
close 15.91 2 14 9242 
close 15.86 1 7 6445 
close 15.85 1 7 6642 
close 15.26 2 14 12626 
close 14.41 1 7 6872 
close 14.17 3 21 20342 
close 14.15 2 14 9834 
close 13.75 1 7 6650 
close 14.25 1 7 6490 
close 13.94 1 7 7649 
close 13.96 1 7 7562 
close 13.78 1 7 6367 
close 14.02 1 7 6757 
close 14.47 1 7 6713 
close 14.28 1 7 6822 
close 15.23 2 14 11951 
close 15.27 1 7 6175 
close 14.80 1 7 6019 
close 15.84 1 7 6068 
close 16.12 1 7 6307 
close 17.16 2 14 10368 
close 17.44 1 7 5240 
close 17.07 1 7 5632 
close 17.21 1 7 5828 
close 16.21 1 7 5881 
close 15.99 1 7 6282 
close 16.37 1 7 6408 
close 17.35 1 7 5955 
close 17.76 2 14 11357 
close 20.22 1 7 5080 
close 20.14 1 7 4878 
close 20.60 1 7 5677 
close 19.89 1 7 6121 
close 19.79 1 7 5786 
close 18.85 1 7 5739 
close 18.60 1 7 6072 
close 19.95 1 7 6271 
close 18.87 1 7 5700 
close 19.21 1 7 6110 
close 19.15 1 7 5797 
close 17.50 1 7 5540 
close 17.60 1 7 6286 
close 17.74 1 7 6671 
close 18.36 1 7 6406 
close 18.35 1 7 5891 
close 17.06 2 14 11523 
close 16.63 1 7 5321 
close 16.58 1 7 5571 
close 16.69 1 7 5158 
close 16.88 1 7 5930 
close 16.07 1 7 5501 
close 15.95 1 7 6930 
close 16.27 1 7 6651 
close 16.77 1 7 5575 
close 17.17 2 14 9250 
close 17.08 1 7 5983 
close 17.54 1 7 6017 
close 17.93 1 7 6512 
close 17.95 1 7 6793 
close 18.29 1 7 6685 
close 17.47 1 7 6597 
close 16.86 1 7 6773 
close 17.53 1 7 6952 
close 18.13 1 7 6972 
close 18.27 2 14 14067 
close 18.32 1 7 6835 
close 17.57 1 7 6934 
close 16.19 1 7 7221 
close 16.84 1 7 7598 
close 17.69 1 7 7353 
close 16.82 1 7 5060 
close 16.48 2 14 6300 
close 16.10 1 7 3273 
close 16.26 2 14 7366 
close 16.46 1 7 3282 
close 16.45 1 7 3271 
close 17.40 1 7 3279 
close 17.90 1 7 3279 
close 17.86 1 7 3276 
close 17.28 1 7 3269 
close 16.80 1 7 3273 
close 17.11 1 7 3277 
close 17.02 2 14 6554 
close 16.68 1 7 3332 
close 17.00 1 7 3336 
close 16.85 1 7 3378 
close 16.09 1 7 3382 
close 15.71 1 7 3331 
close 16.11 1 7 3336 
close 17.12 1 7 3350 
close 16.64 1 7 3655 
close 16.55 1 7 3429 
close 16.44 1 7 3273 
close 16.41 1 7 3280 
close 16.56 1 7 3279 
close 16.18 1 7 3273 
close 16.40 1 7 3275 
close 16.75 1 7 3284 
close 16.71 1 7 3271 
close 16.47 1 7 3354 
close 16.54 2 14 6305 
close 16.38 1 7 3339 
close 16.29 1 7 3273 
close 16.25 1 7 3286 
close 15.55 1 7 3296 
close 15.46 1 7 3287 
close 15.49 1 7 3278 
close 15.36 1 7 3283 
close 15.04 1 7 3297 
close 14.74 2 14 6340 
close 14.72 1 7 3272 
close 14.14 1 7 3274 
close 14.11 1 7 3288 
close 14.45 2 14 6380 
close 14.70 1 7 3162 
close 14.65 1 7 3041 
close 14.52 1 7 3042 
close 13.97 1 7 3032 
close 14.31 1 7 3031 
close 14.13 1 7 3038 
close 14.51 1 7 3044 
close 14.54 1 7 3051 
close 14.62 1 7 3045 
close 14.75 1 7 3224 
close 15.47 1 7 3209 
close 15.63 1 7 3026 
close 15.56 1 7 3038 
close 15.83 1 7 3042 
close 15.69 1 7 3038 
close 15.97 1 7 3044 
close 15.42 2 14 6080 
close 15.35 1 7 3046 
close 15.09 1 7 2980 
close 15.20 1 7 3036 
close 14.99 2 14 6073 
close 14.81 2 14 6055 
close 14.93 1 7 3047 
close 14.90 1 7 3031 
close 14.44 1 7 3028 
close 14.34 1 7 3028 
close 14.73 1 7 3035 
close 15.30 1 7 3029 
close 15.37 1 7 3024 
close 15.07 1 7 3033 
close 15.53 1 7 3033 
close 16.34 1 7 3033 
body -0.0300 7 49 64848 
body 0.1200 12 84 109884 
body 0.0200 9 63 83925 
body -0.1600 4 28 30882 
body -0.0900 6 42 52220 
body -0.1200 5 35 41635 
body -0.0100 14 98 130128 
body 0.0000 10 70 92670 
body -0.0800 4 28 37538 
body 0.0800 9 63 82814 
body 0.0500 8 56 74030 
body 0.0600 8 56 69954 
body -0.0700 6 42 56737 
body -0.0400 9 63 83384 
body 0.2200 3 21 26224 
body -0.1800 2 14 14496 
body 0.0300 9 63 81450 
body -0.1100 5 35 46827 
body 0.0100 7 49 64691 
body -0.0200 6 42 54683 
body -0.0500 9 63 78622 
body 0.1300 6 42 49244 
body 0.0900 9 63 75318 
body -0.1700 8 56 67307 
body 0.1100 8 56 69176 
body 0.1600 4 28 37772 
body 0.1500 4 28 36933 
body -0.3200 2 14 15830 
body 0.1000 8 56 70432 
body -0.1900 2 14 18675 
body -0.1300 2 14 18984 
body 0.2100 4 28 37404 
body 0.2000 5 35 46271 
body -0.1400 4 28 32042 
body -0.2300 3 21 27348 
body 0.0700 5 35 46590 
body -0.1000 3 21 26522 
body -0.0600 4 28 37127 
body 0.0400 10 70 91210 
body -0.3400 3 21 25005 
body -0.2000 1 7 9582 
body -0.1500 3 21 24330 
body 0.1400 7 49 60085 
body 0.3800 2 14 15040 
body -0.2200 1 7 9463 
body 0.2700 6 42 47724 
body -0.2700 2 14 17003 
body 0.3100 3 21 24944 
body 0.3600 3 21 24040 
body 0.2800 5 35 38807 
body -0.2600 1 7 9153 
body -0.4200 1 7 9087 
body 0.3900 2 14 18131 
body 0.5600 3 21 25260 
body 0.4700 2 14 17895 
body -0.8100 1 7 9085 
body -0.7700 3 21 18993 
body -0.4000 2 14 16562 
body -0.4900 2 14 14088 
body 0.4100 9 63 73125 
body -0.2800 4 28 27627 
body 0.4300 1 7 8907 
body 0.1800 3 21 22364 
body -0.3300 1 7 8937 
body 0.4200 2 14 17132 
body 0.1900 6 42 51214 
body -0.5100 1 7 9055 
body -0.3000 2 14 17942 
body 0.4900 2 14 16940 
body -1.0700 2 14 16960 
body 0.1700 5 35 37390 
body -0.5600 1 7 9266 
body 0.7900 2 14 17482 
body -0.4400 1 7 9089 
body -0.3500 3 21 21896 
body -0.2100 6 42 48895 
body 0.2400 3 21 22564 
body 0.3400 3 21 25540 
body 0.4500 3 21 22183 
body 0.5100 2 14 14949 
body -0.2500 3 21 21992 
body 0.6400 1 7 8744 
body -0.5300 2 14 15206 
body 0.2300 3 21 22943 
body 0.3000 1 7 8912 
body 0.3200 3 21 23552 
body 0.8400 1 7 8672 
body 0.8900 2 14 14924 
body 1.5200 1 7 8640 
body -1.5100 1 7 7882 
body 1.8300 1 7 8051 
body -0.9000 2 14 12753 
body -0.6100 2 14 13721 
body -2.1900 1 7 7951 
body 1.0800 2 14 14573 
body -0.9400 1 7 8096 
body 0.7200 1 7 7757 
body -1.9900 1 7 7388 
body 0.5900 2 14 15247 
body -0.6000 1 7 7449 
body 0.5000 3 21 22525 
body 0.6900 1 7 7991 
body -1.2100 2 14 12548 
body 0.4800 1 7 8245 
body -0.7100 2 14 12793 
body 0.6800 4 28 25356 
body 0.3500 2 14 15300 
body -1.2800 1 7 6894 
body -0.4800 3 21 20058 
body -0.2900 2 14 13992 
body -0.7400 1 7 7797 
body 0.3300 1 7 7945 
body -1.1000 1 7 7803 
body 0.3700 5 35 36520 
body -0.3600 2 14 13215 
body -1.1300 2 14 13663 
body 0.5700 1 7 7367 
body 1.4300 1 7 7135 
body -0.9800 2 14 11239 
body -0.4300 1 7 7281 
body 0.4600 3 21 19147 
body 0.2600 2 14 15014 
body 0.9100 3 21 20059 
body 0.7000 1 7 6796 
body -0.3800 1 7 6852 
body 0.8200 1 7 6723 
body 1.2600 1 7 6615 
body 1.0100 1 7 5963 
body -1.8700 1 7 6127 
body -0.9700 1 7 5962 
body 0.8300 1 7 6132 
body 0.9400 1 7 6665 
body -0.7000 1 7 6555 
body 0.4000 1 7 6625 
body -0.3700 1 7 6934 
body 1.4200 1 7 6657 
body 1.2000 1 7 6061 
body -0.9200 1 7 5713 
body -1.8600 1 7 5391 
body -1.2900 1 7 5082 
body 0.2900 1 7 5700 
body -1.7800 1 7 5056 
body 2.6700 1 7 4322 
body -0.4500 1 7 4884 
body -0.5400 2 14 11409 
body -0.8600 1 7 5192 
body 1.0200 1 7 4947 
body -0.7200 1 7 6194 
body 1.4100 1 7 5670 
body -0.9500 1 7 5902 
body 0.6600 2 14 13597 
body 0.9000 1 7 5442 
body 0.9900 1 7 5845 
body -0.9600 1 7 5550 
body -0.2400 1 7 5882 
body 0.7100 2 14 12432 
body -0.6300 1 7 6285 
body -0.6600 1 7 6481 
body 1.3700 1 7 5902 
body -0.7600 1 7 5515 
body -1.0400 1 7 5977 
body 0.6100 1 7 6751 
body 1.5600 1 7 5623 
body -1.0000 1 7 5191 
body 1.1400 1 7 5813 
body 0.5300 2 14 11401 
body 0.5400 1 7 5567 
body -1.4900 1 7 4823 
body -0.4100 1 7 5270 
body 0.5200 1 7 5431 
body -1.9700 1 7 5273 
body -1.2600 1 7 5337 
body 0.6700 1 7 5763 
body -0.3100 1 7 5739 
body 1.0700 1 7 5705 
body 1.4600 1 7 5313 
body -0.3900 1 7 5639 
body -0.8700 1 7 5383 
body -0.6900 1 7 6318 
body 0.43 1 7 6469 
body -0.55 3 21 13963 
body -0.06 6 42 35715 
body 0.76 3 21 15783 
body -0.13 3 21 15862 
body 0.20 4 28 19519 
body -0.14 3 21 13871 
body 0.95 2 14 12877 
body 0.54 5 35 28456 
body 0.64 2 14 10800 
body 0.47 3 21 14321 
body 0.82 2 14 13606 
body 1.10 1 7 6187 
body 0.49 3 21 13816 
body 0.08 2 14 7849 
body 0.77 1 7 4856 
body 0.71 2 14 9109 
body 2.07 1 7 4277 
body -1.52 1 7 3597 
body 2.04 1 7 3886 
body 0.62 2 14 11228 
body 0.67 1 7 3988 
body -0.17 4 28 19492 
body 0.94 1 7 6039 
body -0.49 2 14 9634 
body -0.32 5 35 22830 
body -0.62 1 7 4940 
body -1.99 1 7 4231 
body 1.70 1 7 4451 
body 1.71 1 7 4893 
body 2.39 1 7 4868 
body 1.57 1 7 4179 
body 1.31 2 14 9674 
body -1.91 2 14 8053 
body 2.26 1 7 4116 
body 2.14 1 7 4409 
body 0.96 1 7 4120 
body 3.77 1 7 3813 
body 1.74 1 7 4512 
body -4.27 1 7 3293 
body -2.72 1 7 3404 
body -4.48 1 7 3307 
body 2.49 1 7 3577 
body 1.83 1 7 3980 
body -1.29 2 14 8159 
body -1.72 1 7 3902 
body 0.97 2 14 9059 
body -2.56 1 7 4193 
body 1.53 1 7 4902 
body 0.69 3 21 13828 
body 3.18 1 7 3797 
body 1.49 2 14 8922 
body -2.53 1 7 3484 
body 1.78 1 7 3821 
body 2.16 1 7 3793 
body -0.77 1 7 3627 
body 0.63 1 7 4356 
body -0.86 2 14 8859 
body -1.26 1 7 3881 
body -8.00 1 7 3490 
body -1.77 2 14 9438 
body 2.00 1 7 3661 
body -0.24 7 49 33553 
body 1.13 1 7 3628 
body 0.19 3 21 12835 
body 1.76 1 7 3891 
body -0.35 2 14 9486 
body -1.78 1 7 3621 
body -0.82 3 21 16879 
body 0.78 1 7 4118 
body -1.21 1 7 3917 
body -0.88 3 21 16486 
body 1.05 1 7 5199 
body 0.21 3 21 14645 
body 0.14 5 35 29402 
body 2.03 1 7 4260 
body 1.16 2 14 10052 
body 0.88 1 7 4169 
body -0.52 2 14 10321 
body 2.57 1 7 4386 
body -4.00 1 7 3912 
body 0.50 4 28 19493 
body -1.38 1 7 4171 
body 0.04 7 49 36174 
body -0.98 1 7 5273 
body 0.06 3 21 17689 
body 0.18 3 21 15013 
body -1.53 1 7 5081 
body -1.73 2 14 9677 
body 0.44 2 14 8219 
body -0.33 4 28 20131 
body 0.66 2 14 10979 
body 0.42 2 14 9328 
body -1.37 2 14 9607 
body 1.12 1 7 4607 
body -1.31 2 14 9591 
body 0.40 6 42 29535 
body -0.34 3 21 10925 
body 1.03 1 7 4798 
body 0.09 4 28 19450 
body -0.27 3 21 17116 
body 1.43 1 7 5676 
body 1.64 1 7 4857 
body 1.44 1 7 5167 
body 1.22 1 7 4699 
body 1.29 2 14 10653 
body -1.00 3 21 14310 
body -0.70 2 14 11083 
body -0.83 3 21 15243 
body 0.15 3 21 17923 
body 0.13 3 21 14041 
body 0.48 1 7 4410 
body 0.86 1 7 5293 
body -1.13 1 7 4754 
body -1.32 1 7 4905 
body 0.41 3 21 18123 
body 0.10 3 21 14001 
body 0.80 1 7 5107 
body -0.81 2 14 10533 
body -0.64 2 14 12318 
body -0.74 1 7 4694 
body -0.23 3 21 14015 
body -0.18 5 35 24574 
body -1.49 1 7 5926 
body -4.50 1 7 4241 
body -0.53 2 14 9524 
body 1.40 1 7 4492 
body -0.51 1 7 4760 
body -0.41 2 14 10921 
body -0.08 3 21 14656 
body 0.22 2 14 10166 
body -0.02 5 35 27675 
body -2.06 1 7 4474 
body -0.21 3 21 13061 
body -0.16 4 28 20750 
body 0.70 1 7 5404 
body -0.61 2 14 12127 
body 1.93 1 7 4900 
body 1.54 1 7 4451 
body 1.56 1 7 4575 
body -1.28 1 7 4909 
body -1.33 1 7 4685 
body -0.59 3 21 18293 
body 1.14 1 7 4906 
body -1.07 1 7 4823 
body -0.97 1 7 5809 
body -0.50 3 21 18958 
body -0.76 2 14 9475 
body -0.03 6 42 27697 
body -0.38 3 21 12970 
body -0.40 4 28 25372 
body 0.00 6 42 41482 
body 0.73 1 7 5890 
body 1.69 1 7 5657 
body -0.07 4 28 16387 
body -0.68 1 7 5262 
body -0.29 2 14 8936 
body 0.29 2 14 12285 
body -0.12 7 49 38675 
body 0.53 1 7 6262 
body 0.26 2 14 9386 
body -0.79 1 7 6573 
body 0.17 2 14 9845 
body -0.48 3 21 13609 
body -0.19 2 14 13333 
body -1.75 1 7 7862 
body -0.28 2 14 9540 
body -1.19 1 7 5499 
body 0.46 4 28 17600 
body 0.52 1 7 5388 
body -0.25 5 35 23306 
body 0.68 1 7 5630 
body 0.92 1 7 5272 
body -0.37 3 21 17488 
body -0.44 1 7 6119 
body -0.04 5 35 21938 
body -0.67 2 14 11677 
body -0.09 7 49 33729 
body 1.41 1 7 5493 
body -0.31 2 14 13114 
body -0.15 3 21 15414 
body 0.58 2 14 12153 
body 0.60 2 14 12598 
body 0.23 2 14 9577 
body 0.75 1 7 6448 
body -0.46 1 7 6251 
body 0.39 1 7 6460 
body 0.02 3 21 20559 
body -0.85 1 7 6872 
body 0.24 1 7 6757 
body 0.45 1 7 6713 
body -0.01 2 14 9103 
body -0.47 1 7 6019 
body 1.01 1 7 6307 
body 0.83 1 7 5935 
body 0.28 3 21 11562 
body -0.22 3 21 12655 
body 0.38 2 14 9452 
body 0.98 1 7 5955 
body 2.46 1 7 5080 
body -0.26 1 7 5868 
body 0.99 1 7 5677 
body -0.71 2 14 13055 
body -0.10 4 28 15471 
body -0.94 1 7 5739 
body 1.34 1 7 6271 
body -1.08 1 7 5700 
body 0.34 3 21 15826 
body -1.39 1 7 5735 
body -0.43 1 7 5321 
body -0.05 4 28 19044 
body 0.11 3 21 11468 
body 0.32 3 21 13281 
body 0.25 2 14 9674 
body -0.75 1 7 7500 
body 0.65 2 14 12733 
body 0.27 3 21 13867 
body 0.36 1 7 7353 
body -0.57 2 14 6547 
body 0.16 2 14 6308 
body -0.58 1 7 3269 
body 0.05 1 7 3336 
body 0.37 1 7 3269 
body 0.33 1 7 3210 
body -0.11 1 7 3275 
body 0.35 1 7 3267 
body -0.54 1 7 3273 
body -0.45 1 7 3296 
body 0.03 2 14 6329 
body -0.30 2 14 6329 
body 0.30 1 7 3286 
body 0.07 3 21 9103 
body 0.72 1 7 3209 
body 0.51 1 7 3055 
body 0.01 1 7 3042 
body -0.80 1 7 3047 
body 0.31 2 14 6072 
body 0.12 1 7 3047 
body 0.81 1 7 3033 
up 0.0800 30 210 246368 
up 0.1300 5 35 42773 
up 0.1000 14 98 121373 
up 0.2100 4 28 29676 
up 0.0100 32 224 291491 
up 0.0200 35 245 308787 
up 0.0000 20 140 181238 
up 0.0300 37 259 328022 
up 0.1100 13 91 105379 
up 0.0400 36 252 329325 
up 0.0900 18 126 146543 
up 0.0500 21 147 182943 
up 0.1200 11 77 89681 
up 0.0600 21 147 190801 
up 0.2000 7 49 53910 
up 0.0700 24 168 204218 
up 0.1700 13 91 105306 
up 0.1400 7 49 53692 
up 0.1500 6 42 46441 
up 0.2900 3 21 23435 
up 0.2300 9 63 64859 
up 0.1600 4 28 33538 
up 0.3100 2 14 16307 
up 0.1900 7 49 53446 
up 0.2500 5 35 35291 
up 0.2600 7 49 51214 
up 0.1800 5 35 39452 
up 0.3600 3 21 20155 
up 0.5300 2 14 15142 
up 0.3500 5 35 31334 
up 0.2200 8 56 58778 
up 0.4500 4 28 26611 
up 0.6500 1 7 7882 
up 0.7600 1 7 7868 
up 0.4800 1 7 7903 
up 0.4100 6 42 42573 
up 0.3400 2 14 14139 
up 0.5100 4 28 25060 
up 0.3800 6 42 41957 
up 0.4000 3 21 20284 
up 0.2700 4 28 26771 
up 0.3900 3 21 21004 
up 0.5400 3 21 18856 
up 0.3700 2 14 14061 
up 0.4200 2 14 13351 
up 0.6200 1 7 5642 
up 0.2800 3 21 18431 
up 0.3300 3 21 19027 
up 0.6800 4 28 25762 
up 0.5500 3 21 19478 
up 0.4400 3 21 19071 
up 0.8000 1 7 5963 
up 1.4100 1 7 5545 
up 1.5700 1 7 5707 
up 0.3200 1 7 6127 
up 0.7200 1 7 5962 
up 0.4700 1 7 6132 
up 0.5900 1 7 6200 
up 0.9300 1 7 6365 
up 0.8200 1 7 6526 
up 0.6900 1 7 6934 
up 0.3000 3 21 18222 
up 0.5200 1 7 5082 
up 0.4300 1 7 5833 
up 0.5700 1 7 5080 
up 0.9600 1 7 4884 
up 0.7500 1 7 4806 
up 0.7900 1 7 6244 
up 0.8500 1 7 6323 
up 0.4900 1 7 5218 
up 0.6100 2 14 11476 
up 0.08 15 105 83988 
up 0.26 7 49 36737 
up 0.56 3 21 14508 
up 0.19 10 70 51090 
up 0.27 7 49 37682 
up 0.12 8 56 43862 
up 0.09 16 112 74408 
up 0.15 16 112 89666 
up 0.01 12 84 58405 
up 0.11 14 98 74613 
up 0.03 12 84 58532 
up 0.30 5 35 25669 
up 1.49 1 7 4804 
up 0.04 14 98 71061 
up 0.13 15 105 76897 
up 2.34 1 7 4277 
up 1.20 1 7 3597 
up 0.43 5 35 27293 
up 0.22 9 63 41914 
up 1.90 1 7 3988 
up 0.45 5 35 26810 
up 0.96 5 35 21445 
up 0.34 6 42 27482 
up 0.61 1 7 4231 
up 0.07 16 112 68718 
up 0.06 13 91 70351 
up 0.16 10 70 52962 
up 1.19 1 7 4868 
up 0.74 1 7 4096 
up 0.42 2 14 7840 
up 1.15 1 7 4208 
up 0.20 9 63 41586 
up 1.83 1 7 4120 
up 0.28 6 42 32030 
up 4.18 1 7 4512 
up 3.89 1 7 3293 
up 0.97 1 7 3404 
up 0.85 2 14 6797 
up 0.10 17 119 73299 
up 0.37 7 49 37349 
up 0.02 9 63 40799 
up 0.69 1 7 3902 
up 0.14 13 91 69491 
up 0.32 3 21 10507 
up 0.24 9 63 42506 
up 0.81 1 7 4327 
up 1.54 1 7 3797 
up 0.64 2 14 10521 
up 1.57 1 7 3484 
up 2.12 1 7 3793 
up 0.35 5 35 22283 
up 1.45 1 7 4356 
up 0.76 2 14 9167 
up 0.23 4 28 16577 
up 0.99 1 7 3392 
up 0.70 2 14 10581 
up 0.40 3 21 13787 
up 2.50 1 7 3751 
up 0.33 7 49 35445 
up 0.53 2 14 9839 
up 0.65 2 14 11394 
up 0.41 3 21 16504 
up 0.60 2 14 9000 
up 0.71 2 14 11054 
up 0.86 2 14 9143 
up 0.38 3 21 13004 
up 0.29 3 21 13917 
up 0.54 5 35 26024 
up 0.66 1 7 4611 
up 0.05 11 77 48379 
up 0.88 2 14 10080 
up 0.31 7 49 39001 
up 0.75 1 7 4126 
up 0.62 3 21 12949 
up 0.18 11 77 54034 
up 0.17 7 49 33213 
up 0.44 6 42 32359 
up 0.36 6 42 32417 
up 0.80 2 14 9465 
up 0.47 6 42 25309 
up 0.25 5 35 23196 
up 0.68 2 14 10579 
up 1.06 1 7 4623 
up 0.50 2 14 11458 
up 0.87 1 7 4866 
up 0.55 3 21 16167 
up 0.48 2 14 10921 
up 0.52 1 7 5371 
up 1.65 1 7 4377 
up 0.58 2 14 9577 
up 0.46 3 21 15340 
up 0.21 6 42 33108 
up 0.00 3 21 20038 
up 0.49 2 14 12664 
up 0.79 1 7 5607 
up 0.39 2 14 9640 
up 0.51 1 7 5233 
up 0.57 1 7 5786 
up 0.82 1 7 5797 
up 0.59 1 7 3282 
down 0.0700 19 133 171687 
down 0.0400 32 224 284100 
down 0.0300 41 287 371700 
down 0.0600 20 140 181536 
down 0.0100 34 238 308872 
down 0.0200 39 273 340852 
down 0.0500 20 140 181312 
down 0.0000 23 161 207095 
down 0.0800 17 119 140008 
down 0.0900 18 126 156658 
down 0.1300 7 49 55383 
down 0.1500 7 49 55506 
down 0.1200 14 98 112714 
down 0.1000 11 77 95631 
down 0.1100 14 98 113090 
down 0.1400 10 70 81525 
down 0.1600 11 77 86021 
down 0.2100 11 77 76776 
down 0.2000 1 7 9062 
down 0.3000 2 14 14689 
down 0.1800 3 21 25749 
down 0.1900 5 35 38299 
down 0.2300 5 35 39491 
down 0.2600 5 35 41169 
down 0.5200 4 28 27660 
down 0.2400 4 28 29277 
down 0.1700 8 56 57379 
down 0.2800 4 28 28503 
down 0.2200 6 42 41175 
down 0.2700 10 70 71725 
down 0.4300 3 21 21353 
down 0.9300 1 7 7882 
down 1.0700 1 7 8184 
down 0.6900 1 7 7868 
down 0.9900 1 7 7903 
down 0.5600 1 7 8375 
down 0.2900 5 35 32048 
down 0.2500 6 42 44511 
down 0.3400 3 21 21210 
down 0.3700 3 21 20238 
down 0.4000 5 35 33501 
down 0.3300 3 21 21476 
down 0.3600 5 35 34501 
down 0.3100 2 14 13597 
down 0.5100 2 14 13221 
down 0.4700 1 7 7258 
down 0.3200 3 21 19997 
down 0.4200 4 28 25624 
down 0.7100 1 7 6593 
down 0.3500 2 14 13177 
down 0.4400 2 14 12015 
down 1.2300 1 7 6127 
down 0.6200 1 7 5962 
down 0.4900 2 14 11509 
down 0.4100 2 14 11937 
down 0.5900 1 7 6589 
down 0.3800 2 14 12754 
down 0.3900 1 7 6625 
down 0.5700 1 7 5391 
down 1.0200 1 7 5082 
down 0.4800 3 21 17650 
down 0.6300 1 7 5833 
down 0.7700 1 7 4884 
down 1.5800 1 7 4806 
down 1.0500 2 14 11028 
down 0.8000 2 14 10342 
down 0.7900 1 7 5438 
down 0.8200 2 14 11321 
down 0.5300 2 14 12836 
down 0.5400 1 7 5002 
down 0.6000 1 7 5734 
down 0.8900 1 7 5567 
down 0.4500 2 14 11391 
down 0.7200 1 7 5280 
down 0.7600 1 7 5313 
down 0.6400 1 7 5383 
down 0.22 12 84 68465 
down 0.27 12 84 65032 
down 0.26 7 49 36771 
down 0.07 13 91 61212 
down 0.31 10 70 54060 
down 0.48 4 28 23173 
down 0.60 2 14 11629 
down 0.02 9 63 45877 
down 0.03 13 91 59311 
down 0.18 11 77 60175 
down 0.16 9 63 44225 
down 0.20 9 63 45475 
down 0.52 2 14 12233 
down 0.06 15 105 74944 
down 0.59 3 21 14846 
down 0.84 3 21 14078 
down 0.96 1 7 4277 
down 0.45 5 35 22655 
down 0.40 2 14 10007 
down 1.05 1 7 4822 
down 0.14 11 77 52194 
down 0.80 1 7 4122 
down 0.99 2 14 9504 
down 0.54 2 14 10614 
down 0.46 3 21 13919 
down 1.13 1 7 4558 
down 0.82 1 7 4940 
down 0.30 5 35 25649 
down 0.47 2 14 8842 
down 1.39 2 14 7571 
down 0.64 4 28 18727 
down 0.51 4 28 17105 
down 0.43 6 42 27142 
down 0.21 9 63 44826 
down 0.12 11 77 57286 
down 0.75 1 7 3293 
down 5.49 1 7 3404 
down 1.81 1 7 3307 
down 0.11 9 63 46273 
down 0.37 3 21 13830 
down 2.05 1 7 3810 
down 1.02 1 7 3902 
down 0.50 4 28 20400 
down 0.42 8 56 41859 
down 0.62 1 7 4327 
down 0.08 14 98 59683 
down 1.09 2 14 8413 
down 1.63 1 7 4061 
down 1.14 1 7 3484 
down 2.57 1 7 3627 
down 1.37 1 7 3799 
down 5.74 1 7 3490 
down 1.65 1 7 3661 
down 1.46 1 7 3855 
down 1.89 1 7 3628 
down 0.83 1 7 3751 
down 0.04 10 70 51279 
down 1.40 1 7 3835 
down 2.07 1 7 3621 
down 0.95 2 14 8363 
down 0.76 2 14 8528 
down 0.35 4 28 22568 
down 1.43 2 14 8158 
down 2.49 1 7 5199 
down 1.10 1 7 4191 
down 0.25 4 28 19739 
down 0.93 3 21 13583 
down 0.41 1 7 4171 
down 0.63 1 7 5273 
down 0.34 7 49 32574 
down 0.32 5 35 31863 
down 0.70 1 7 4149 
down 0.61 1 7 4027 
down 0.55 1 7 4237 
down 0.24 4 28 21484 
down 0.94 2 14 9485 
down 0.19 14 98 72907 
down 0.28 5 35 25182 
down 0.01 7 49 37339 
down 0.65 2 14 10199 
down 1.04 1 7 4280 
down 0.23 12 84 53288 
down 0.29 3 21 14912 
down 0.15 16 112 78084 
down 1.19 1 7 4761 
down 1.12 1 7 4419 
down 0.72 1 7 4694 
down 0.33 3 21 15976 
down 0.38 4 28 20461 
down 0.57 1 7 4760 
down 2.21 1 7 4118 
down 0.36 2 14 10757 
down 0.17 10 70 58465 
down 1.21 1 7 4023 
down 0.56 1 7 5082 
down 0.71 2 14 12059 
down 1.22 1 7 4599 
down 0.53 2 14 10770 
down 0.74 1 7 4823 
down 0.13 9 63 43096 
down 0.58 2 14 11690 
down 0.00 8 56 42247 
down 0.09 18 126 74017 
down 0.68 1 7 6056 
down 0.49 1 7 6186 
down 0.05 12 84 63668 
down 0.10 8 56 41640 
down 0.66 1 7 5302 
down 2.00 1 7 5504 
down 0.39 1 7 5607 
down 0.77 1 7 5808 
down 0.44 2 14 12133 
down 1.15 1 7 3266 
