open 114.44 1 7 3311 
open 116.80 2 14 8525 
open 117.78 2 10 6076 
open 116.63 1 7 3377 
open 115.81 2 11 6242 
open 114.78 1 7 3262 
open 116.82 1 7 3493 
open 115.71 1 7 3246 
open 116.16 1 7 3396 
open 118.70 1 7 3369 
open 119.70 2 10 6206 
open 122.15 2 14 6356 
open 125.56 1 7 3275 
open 124.40 2 14 7548 
open 123.36 2 14 7616 
open 122.28 1 7 3327 
open 122.11 1 7 3380 
open 121.31 1 7 3248 
open 123.22 1 7 3217 
open 122.72 1 7 3542 
open 120.12 1 7 3275 
open 120.18 1 7 3419 
open 121.58 1 7 3281 
open 122.85 1 7 3297 
open 123.82 2 14 7907 
open 125.32 1 7 3337 
open 124.80 1 7 3482 
open 124.23 1 7 3658 
open 125.06 1 7 3836 
open 123.54 1 7 3592 
open 121.82 1 7 3367 
open 119.76 1 7 3725 
open 120.01 2 10 6642 
open 119.39 1 7 3701 
open 119.58 3 17 9685 
open 117.26 3 13 9463 
open 117.56 1 7 3581 
open 120.60 1 7 3573 
open 120.22 1 7 3452 
open 121.33 3 16 9460 
open 122.55 1 7 3473 
open 122.06 1 7 3392 
open 121.22 2 10 6517 
open 121.47 1 7 3506 
open 122.59 1 7 4911 
open 123.89 1 7 4952 
open 124.09 1 7 4717 
open 125.93 1 7 4734 
open 127.95 1 7 5959 
open 131.15 1 7 8019 
open 131.64 1 7 4789 
open 132.86 1 7 4771 
open 131.08 1 7 4815 
open 133.74 1 7 4681 
open 133.44 1 7 4534 
open 133.87 1 7 4860 
open 132.67 1 7 4834 
open 133.62 1 7 4738 
open 134.64 1 7 4659 
open 132.23 1 7 4285 
open 129.17 1 7 4533 
open 132.12 1 7 4703 
open 133.15 2 14 9587 
open 130.63 1 7 5078 
open 131.13 1 7 5181 
open 130.22 1 7 5206 
open 128.58 1 7 5473 
open 128.16 1 7 5229 
open 128.51 1 7 4869 
open 124.28 1 7 5239 
open 124.50 1 7 4972 
open 124.16 1 7 5036 
open 125.30 1 7 5159 
open 124.26 1 7 4800 
open 121.12 1 7 4665 
open 119.98 2 11 7950 
open 118.06 1 7 4749 
open 115.93 1 7 4709 
open 117.34 1 7 4487 
open 120.23 1 7 4665 
open 120.96 1 7 4792 
open 118.24 1 7 4465 
open 118.62 1 7 4827 
open 118.13 1 7 4851 
open 117.14 2 10 7801 
open 119.88 1 7 4569 
open 122.09 1 7 4483 
open 122.65 1 7 4857 
open 124.07 1 7 5084 
open 124.64 1 7 5017 
open 125.13 1 7 4760 
open 123.03 2 10 8068 
open 121.93 1 7 4817 
open 119.60 1 7 4928 
open 122.18 1 7 4945 
open 121.55 1 7 5317 
open 124.30 1 7 4670 
open 121.54 1 7 5056 
open 120.31 2 14 12797 
open 118.74 1 7 5971 
open 120.38 2 11 7938 
open 118.11 3 21 16072 
open 118.64 3 18 11296 
open 119.63 2 12 8504 
open 121.06 1 7 5512 
open 119.03 1 7 5542 
open 117.46 2 10 9333 
open 117.32 2 14 11157 
open 117.09 1 7 5217 
open 118.59 1 7 4829 
open 120.06 1 7 5077 
open 117.79 2 10 7742 
open 119.72 1 7 4919 
open 119.86 1 7 4881 
open 119.90 2 11 8019 
open 117.60 1 7 5227 
open 116.76 1 7 5075 
open 116.62 1 7 5418 
open 117.28 1 7 4725 
open 119.16 1 7 5036 
open 117.68 2 10 8534 
open 117.92 1 7 5082 
open 119.26 1 7 5223 
open 118.25 1 7 4974 
open 117.86 1 7 4633 
open 119.02 1 7 4896 
open 119.82 1 7 4857 
open 119.89 1 7 4685 
open 118.58 2 14 9722 
open 116.43 1 7 4678 
open 116.18 2 11 7342 
open 112.25 1 7 4299 
open 111.28 1 7 4670 
open 109.92 1 7 4789 
open 108.76 1 7 4401 
open 109.59 4 17 13589 
open 108.16 1 7 4562 
open 109.67 1 7 4692 
open 108.72 1 7 4473 
open 108.04 1 7 4884 
open 109.43 1 7 4951 
open 108.65 1 7 4918 
open 107.14 1 7 5137 
open 107.55 1 7 5345 
open 107.35 3 13 13108 
open 107.29 2 10 8916 
open 106.19 1 7 3084 
open 106.24 1 7 3049 
open 106.85 1 7 3056 
open 105.61 1 7 3065 
open 105.45 1 7 3063 
open 105.59 1 7 3077 
open 105.62 1 7 3055 
open 108.20 1 7 3059 
open 110.02 1 7 3081 
open 111.38 1 7 3066 
open 108.79 1 7 3049 
open 106.69 1 7 3005 
open 105.82 1 7 3048 
open 105.75 1 7 3073 
open 106.83 1 7 3052 
open 108.94 1 7 3048 
open 109.52 1 7 3062 
open 109.51 1 7 3057 
open 112.93 2 10 6061 
open 114.02 1 7 3044 
open 111.82 1 7 3021 
open 110.40 1 7 3019 
open 109.55 1 7 3018 
open 109.42 1 7 3018 
open 109.17 1 7 3021 
open 108.23 1 7 3020 
open 109.39 2 10 6021 
open 108.39 1 7 3015 
open 108.51 1 7 3037 
open 110.89 1 7 3022 
open 110.66 1 7 3021 
open 111.23 1 7 3027 
open 109.95 2 10 6041 
open 109.70 1 7 3016 
open 109.12 1 7 3019 
open 109.41 1 7 3019 
open 109.54 2 11 6066 
open 109.77 1 7 3019 
open 111.32 1 7 3022 
open 111.06 1 7 3027 
open 109.65 4 22 19172 
open 108.36 2 10 6020 
open 106.68 1 7 3075 
open 106.04 1 7 3021 
open 105.66 1 7 3018 
open 105.37 1 7 3023 
open 103.41 2 10 6026 
open 102.98 1 7 3028 
open 102.85 1 7 3025 
open 105.58 1 7 3035 
open 104.45 1 7 3025 
open 103.03 1 7 4338 
open 104.42 1 7 3017 
open 103.35 1 5 3006 
open 102.17 1 3 2999 
open 103.97 1 4 3006 
open 103.66 1 3 2999 
open 105.81 2 6 5998 
open 104.50 1 3 2999 
open 104.15 1 3 2999 
open 104.36 1 3 3007 
open 104.56 1 3 2999 
open 104.52 1 3 2999 
open 105.55 1 3 2939 
open 108.27 1 3 2999 
open 107.77 2 7 6003 
open 106.86 1 3 2999 
open 106.11 1 3 2999 
open 104.87 1 3 2999 
open 105.47 1 3 2999 
open 107.39 1 3 2999 
open 107.59 1 3 2999 
open 106.64 1 3 2999 
open 109.40 1 3 2999 
open 108.40 1 3 2999 
open 109.78 1 3 2999 
open 111.56 1 3 2999 
open 110.95 1 3 2999 
open 112.88 1 3 2999 
open 112.51 2 7 6185 
open 111.42 1 3 2999 
open 111.78 2 6 5998 
open 109.87 1 3 2999 
open 111.36 2 6 5998 
open 109.61 1 3 2999 
open 110.72 2 6 6006 
open 111.95 1 3 2999 
open 113.26 1 3 2999 
open 114.34 2 8 8818 
open 114.56 2 6 5998 
open 115.77 1 3 2999 
open 115.11 1 3 3059 
open 116.65 1 3 2999 
open 118.89 1 3 2999 
open 118.69 1 3 2999 
open 120.76 1 3 2999 
open 117.18 1 3 2999 
open 117.40 2 7 6488 
open 116.21 1 3 2999 
open 114.45 1 3 2999 
open 115.44 1 3 2999 
open 114.83 2 7 6059 
open 118.79 1 3 2999 
open 117.80 1 4 3003 
open 117.58 2 6 5999 
open 117.12 2 6 5938 
open 117.42 1 3 2999 
open 118.20 2 6 5999 
open 116.85 1 3 3000 
open 114.89 2 6 5998 
open 113.36 2 6 6007 
open 111.00 1 3 2999 
open 109.75 1 4 3001 
open 112.14 2 7 5999 
open 113.20 2 8 7930 
open 115.23 1 3 2999 
open 116.31 1 3 2999 
open 115.08 1 3 2999 
open 114.28 1 3 2999 
open 117.31 1 4 3001 
open 115.68 1 3 2999 
open 115.96 1 4 3001 
open 116.46 1 3 2999 
open 116.68 1 3 2999 
open 117.64 2 6 5998 
open 118.03 1 3 2999 
open 119.65 1 3 2999 
open 119.34 1 3 3059 
open 116.86 1 3 2999 
open 117.83 1 3 2999 
open 116.22 1 3 2999 
open 114.92 1 3 2999 
open 116.72 1 3 2999 
open 118.07 1 4 4380 
open 119.15 1 4 4380 
open 118.80 2 6 5998 
open 119.36 1 3 2999 
open 120.66 2 6 5999 
open 121.66 1 3 2999 
open 121.69 1 3 2999 
open 120.04 1 4 3000 
open 120.02 2 6 5999 
open 116.77 1 3 2999 
open 116.08 1 4 3000 
open 117.22 1 3 2939 
open 117.75 2 10 7411 
open 118.83 1 3 2999 
open 119.10 2 6 5999 
open 118.94 1 3 2999 
open 118.52 1 3 2999 
open 119.80 1 3 2999 
open 119.97 1 3 2999 
open 120.19 1 3 2999 
open 121.63 1 3 2999 
open 121.60 1 3 2999 
open 121.61 1 3 2999 
open 123.40 1 3 2999 
open 122.47 1 4 3007 
open 121.34 1 3 2999 
open 122.04 1 3 2999 
open 120.25 1 3 2999 
open 118.44 1 3 3002 
open 117.45 1 4 3014 
open 114.16 2 7 6002 
open 114.32 1 3 2999 
open 116.20 1 3 2999 
open 114.22 1 3 2999 
open 115.90 1 3 2999 
open 114.72 1 3 2999 
open 115.72 1 3 2999 
open 117.15 1 3 2999 
open 116.92 1 3 2999 
open 114.63 1 3 2999 
open 114.64 1 3 2999 
open 110.88 1 3 2999 
open 109.90 1 4 3000 
open 108.80 2 9 7252 
open 109.84 1 4 3001 
open 113.31 1 5 4380 
open 111.89 1 5 3001 
open 108.95 1 3 2999 
open 106.92 1 3 2999 
open 106.67 1 3 2999 
open 107.04 1 3 2999 
open 106.73 1 3 2999 
open 107.31 2 6 5998 
open 107.83 1 3 2999 
open 107.28 1 3 2999 
open 103.42 1 4 3000 
open 103.37 1 3 2999 
open 100.12 1 3 2999 
open 99.97 1 3 2939 
open 101.67 1 3 2999 
open 102.71 1 3 2999 
open 101.81 1 3 2999 
open 102.89 1 3 2999 
open 103.99 1 3 2999 
open 104.70 1 4 3000 
open 104.64 1 4 3000 
open 103.60 2 7 6001 
open 104.16 1 3 2999 
open 105.11 1 3 2999 
open 107.94 1 3 2999 
open 107.76 1 3 2999 
open 106.01 1 3 2999 
open 107.42 1 3 2999 
open 104.77 1 3 2999 
open 107.20 1 3 2999 
open 108.09 2 9 6019 
open 108.28 1 4 3000 
open 109.23 1 3 2999 
open 109.71 1 3 2999 
open 108.62 1 3 2999 
open 107.24 1 3 2999 
open 105.69 1 3 2999 
open 106.03 1 3 2999 
open 101.43 1 3 2999 
open 101.99 1 3 2999 
open 100.26 1 4 3071 
open 98.16 1 4 3003 
open 99.79 1 3 2999 
open 97.56 1 3 2999 
open 96.88 1 3 2999 
open 95.30 1 3 2999 
open 93.15 1 3 2999 
open 92.24 1 3 2999 
open 89.04 1 4 3004 
open 90.90 1 5 4609 
open 90.18 2 8 7677 
open 93.40 1 3 2999 
open 89.36 1 3 2999 
open 89.69 1 3 2999 
open 89.12 1 3 2999 
open 89.38 1 3 2999 
open 90.38 1 3 2999 
open 92.36 1 3 2999 
open 96.78 1 3 2999 
open 98.24 2 6 5999 
open 98.69 1 3 2999 
open 98.74 2 6 5999 
open 98.12 2 7 6002 
open 98.96 1 4 3000 
open 100.67 1 3 3000 
open 98.98 1 3 2999 
open 98.65 1 3 2999 
open 96.53 1 3 2999 
open 98.88 1 3 3000 
open 96.45 1 4 3000 
open 96.14 1 4 3000 
open 95.05 1 3 2999 
open 95.59 1 3 2999 
open 97.46 1 3 2999 
open 96.48 1 3 2999 
open 95.12 1 3 2999 
open 96.30 1 3 2999 
open 94.72 1 3 2999 
open 93.39 1 3 2999 
open 93.69 1 3 2999 
open 94.37 1 3 2999 
open 95.24 1 3 2999 
open 96.00 1 3 2999 
open 94.79 1 3 2999 
open 94.17 1 3 2999 
open 92.79 2 6 5998 
open 92.28 1 4 3000 
open 90.97 1 3 2999 
open 91.11 2 6 5998 
open 90.04 1 3 2999 
open 88.69 1 4 3000 
open 89.74 1 4 3000 
open 90.69 1 3 3059 
open 91.76 1 3 2999 
open 90.26 1 3 2999 
open 89.76 1 3 2999 
open 89.32 1 3 3028 
open 88.48 1 3 2999 
open 86.73 1 3 3000 
open 88.34 1 3 2999 
open 89.67 1 3 2999 
open 91.78 1 4 4618 
open 91.94 1 4 4617 
open 91.71 1 3 2999 
open 91.13 1 3 2999 
open 89.60 1 3 2999 
open 90.36 1 3 2999 
open 89.75 1 3 2999 
open 90.20 1 3 2999 
open 88.75 1 3 2999 
open 89.89 1 3 2999 
open 90.33 1 3 2999 
open 90.37 1 3 2939 
open 93.75 1 4 3000 
open 93.17 2 7 6001 
open 93.13 1 5 3001 
open 94.68 1 3 2999 
open 92.60 1 3 3000 
open 91.97 1 3 2999 
open 90.30 1 3 2999 
open 91.05 1 4 3000 
open 91.41 1 3 2999 
open 91.43 1 3 2999 
open 90.54 1 3 2999 
open 88.64 1 3 2999 
open 87.50 1 3 2999 
open 88.83 1 4 3001 
open 87.27 1 4 3004 
open 87.75 1 6 3002 
open 85.74 1 7 3003 
open 85.36 1 6 3002 
open 85.57 1 5 3021 
open 84.19 1 4 3000 
open 84.12 1 5 3003 
open 83.72 2 11 6528 
open 83.06 1 5 3036 
open 85.10 1 7 3025 
open 83.88 1 5 3138 
open 83.19 1 6 3153 
open 81.78 1 3 3003 
open 81.52 1 6 3047 
open 81.30 1 4 3060 
open 80.64 1 6 3004 
open 81.63 1 3 2999 
open 83.34 1 4 3001 
open 83.12 2 11 6167 
open 83.65 2 10 5943 
open 83.45 1 6 3012 
open 83.61 1 5 3003 
open 82.40 2 8 6518 
open 82.09 1 4 3001 
open 83.31 1 4 3004 
open 82.59 1 5 3041 
open 82.19 1 4 3000 
open 81.37 1 4 3000 
open 82.27 1 3 2999 
open 83.69 1 5 3009 
open 82.76 2 9 6016 
open 81.90 1 3 2999 
open 82.65 1 3 2999 
open 80.79 1 3 2999 
open 81.02 1 3 2939 
open 85.13 1 4 3001 
open 83.52 1 6 3051 
open 82.57 1 5 3057 
open 81.46 1 3 3008 
open 80.97 1 5 3080 
open 81.00 1 3 2999 
open 81.48 1 3 2999 
open 82.08 2 6 5998 
open 81.42 1 4 3000 
open 80.15 1 3 2999 
open 80.51 1 3 2999 
open 80.23 1 3 2999 
open 81.04 1 4 3262 
open 81.05 1 3 2999 
open 79.34 1 3 2999 
open 79.11 1 3 2999 
open 77.90 1 3 2999 
open 77.31 1 3 2999 
open 76.99 1 4 3001 
open 76.75 2 7 6025 
open 76.66 2 10 6069 
open 76.69 2 8 6039 
open 77.61 1 7 3080 
open 76.92 2 10 6045 
open 76.44 1 4 3017 
open 76.80 1 5 3044 
open 76.76 1 3 2999 
open 76.11 1 6 3094 
open 78.38 1 3 2999 
open 77.71 1 5 3016 
open 77.02 1 5 3002 
open 77.93 1 5 3061 
open 77.70 1 3 2999 
open 77.94 1 3 2999 
open 77.81 1 4 3686 
open 77.86 1 4 3420 
open 76.81 2 6 5998 
open 77.67 1 4 3000 
open 76.28 1 3 2999 
open 76.77 1 3 2999 
open 78.39 1 3 2999 
open 79.72 1 4 3000 
open 80.49 1 4 3000 
open 80.74 1 3 2999 
open 82.91 1 3 3008 
open 80.67 1 3 2999 
open 80.96 1 3 2999 
open 81.32 1 3 2999 
open 80.13 1 3 2999 
open 79.84 1 3 2999 
open 80.22 1 3 2999 
open 79.96 1 3 2999 
open 79.47 1 3 2999 
open 78.72 1 3 2999 
open 79.60 1 5 3002 
open 79.03 1 3 2999 
open 79.51 1 4 3000 
open 79.80 1 3 2999 
open 79.38 1 3 2999 
open 79.09 1 3 2999 
open 78.13 1 3 2999 
open 78.09 1 3 2999 
open 78.60 1 5 3001 
open 78.76 1 4 3000 
open 79.26 1 3 2999 
open 78.56 1 5 3012 
open 78.42 1 5 3021 
open 77.74 1 3 2999 
open 78.78 1 3 2999 
open 77.76 1 3 3000 
open 78.18 1 4 3000 
open 78.22 1 5 3017 
open 78.85 1 6 3014 
open 79.85 1 5 3061 
open 79.57 1 4 3004 
open 80.37 1 3 2999 
open 79.41 1 3 2999 
open 81.67 1 4 3009 
open 81.88 1 3 2999 
open 82.50 1 4 3000 
open 84.23 1 7 4769 
open 85.00 1 5 3059 
open 86.61 1 4 3000 
open 86.92 1 3 2999 
open 88.82 1 3 2999 
open 88.73 1 3 2999 
open 90.71 1 3 3000 
open 93.60 1 4 3000 
open 93.24 1 4 3000 
open 93.53 1 4 3000 
open 91.95 1 3 2999 
open 93.33 1 4 3000 
open 95.88 1 3 2999 
open 95.02 1 3 2999 
open 94.60 1 4 2940 
open 93.36 1 3 2999 
open 99.14 1 3 2999 
open 97.62 1 3 2999 
open 99.42 1 4 3000 
open 97.38 1 3 2999 
open 98.77 1 4 3000 
open 102.24 1 3 2999 
open 102.40 1 3 2999 
open 102.28 2 6 5999 
open 100.16 1 3 2999 
open 96.04 1 4 3000 
open 95.49 1 3 2999 
open 98.17 2 7 6120 
open 100.75 1 3 3000 
open 101.12 1 4 3725 
open 99.17 1 5 3005 
open 99.52 1 4 3002 
open 98.08 1 3 3000 
open 97.66 1 3 3000 
open 97.31 1 4 3001 
open 97.08 1 3 3000 
open 99.62 1 4 3030 
open 100.39 1 4 3001 
open 99.12 1 5 3002 
open 98.02 1 3 3000 
open 96.85 1 3 3000 
open 98.20 1 5 3006 
open 98.47 1 4 3003 
open 99.61 1 5 3010 
open 100.13 1 6 3013 
open 101.29 1 5 3007 
open 102.52 1 4 3002 
open 102.80 1 3 3001 
open 102.67 1 6 4443 
open 104.49 1 6 4741 
open 105.34 1 4 4439 
open 104.62 1 3 3000 
open 104.23 1 3 3001 
open 104.29 1 3 3001 
open 103.32 1 4 3002 
open 101.60 1 4 3006 
open 102.61 1 4 3004 
open 102.38 1 4 3003 
open 102.20 1 3 3000 
open 102.22 2 7 6002 
open 102.94 1 3 3002 
open 101.38 1 3 2999 
open 102.27 1 4 2940 
open 101.84 1 4 3002 
open 101.80 1 4 3002 
open 102.62 1 3 3001 
open 102.60 2 7 6003 
open 101.68 1 3 3000 
open 101.23 1 4 3001 
open 101.96 1 3 3001 
open 102.51 1 3 3000 
open 102.15 1 4 3003 
open 101.92 1 3 3000 
open 101.53 1 3 3000 
open 101.50 1 5 3002 
open 101.65 1 4 3001 
open 101.45 1 3 3000 
open 102.08 1 4 3001 
open 102.26 1 7 3011 
open 102.90 1 4 3004 
open 104.07 1 4 3121 
open 105.09 1 5 3058 
open 106.18 1 5 3008 
open 107.15 1 6 5953 
open 107.99 1 5 3007 
open 107.23 1 4 3010 
open 107.01 1 6 3080 
open 113.44 1 3 3004 
open 115.78 1 3 3009 
open 116.89 1 7 3033 
open 117.90 1 6 3032 
open 119.21 1 6 3037 
open 116.53 1 6 3038 
open 120.73 1 6 4763 
open 119.79 1 7 5835 
open 118.55 1 6 3034 
open 117.87 1 7 3036 
open 117.54 1 6 3031 
open 119.41 1 6 3028 
open 119.20 1 6 3030 
open 118.95 1 7 3036 
open 119.66 1 7 3041 
open 121.10 1 6 3032 
open 119.71 1 6 2948 
open 120.24 1 4 3001 
open 119.37 1 4 3001 
open 118.82 1 4 3001 
open 119.85 1 3 3000 
open 122.98 1 4 3003 
open 124.03 1 5 3004 
open 124.37 2 7 6001 
open 123.37 1 5 3003 
open 123.90 1 3 3000 
open 122.39 1 4 3003 
open 122.48 1 4 3002 
open 123.33 1 3 3001 
open 123.83 1 3 3000 
open 123.56 1 3 3000 
open 124.33 1 5 3002 
open 125.04 1 4 3001 
open 118.92 1 4 3001 
open 119.93 1 4 3001 
open 120.37 1 4 3001 
open 119.78 1 4 3001 
open 120.20 1 5 3002 
open 119.74 1 4 3001 
open 119.81 1 3 3061 
open 121.05 2 7 7500 
open 123.14 1 3 3001 
open 123.41 1 4 3002 
open 122.52 1 4 3002 
open 122.84 1 3 3003 
open 122.89 1 3 3003 
open 121.65 1 3 3002 
open 120.47 1 5 4561 
open 117.69 1 3 3002 
open 117.61 1 3 3001 
open 118.38 1 4 3002 
open 119.77 1 3 3002 
open 115.15 2 6 6010 
open 111.99 1 3 3001 
open 113.99 1 3 3001 
open 112.64 1 4 3001 
open 113.15 1 4 3002 
open 112.27 1 3 2940 
open 112.56 1 3 2999 
open 110.39 1 3 2999 
open 108.69 2 6 5999 
open 109.21 1 3 2999 
open 111.20 1 3 2999 
open 106.63 1 5 3004 
open 109.15 2 6 6009 
open 109.10 1 6 3015 
open 110.13 1 5 3014 
open 110.53 3 12 9024 
open 107.11 1 4 3007 
open 106.12 1 3 2999 
open 104.68 1 3 2999 
open 102.59 1 3 2999 
open 101.20 1 3 2999 
open 104.69 1 3 2999 
open 106.10 1 4 3241 
open 104.67 1 3 2999 
open 100.96 1 4 3000 
open 101.88 1 3 2999 
open 100.27 1 3 2999 
open 100.25 1 3 2999 
open 102.96 1 3 2999 
open 102.03 1 3 2999 
open 102.56 1 4 3000 
open 101.70 1 3 2999 
open 100.31 1 4 3000 
open 102.81 1 4 3000 
open 103.83 1 4 3000 
open 104.14 1 5 3062 
open 104.04 1 3 3010 
open 105.21 1 3 3009 
open 111.12 1 3 3010 
open 112.37 2 6 6018 
open 114.00 1 3 3009 
open 117.84 1 4 3789 
open 117.72 1 3 3009 
open 115.75 1 3 3009 
open 112.58 2 6 6018 
open 113.77 2 6 6019 
open 112.84 1 3 3010 
open 114.24 1 3 3010 
open 113.64 1 3 3009 
open 112.81 1 3 3009 
open 113.95 1 3 3010 
open 114.71 1 3 3010 
open 111.75 1 3 2948 
open 111.14 1 3 2999 
open 110.80 1 3 2999 
open 108.42 1 3 2999 
open 111.01 1 3 2999 
open 111.96 2 6 5998 
open 113.78 1 3 2999 
open 112.76 2 6 6008 
open 110.83 1 4 3000 
open 110.04 1 3 2999 
open 111.33 1 3 2999 
open 112.21 1 4 3001 
open 113.08 1 3 2999 
open 113.82 2 6 6008 
open 112.04 1 5 3001 
open 111.86 1 3 2999 
open 110.35 1 3 2999 
open 110.11 1 3 2999 
open 110.58 1 3 2999 
open 109.68 1 3 2999 
open 108.59 1 3 2999 
open 110.19 1 3 2999 
open 111.50 1 3 2999 
open 112.26 1 5 3001 
open 112.82 1 3 2999 
open 112.36 1 3 2999 
open 112.15 1 3 2999 
open 113.92 1 3 3060 
open 113.60 1 3 3009 
open 113.98 1 3 3010 
open 113.41 2 7 6020 
open 112.45 1 5 3687 
open 111.45 1 4 3026 
open 113.53 1 3 3010 
open 112.86 1 5 4508 
open 112.30 1 3 3010 
open 112.63 1 3 3010 
open 110.47 1 3 3009 
open 110.30 2 8 6016 
open 108.74 2 10 6178 
open 107.82 1 3 2999 
open 105.48 1 3 2999 
open 106.46 1 3 2999 
open 106.51 1 4 2940 
open 105.49 1 3 2999 
open 106.42 1 3 2999 
open 107.09 1 3 2999 
open 106.99 1 3 2999 
open 109.89 1 3 3076 
open 109.00 1 3 2999 
open 110.75 1 3 3074 
open 108.47 1 3 2999 
open 109.83 1 3 2999 
open 110.44 1 3 2999 
open 110.07 1 3 2999 
open 110.16 1 3 2999 
open 110.51 2 6 5948 
open 110.86 1 3 3008 
open 111.22 1 4 3010 
open 111.73 1 3 3009 
open 111.35 1 3 3009 
open 111.17 1 3 3008 
open 110.09 1 3 3009 
open 111.15 1 3 3008 
open 111.46 1 3 3008 
open 111.60 1 4 3010 
open 112.33 1 3 3008 
open 112.97 1 3 3008 
open 113.62 1 3 3008 
open 113.00 1 3 3008 
open 112.28 1 3 3009 
open 112.40 1 3 3068 
open 113.07 1 4 3010 
open 112.74 1 3 3009 
open 110.25 1 4 3187 
open 109.66 1 3 3000 
open 109.36 1 3 3009 
open 109.34 1 3 3009 
open 110.46 1 3 3008 
open 110.57 1 4 3000 
open 111.88 1 3 2999 
open 111.30 1 3 2999 
open 111.29 1 3 2999 
open 111.10 1 3 2999 
open 111.83 1 3 2999 
open 111.40 1 3 2999 
open 110.17 1 3 2999 
open 109.62 1 3 2999 
open 109.37 1 3 2999 
open 108.21 1 3 2999 
open 108.49 1 3 2999 
open 108.56 1 3 2999 
open 107.19 1 3 2999 
open 108.93 1 3 2999 
open 108.22 1 3 2999 
open 108.25 1 3 2999 
hight 116.88 1 7 3311 
hight 119.36 5 27 18979 
hight 119.84 2 10 6076 
hight 118.44 3 17 11350 
hight 116.70 1 7 3242 
hight 117.92 3 13 9261 
hight 116.87 1 7 3493 
hight 117.14 1 7 3246 
hight 119.73 1 7 3396 
hight 120.67 2 14 8226 
hight 123.59 1 7 3207 
hight 124.27 1 7 3199 
hight 126.81 1 7 3157 
hight 126.23 1 7 3275 
hight 124.93 1 7 3869 
hight 123.58 1 7 3130 
hight 124.29 1 7 3327 
hight 122.50 1 7 3380 
hight 123.64 2 11 6255 
hight 124.00 1 7 3217 
hight 122.79 1 7 3542 
hight 120.57 1 7 3275 
hight 122.04 2 11 6419 
hight 123.70 1 7 3281 
hight 124.67 1 7 3297 
hight 124.96 1 7 3320 
hight 126.11 1 7 3679 
hight 125.71 1 7 3337 
hight 125.41 1 7 3482 
hight 125.34 1 7 3658 
hight 125.17 1 7 3836 
hight 123.93 1 7 3592 
hight 121.84 2 10 6366 
hight 120.78 1 7 3725 
hight 120.28 3 21 12957 
hight 122.02 1 7 3701 
hight 119.81 3 14 9648 
hight 118.09 1 7 3465 
hight 121.11 2 11 8079 
hight 121.45 1 7 3573 
hight 121.86 1 7 3452 
hight 123.00 1 7 3452 
hight 123.33 1 7 3473 
hight 122.60 1 7 3392 
hight 121.76 1 7 3518 
hight 123.48 1 7 3506 
hight 124.54 1 7 4911 
hight 124.31 1 7 4952 
hight 126.36 1 7 4717 
hight 128.40 1 7 4734 
hight 131.15 1 7 5959 
hight 132.02 1 7 8019 
hight 132.88 1 7 4789 
hight 133.32 1 7 4771 
hight 134.44 1 7 4815 
hight 134.90 1 7 4681 
hight 135.14 1 7 4534 
hight 134.99 1 7 4860 
hight 133.96 1 7 4834 
hight 134.65 1 7 4738 
hight 134.96 1 7 4659 
hight 132.45 1 7 4285 
hight 132.43 1 7 4533 
hight 133.42 1 7 4703 
hight 133.80 1 7 4684 
hight 133.26 1 7 4903 
hight 132.36 1 7 5078 
hight 131.26 1 7 5181 
hight 130.39 1 7 5206 
hight 128.63 1 7 5473 
hight 129.04 1 7 5229 
hight 128.62 1 7 4869 
hight 125.31 1 7 5239 
hight 124.64 1 7 4972 
hight 125.74 1 7 5036 
hight 125.88 1 7 5159 
hight 124.34 1 7 4800 
hight 121.55 1 7 4665 
hight 120.60 1 7 4949 
hight 118.30 2 10 7748 
hight 117.88 2 10 7708 
hight 121.19 1 7 4665 
hight 121.33 1 7 4792 
hight 119.24 1 7 4465 
hight 119.03 1 7 4851 
hight 120.09 1 7 4802 
hight 123.39 2 14 9055 
hight 124.20 1 7 4483 
hight 124.59 2 11 7858 
hight 124.95 1 7 5084 
hight 125.61 1 7 5017 
hight 125.20 1 7 4760 
hight 123.22 1 7 5069 
hight 122.62 1 7 4817 
hight 122.47 1 7 4928 
hight 123.16 1 7 4945 
hight 125.00 1 7 5317 
hight 125.69 1 7 4670 
hight 124.03 1 7 4587 
hight 121.66 1 7 5056 
hight 120.34 1 7 7405 
hight 120.56 1 7 5971 
hight 120.41 1 7 4935 
hight 119.11 1 7 5537 
hight 119.26 1 7 5618 
hight 120.88 1 7 5254 
hight 121.75 1 7 5500 
hight 121.44 1 7 5512 
hight 119.18 1 7 5542 
hight 118.26 2 10 9333 
hight 117.56 2 10 8873 
hight 119.15 1 7 5217 
hight 121.85 1 7 4829 
hight 120.45 1 7 5077 
hight 120.87 1 7 4743 
hight 120.83 2 11 7920 
hight 120.72 3 17 14227 
hight 121.12 1 7 4881 
hight 119.94 3 17 11051 
hight 117.78 1 7 5227 
hight 117.46 1 7 5075 
hight 117.76 1 7 5418 
hight 119.62 1 7 4725 
hight 118.38 1 7 5535 
hight 119.08 1 7 4917 
hight 120.20 1 7 5082 
hight 119.45 1 7 5223 
hight 119.90 2 14 7933 
hight 120.42 1 7 4685 
hight 119.76 1 7 4946 
hight 118.73 1 7 4776 
hight 117.99 2 11 8283 
hight 117.68 1 7 4678 
hight 117.67 1 7 5213 
hight 116.50 1 7 4342 
hight 112.31 2 14 7380 
hight 111.44 3 17 10636 
hight 110.23 2 10 7788 
hight 110.56 1 7 4401 
hight 109.97 1 7 4591 
hight 111.47 1 7 4562 
hight 110.37 2 11 7692 
hight 109.72 1 7 4473 
hight 110.01 2 10 7960 
hight 110.00 2 14 7966 
hight 108.79 1 7 4918 
hight 108.70 1 7 5137 
hight 108.07 1 7 5345 
hight 107.53 1 7 7110 
hight 107.48 1 7 5917 
hight 108.22 1 7 3084 
hight 107.90 1 7 3049 
hight 107.25 2 10 6055 
hight 106.59 1 7 3065 
hight 106.76 1 7 3063 
hight 105.99 1 7 3077 
hight 109.36 2 12 6059 
hight 110.39 1 7 3059 
hight 111.53 1 7 3066 
hight 108.95 2 10 6048 
hight 106.93 1 7 3005 
hight 107.17 1 7 3048 
hight 106.97 1 7 3073 
hight 109.22 1 7 3052 
hight 109.87 2 10 6048 
hight 111.00 1 7 3062 
hight 114.11 1 7 3057 
hight 114.86 2 10 6062 
hight 114.03 1 7 3044 
hight 112.08 2 10 6020 
hight 111.95 1 7 3019 
hight 111.45 2 10 6027 
hight 110.22 1 7 3018 
hight 109.17 1 7 3021 
hight 109.69 2 10 6019 
hight 109.47 1 7 3022 
hight 111.16 1 7 3037 
hight 112.45 1 7 3022 
hight 111.85 1 7 3021 
hight 112.05 1 7 3027 
hight 110.15 1 7 3032 
hight 110.45 1 7 3016 
hight 110.66 2 10 6018 
hight 110.32 1 7 3019 
hight 110.36 1 7 3033 
hight 111.69 2 11 6019 
hight 111.37 2 10 6021 
hight 110.17 1 7 3027 
hight 108.66 1 7 3021 
hight 107.13 1 7 3075 
hight 106.86 1 7 3021 
hight 107.26 1 7 3018 
hight 105.51 2 12 6085 
hight 103.68 1 7 3017 
hight 103.57 1 7 3028 
hight 106.17 1 7 3025 
hight 105.70 1 7 3035 
hight 104.47 1 7 3025 
hight 104.77 1 7 4338 
hight 105.15 1 7 3017 
hight 103.52 1 5 3006 
hight 104.31 1 3 2999 
hight 104.06 1 4 3006 
hight 105.93 1 3 2999 
hight 106.83 1 3 2999 
hight 105.84 1 3 2999 
hight 105.56 2 7 5999 
hight 105.55 1 3 3007 
hight 105.16 1 3 2999 
hight 105.66 1 3 2999 
hight 107.59 1 3 2939 
hight 108.86 1 3 2999 
hight 108.85 1 3 2999 
hight 108.53 1 4 3004 
hight 107.46 1 3 2999 
hight 106.38 2 6 5998 
hight 105.94 1 3 2999 
hight 107.76 2 6 5998 
hight 108.28 1 3 2999 
hight 108.55 1 3 2999 
hight 108.83 1 3 2999 
hight 109.66 1 3 2999 
hight 110.06 1 3 2999 
hight 112.11 2 7 6000 
hight 112.54 1 3 2999 
hight 112.95 1 3 2999 
hight 113.69 2 6 6007 
hight 112.84 1 3 2999 
hight 112.59 1 3 2999 
hight 111.81 2 6 5998 
hight 110.81 2 10 6026 
hight 111.58 1 3 2999 
hight 111.76 2 6 5947 
hight 111.02 1 3 2999 
hight 112.00 1 3 3007 
hight 113.48 1 3 2999 
hight 114.36 1 3 2999 
hight 114.61 1 3 2999 
hight 115.91 1 3 2999 
hight 115.95 1 3 2999 
hight 116.74 1 3 3059 
hight 118.36 2 6 5998 
hight 119.39 1 3 2999 
hight 119.54 1 3 2999 
hight 119.91 1 3 2999 
hight 121.36 1 3 2999 
hight 121.14 1 3 2999 
hight 120.17 1 3 2999 
hight 117.61 1 3 2999 
hight 118.14 1 3 2999 
hight 116.44 1 3 2999 
hight 115.90 2 6 5998 
hight 115.86 1 3 2999 
hight 117.79 1 3 2999 
hight 118.90 1 3 2999 
hight 118.97 1 3 2999 
hight 118.88 1 3 2999 
hight 118.02 1 4 3000 
hight 119.17 1 4 3003 
hight 117.87 1 3 2999 
hight 118.47 3 13 10350 
hight 118.76 1 3 2999 
hight 118.87 1 3 2999 
hight 118.81 1 3 3000 
hight 115.35 1 3 2999 
hight 114.14 1 3 2999 
hight 111.50 1 3 2999 
hight 112.91 1 4 3001 
hight 112.93 2 7 6008 
hight 113.53 1 3 2999 
hight 115.42 1 3 2999 
hight 115.74 1 3 2999 
hight 116.67 1 3 2999 
hight 116.59 1 3 2999 
hight 115.76 1 3 2999 
hight 117.86 1 4 3001 
hight 117.17 2 6 5998 
hight 115.71 1 3 2999 
hight 116.72 1 3 2999 
hight 116.82 2 7 6010 
hight 117.38 1 3 2999 
hight 117.45 1 3 2999 
hight 118.12 1 4 3000 
hight 117.64 1 3 2999 
hight 119.75 1 3 2999 
hight 119.86 1 3 2999 
hight 119.64 1 4 3003 
hight 119.37 1 3 3059 
hight 118.56 1 3 2999 
hight 118.43 1 3 3000 
hight 116.52 1 3 2999 
hight 117.22 1 3 2999 
hight 119.20 1 4 4380 
hight 119.19 1 4 4380 
hight 119.66 1 3 2999 
hight 120.74 2 9 7762 
hight 121.77 1 3 2999 
hight 122.16 1 3 2999 
hight 121.72 1 3 2999 
hight 121.34 1 3 2999 
hight 121.61 1 3 2999 
hight 118.83 1 3 2999 
hight 118.40 1 3 2939 
hight 118.96 2 10 6032 
hight 119.01 1 3 2999 
hight 119.87 1 3 2999 
hight 120.44 1 3 2999 
hight 120.55 2 7 6000 
hight 121.65 2 9 6031 
hight 122.11 1 3 2999 
hight 121.82 2 9 6036 
hight 123.72 1 3 2999 
hight 124.11 1 3 2999 
hight 123.52 2 6 6001 
hight 122.58 1 3 2999 
hight 122.40 1 3 2999 
hight 120.71 1 3 2999 
hight 119.34 1 3 3002 
hight 117.62 1 4 3014 
hight 117.09 1 4 3001 
hight 116.58 1 3 2999 
hight 116.45 1 3 2999 
hight 116.34 1 3 2999 
hight 116.29 1 3 2999 
hight 116.03 1 3 2999 
hight 117.58 1 3 2999 
hight 114.98 1 4 3060 
hight 114.76 1 3 2999 
hight 111.73 2 6 6007 
hight 109.95 1 4 3000 
hight 111.19 1 4 3000 
hight 113.57 1 3 2999 
hight 114.46 2 8 7389 
hight 114.64 1 5 5819 
hight 111.96 1 5 3001 
hight 110.08 1 3 2999 
hight 107.89 1 3 2999 
hight 107.87 1 3 2999 
hight 107.70 1 3 2999 
hight 107.79 1 3 2999 
hight 108.58 1 3 2999 
hight 108.33 2 9 6079 
hight 107.37 2 8 6007 
hight 104.16 1 4 3000 
hight 103.42 1 3 2999 
hight 101.01 1 3 2999 
hight 102.13 1 3 2939 
hight 102.92 1 3 2999 
hight 102.81 2 7 6002 
hight 104.62 1 3 2999 
hight 104.79 1 3 2999 
hight 105.68 1 3 2999 
hight 105.41 1 4 3000 
hight 104.35 1 3 2999 
hight 105.85 1 3 2999 
hight 107.42 3 10 9239 
hight 108.56 1 3 2999 
hight 108.40 1 3 2999 
hight 108.39 1 3 2999 
hight 107.73 1 3 2999 
hight 107.64 1 3 2999 
hight 108.26 1 3 2999 
hight 108.38 1 3 2999 
hight 110.63 2 6 6008 
hight 110.26 1 3 2999 
hight 109.86 1 3 2999 
hight 109.06 1 3 2999 
hight 107.91 1 3 2999 
hight 107.99 1 3 2999 
hight 106.99 2 6 5998 
hight 106.49 1 3 2999 
hight 103.03 1 3 2999 
hight 102.39 1 3 2999 
hight 100.51 1 4 3071 
hight 100.53 1 4 3003 
hight 99.90 1 3 2999 
hight 98.23 1 3 2999 
hight 97.40 1 3 2999 
hight 95.92 1 3 2999 
hight 93.87 1 3 2999 
hight 93.00 1 3 2999 
hight 90.96 1 4 3004 
hight 90.93 1 5 4609 
hight 94.60 1 5 4678 
hight 94.11 1 3 2999 
hight 91.27 1 3 2999 
hight 90.13 1 3 2999 
hight 90.71 1 3 2999 
hight 92.39 1 3 2999 
hight 92.72 1 3 2999 
hight 96.91 1 3 2999 
hight 98.69 1 3 2999 
hight 99.65 1 3 2999 
hight 98.94 1 3 2999 
hight 98.82 2 6 6001 
hight 99.34 1 3 2939 
hight 101.42 1 4 3000 
hight 100.83 1 3 3000 
hight 99.72 1 3 2999 
hight 98.72 1 3 2999 
hight 99.54 1 3 2999 
hight 99.71 1 3 3000 
hight 96.67 1 4 3000 
hight 96.20 1 4 3000 
hight 97.21 1 3 2999 
hight 98.87 1 3 2999 
hight 98.54 1 3 2999 
hight 97.15 1 3 2999 
hight 96.54 1 3 2999 
hight 96.95 1 3 2999 
hight 94.73 1 3 2999 
hight 94.76 1 3 2999 
hight 95.36 1 3 2999 
hight 95.86 1 3 2999 
hight 97.76 1 3 2999 
hight 96.73 1 3 2999 
hight 95.03 1 3 2999 
hight 94.54 1 3 2999 
hight 93.27 1 3 2999 
hight 92.57 1 4 3000 
hight 92.51 1 3 2999 
hight 91.60 1 3 2999 
hight 90.38 1 3 2999 
hight 90.43 1 4 3000 
hight 91.30 1 4 3000 
hight 92.30 1 3 3059 
hight 91.77 1 3 2999 
hight 91.28 1 3 2999 
hight 90.58 1 3 2999 
hight 89.46 1 3 3028 
hight 88.61 1 3 2999 
hight 90.74 1 3 3000 
hight 89.92 1 3 2999 
hight 91.84 1 3 2999 
hight 92.05 1 4 4618 
hight 93.18 1 4 4617 
hight 93.74 1 3 2999 
hight 92.01 1 3 2999 
hight 91.85 1 3 2999 
hight 90.91 1 3 2999 
hight 91.25 1 3 2999 
hight 90.48 1 3 2999 
hight 92.12 2 6 5998 
hight 90.33 1 3 2999 
hight 90.65 1 3 2999 
hight 91.06 1 3 2999 
hight 90.77 1 3 2999 
hight 92.99 1 3 2939 
hight 94.66 1 3 2999 
hight 94.23 1 4 3000 
hight 93.69 1 4 3002 
hight 94.33 1 5 3001 
hight 94.96 1 3 2999 
hight 94.95 1 3 2999 
hight 93.61 1 3 3000 
hight 91.59 1 3 2999 
hight 92.86 1 4 3000 
hight 92.08 1 3 2999 
hight 91.79 1 3 2999 
hight 90.56 1 3 2999 
hight 88.74 1 3 2999 
hight 89.12 1 3 2999 
hight 89.08 1 4 3001 
hight 87.95 1 4 3004 
hight 88.09 1 6 3002 
hight 86.43 1 7 3003 
hight 86.34 1 6 3002 
hight 85.89 1 5 3021 
hight 85.88 1 4 3000 
hight 85.19 1 5 3003 
hight 84.35 1 5 3012 
hight 85.90 1 5 3036 
hight 85.36 1 7 3025 
hight 84.06 1 5 3138 
hight 83.24 1 6 3153 
hight 81.98 1 3 3003 
hight 81.80 1 6 3047 
hight 81.96 2 7 6059 
hight 81.93 1 6 3004 
hight 83.56 1 3 2999 
hight 83.82 1 4 3001 
hight 84.38 1 6 3152 
hight 84.36 1 6 3003 
hight 84.32 1 6 3012 
hight 84.48 1 5 3003 
hight 83.83 1 6 3516 
hight 82.40 1 5 3519 
hight 83.65 1 4 3001 
hight 83.44 1 4 3004 
hight 83.09 1 5 3041 
hight 83.18 1 4 3000 
hight 82.44 1 4 3000 
hight 83.89 1 3 2999 
hight 83.95 1 5 3009 
hight 82.86 1 4 3000 
hight 83.04 1 3 2999 
hight 83.27 1 3 2999 
hight 82.46 1 3 2939 
hight 85.20 1 3 2999 
hight 85.50 1 4 3001 
hight 84.23 1 6 3051 
hight 83.07 1 5 3057 
hight 82.76 1 3 3008 
hight 81.17 3 12 9341 
hight 81.75 2 6 5998 
hight 82.21 1 3 2999 
hight 82.14 1 3 2999 
hight 81.47 1 4 3000 
hight 80.66 1 3 2999 
hight 81.03 1 3 2999 
hight 81.24 1 3 2999 
hight 81.45 1 3 2999 
hight 79.57 1 3 2999 
hight 79.29 1 3 2999 
hight 78.14 2 6 5998 
hight 80.21 1 3 2999 
hight 77.20 1 4 3001 
hight 77.17 1 3 2999 
hight 77.67 1 3 2999 
hight 77.70 1 5 3040 
hight 77.83 2 10 6079 
hight 77.28 1 7 3046 
hight 76.93 1 4 3017 
hight 77.24 1 5 3044 
hight 77.05 1 4 3026 
hight 77.46 1 7 3070 
hight 77.06 1 3 2999 
hight 79.51 1 6 3094 
hight 78.38 1 3 2999 
hight 77.86 1 5 3016 
hight 77.30 1 5 3002 
hight 78.26 2 7 5999 
hight 78.13 1 5 3061 
hight 77.99 1 3 2999 
hight 78.20 2 7 6686 
hight 78.01 1 4 3420 
hight 77.31 1 3 2999 
hight 77.01 1 3 2999 
hight 76.94 1 3 2999 
hight 78.51 1 3 2999 
hight 79.86 1 3 2999 
hight 81.60 1 4 3000 
hight 81.85 1 4 3000 
hight 83.06 1 3 2999 
hight 84.15 1 3 3008 
hight 84.07 1 4 2940 
hight 83.28 1 5 3015 
hight 82.91 1 5 3016 
hight 81.67 1 3 2999 
hight 80.59 1 3 2999 
hight 80.31 1 3 2999 
hight 80.53 1 3 2999 
hight 80.05 1 3 2999 
hight 79.54 1 3 2999 
hight 79.77 1 3 2999 
hight 79.72 1 5 3002 
hight 80.60 1 3 2999 
hight 79.95 1 4 3000 
hight 80.07 1 3 2999 
hight 79.93 1 3 2999 
hight 79.13 1 3 2999 
hight 78.65 1 3 2999 
hight 78.75 1 3 2999 
hight 78.91 1 5 3001 
hight 79.63 1 4 3000 
hight 79.35 1 3 2999 
hight 78.76 1 5 3012 
hight 79.01 1 5 3021 
hight 78.90 1 3 2999 
hight 79.19 1 3 2999 
hight 78.84 1 4 3000 
hight 78.94 1 5 3017 
hight 79.98 1 6 3014 
hight 80.36 1 5 3061 
hight 80.65 1 4 3004 
hight 80.38 1 3 2999 
hight 81.73 1 3 2999 
hight 82.81 1 4 3009 
hight 82.72 1 3 2999 
hight 82.80 1 3 2999 
hight 84.26 1 4 3000 
hight 85.02 1 7 4769 
hight 86.82 1 5 3059 
hight 88.38 1 4 3000 
hight 89.62 1 3 2999 
hight 90.21 1 3 2999 
hight 91.23 1 3 2999 
hight 93.76 1 3 3000 
hight 94.43 1 4 3000 
hight 94.18 1 4 3000 
hight 94.28 1 4 3000 
hight 93.70 1 3 2999 
hight 96.68 1 4 3000 
hight 96.56 1 3 2999 
hight 96.11 1 3 2999 
hight 94.88 1 4 2940 
hight 99.64 2 8 6001 
hight 99.92 1 3 2999 
hight 99.86 1 3 2999 
hight 99.74 1 4 3000 
hight 99.43 1 3 2999 
hight 102.41 1 4 3000 
hight 103.28 1 3 2999 
hight 103.71 1 3 2999 
hight 102.50 1 3 2999 
hight 100.43 2 7 6001 
hight 96.99 1 4 3000 
hight 98.68 2 6 5999 
hight 100.78 1 4 3118 
hight 101.51 1 3 3000 
hight 101.19 1 4 3725 
hight 100.84 1 5 3005 
hight 99.93 1 3 3000 
hight 98.32 1 3 3000 
hight 98.62 1 3 3000 
hight 99.12 1 4 3001 
hight 99.84 1 3 3000 
hight 100.44 1 4 3030 
hight 100.58 1 4 3001 
hight 99.11 1 3 3000 
hight 98.06 1 3 3000 
hight 98.98 1 5 3006 
hight 98.25 1 4 3063 
hight 99.77 1 4 3003 
hight 100.41 1 5 3010 
hight 101.89 1 6 3013 
hight 103.35 1 5 3007 
hight 103.36 1 4 3002 
hight 103.90 1 3 3001 
hight 104.61 1 6 4443 
hight 105.39 1 6 4741 
hight 105.42 1 4 4439 
hight 105.29 1 3 3000 
hight 104.90 1 3 3001 
hight 104.82 1 3 3001 
hight 103.40 1 4 3002 
hight 102.68 1 4 3006 
hight 102.72 1 4 3004 
hight 102.59 1 3 3000 
hight 103.74 1 4 3002 
hight 103.08 1 3 3002 
hight 102.66 1 3 2999 
hight 103.69 1 4 2940 
hight 104.11 1 4 3002 
hight 102.14 2 7 6002 
hight 102.70 1 4 3002 
hight 102.76 1 3 3001 
hight 103.00 1 3 3000 
hight 102.34 1 3 3000 
hight 102.25 2 6 5999 
hight 102.12 1 4 3001 
hight 102.53 1 3 3001 
hight 102.77 1 3 3000 
hight 102.37 1 3 3000 
hight 102.31 1 4 3003 
hight 101.93 1 3 3000 
hight 102.24 1 3 3000 
hight 101.84 1 5 3002 
hight 101.77 1 4 3001 
hight 103.07 1 4 3001 
hight 102.61 1 4 3003 
hight 102.91 1 7 3011 
hight 104.25 1 4 3004 
hight 105.17 2 7 6131 
hight 106.45 1 5 3058 
hight 109.65 2 13 16033 
hight 110.07 1 5 3066 
hight 108.72 1 5 3007 
hight 107.47 2 7 6009 
hight 114.19 1 6 3020 
hight 116.08 1 3 3004 
hight 117.03 1 3 3009 
hight 119.27 1 6 3032 
hight 120.81 1 6 3038 
hight 118.85 2 10 6037 
hight 118.80 1 7 3039 
hight 119.59 1 6 3031 
hight 120.46 1 6 3028 
hight 119.82 1 6 3030 
hight 120.24 1 7 3036 
hight 122.00 1 7 3041 
hight 121.39 1 6 3009 
hight 120.35 1 6 2948 
hight 120.43 1 4 3001 
hight 120.07 1 5 3004 
hight 120.48 1 4 3001 
hight 120.26 1 4 3003 
hight 123.30 1 3 3000 
hight 125.03 1 4 3003 
hight 125.84 1 5 3004 
hight 124.42 1 5 3003 
hight 124.35 1 3 3000 
hight 123.71 2 8 6005 
hight 124.46 1 3 3001 
hight 124.17 1 3 3000 
hight 124.56 1 3 3000 
hight 125.18 1 5 3002 
hight 125.25 1 4 3001 
hight 124.44 1 3 3000 
hight 121.57 1 4 3001 
hight 120.66 1 3 3000 
hight 121.27 1 4 3001 
hight 120.97 1 4 3001 
hight 121.21 1 3 3000 
hight 120.33 1 5 3002 
hight 121.46 2 7 6064 
hight 123.57 1 3 3002 
hight 123.47 1 3 3001 
hight 123.73 1 4 3002 
hight 123.29 1 4 3002 
hight 123.53 1 3 3003 
hight 123.02 1 3 3003 
hight 120.64 1 5 4561 
hight 119.14 1 3 3000 
hight 118.35 1 3 3002 
hight 121.67 1 4 3002 
hight 120.01 1 3 3002 
hight 115.24 1 3 3001 
hight 114.47 2 6 6000 
hight 114.16 1 3 3001 
hight 114.50 1 3 3001 
hight 114.42 1 4 3001 
hight 113.79 1 4 3002 
hight 113.78 1 3 2940 
hight 112.69 1 3 2999 
hight 110.62 1 3 2999 
hight 109.71 2 6 5999 
hight 111.79 1 3 2999 
hight 111.86 1 3 2999 
hight 109.63 1 3 2999 
hight 110.57 1 6 3015 
hight 111.43 1 5 3014 
hight 107.28 1 4 3007 
hight 106.82 1 3 2999 
hight 103.37 1 3 2999 
hight 104.96 1 3 2999 
hight 106.51 1 3 2999 
hight 106.46 1 3 2999 
hight 102.64 1 4 3000 
hight 101.11 1 3 2999 
hight 103.12 1 3 2999 
hight 104.30 1 3 2999 
hight 103.04 1 3 2999 
hight 103.31 1 4 3000 
hight 102.74 1 3 2999 
hight 102.95 1 4 3000 
hight 104.14 1 4 3000 
hight 104.60 1 3 3009 
hight 104.85 1 4 3000 
hight 109.32 1 3 3009 
hight 111.34 1 3 3010 
hight 113.87 1 3 3010 
hight 114.81 1 3 3009 
hight 116.05 1 3 3009 
hight 118.63 1 3 3009 
hight 118.04 1 4 3789 
hight 118.57 1 4 3489 
hight 118.16 1 3 3009 
hight 115.48 2 6 6018 
hight 115.31 1 3 3010 
hight 113.91 1 3 3010 
hight 114.93 1 3 3010 
hight 113.70 1 3 3009 
hight 114.71 1 3 3009 
hight 112.18 1 3 2999 
hight 111.54 1 3 2999 
hight 109.85 1 3 2999 
hight 111.17 1 3 2999 
hight 112.28 1 3 2999 
hight 114.31 1 3 2999 
hight 114.34 1 3 2999 
hight 112.79 1 3 2999 
hight 112.09 2 6 5998 
hight 110.79 1 3 2999 
hight 111.75 1 3 2999 
hight 112.44 1 3 2999 
hight 113.45 2 7 6010 
hight 113.84 1 3 2999 
hight 112.39 1 5 3001 
hight 112.17 1 3 2999 
hight 111.03 1 3 2999 
hight 110.82 1 3 2999 
hight 110.92 1 3 2999 
hight 109.88 1 3 2999 
hight 110.64 1 3 2999 
hight 111.84 1 3 2999 
hight 112.68 1 3 2999 
hight 113.23 1 5 3001 
hight 113.42 1 3 2999 
hight 112.56 1 3 2999 
hight 114.07 1 3 2999 
hight 114.43 1 3 3060 
hight 114.68 1 3 3009 
hight 114.04 2 6 6018 
hight 113.46 1 4 3012 
hight 112.47 1 5 3687 
hight 113.05 1 4 3026 
hight 113.73 1 3 3010 
hight 113.55 1 3 3010 
hight 113.59 1 5 4508 
hight 113.33 1 5 4931 
hight 113.36 1 3 3010 
hight 112.75 1 3 3010 
hight 110.31 1 5 3017 
hight 110.44 1 7 3178 
hight 109.75 1 4 3033 
hight 107.88 2 6 5998 
hight 107.50 1 3 2999 
hight 106.72 1 3 2999 
hight 106.62 1 4 2940 
hight 109.18 1 3 2999 
hight 109.90 1 5 4252 
hight 110.43 1 3 2999 
hight 110.86 1 3 3074 
hight 109.98 1 3 2999 
hight 110.47 1 3 2999 
hight 110.88 1 3 2999 
hight 110.74 1 3 2999 
hight 111.11 1 3 2999 
hight 111.33 1 3 3009 
hight 113.14 1 3 3009 
hight 111.93 1 4 3010 
hight 112.12 1 3 3009 
hight 111.41 2 6 6017 
hight 111.46 1 3 3009 
hight 111.80 1 3 3008 
hight 112.37 1 4 3010 
hight 112.98 1 3 3008 
hight 114.53 1 3 3008 
hight 113.26 1 3 3008 
hight 112.86 1 3 3009 
hight 113.15 1 3 3068 
hight 113.49 1 4 3010 
hight 114.17 1 3 3008 
hight 113.99 1 3 3009 
hight 113.83 1 3 3009 
hight 114.02 1 3 3009 
hight 112.65 1 4 3186 
hight 111.39 1 4 3187 
hight 108.97 2 6 5999 
hight 109.96 1 3 3009 
hight 110.14 1 3 3009 
hight 111.10 1 3 3008 
hight 111.22 1 4 3000 
hight 111.90 1 3 2999 
hight 111.88 1 3 2999 
hight 111.67 2 6 5998 
hight 112.15 1 3 2999 
hight 112.38 1 3 2999 
hight 110.25 1 3 2999 
hight 110.61 1 3 2999 
hight 109.91 1 3 2999 
hight 108.78 1 3 2999 
hight 108.71 1 3 2999 
hight 108.60 1 3 2999 
hight 108.52 1 3 2999 
hight 108.31 1 3 2999 
hight 108.93 1 3 2999 
low 113.54 1 7 3311 
low 115.81 2 14 8595 
low 116.14 1 7 3077 
low 115.61 1 7 3377 
low 114.33 1 7 3242 
low 114.65 1 7 3262 
low 114.53 1 7 3493 
low 115.34 1 7 3246 
low 115.86 1 7 3396 
low 118.57 1 7 3369 
low 119.29 1 7 3207 
low 121.67 1 7 3199 
low 121.39 1 7 3157 
low 123.50 2 14 8514 
low 122.96 1 7 3869 
low 120.89 1 7 3130 
low 121.83 1 7 3327 
low 120.59 1 7 3380 
low 121.22 1 7 3248 
low 122.42 1 7 3217 
low 118.91 1 7 3542 
low 118.30 1 7 3275 
low 119.60 1 7 3419 
low 120.84 3 17 11080 
low 122.55 1 7 3297 
low 123.64 1 7 3320 
low 124.25 1 7 3679 
low 123.48 1 7 3337 
low 122.69 1 7 3482 
low 123.16 1 7 3658 
low 123.31 2 10 6836 
low 121.19 1 7 3592 
low 119.06 1 7 3367 
low 119.34 1 7 3725 
low 118.45 1 7 3643 
low 118.58 1 7 3701 
low 116.67 2 10 6647 
low 115.76 1 7 3465 
low 117.09 1 7 3581 
low 119.63 1 7 3573 
low 119.86 1 7 3452 
low 120.78 1 7 3452 
low 121.54 1 7 3473 
low 120.95 1 7 3392 
low 119.72 1 7 3518 
low 121.38 1 7 3506 
low 122.52 1 7 4911 
low 122.81 1 7 4952 
low 123.75 1 7 4717 
low 125.50 1 7 4734 
low 127.59 1 7 5959 
low 130.81 1 7 8019 
low 130.39 1 7 4789 
low 130.88 1 7 4771 
low 131.08 1 7 4815 
low 132.98 1 7 4681 
low 131.94 1 7 4534 
low 132.45 1 7 4860 
low 131.86 1 7 4834 
low 133.02 1 7 4738 
low 131.60 1 7 4659 
low 126.38 1 7 4285 
low 128.21 1 7 4533 
low 131.24 1 7 4703 
low 132.18 1 7 4684 
low 130.57 1 7 4903 
low 130.20 1 7 5078 
low 129.56 1 7 5181 
low 127.66 1 7 5206 
low 126.76 1 7 5473 
low 127.19 1 7 5229 
low 123.71 1 7 4869 
low 122.83 1 7 4972 
low 123.80 1 7 5036 
low 123.94 1 7 5159 
low 118.36 2 10 7664 
low 117.73 1 7 4949 
low 115.50 3 13 10747 
low 115.54 3 13 10707 
low 115.89 1 7 4487 
low 118.63 1 7 4665 
low 118.12 1 7 4792 
low 116.30 1 7 4465 
low 117.72 1 7 4827 
low 116.82 2 14 11185 
low 117.01 2 13 7833 
low 119.42 1 7 4569 
low 120.90 1 7 4483 
low 121.10 1 7 4486 
low 122.29 2 11 7859 
low 123.00 1 7 5084 
low 123.88 1 7 5017 
low 122.33 1 7 4760 
low 121.36 1 7 5069 
low 119.09 1 7 4817 
low 119.54 2 12 7930 
low 121.51 1 7 4945 
low 121.31 1 7 5317 
low 122.18 1 7 4670 
low 120.21 1 7 4587 
low 119.80 1 7 5056 
low 118.28 2 13 10435 
low 118.54 2 14 10867 
low 117.54 1 7 4935 
low 117.40 1 7 5537 
low 117.53 1 7 5618 
low 117.83 1 7 5254 
low 119.04 3 15 11504 
low 118.67 2 11 8513 
low 117.00 1 7 5542 
low 116.35 1 7 5874 
low 117.03 1 7 5217 
low 118.53 1 7 4829 
low 117.76 1 7 5077 
low 117.61 2 14 9966 
low 119.14 1 7 4919 
low 118.92 1 7 5392 
low 119.53 1 7 4881 
low 117.27 1 7 5016 
low 116.00 2 10 8226 
low 115.08 1 7 5075 
low 116.20 1 7 5418 
low 116.95 1 7 4725 
low 117.32 1 7 5036 
low 117.17 3 17 11576 
low 117.47 1 7 4917 
low 117.31 1 7 5082 
low 116.65 1 7 4974 
low 117.81 1 7 4633 
low 119.61 2 10 7918 
low 118.20 3 13 10683 
low 118.23 1 7 4946 
low 117.14 2 10 7715 
low 115.74 1 7 4678 
low 116.01 1 7 5213 
low 110.89 1 7 4342 
low 110.08 1 7 4299 
low 109.34 1 7 4670 
low 108.27 2 12 7806 
low 108.75 4 24 13478 
low 108.17 1 7 4591 
low 107.84 1 7 4562 
low 107.86 1 7 4692 
low 107.92 2 13 7493 
low 107.54 1 7 4884 
low 108.53 1 7 4951 
low 106.74 1 7 4918 
low 107.05 1 7 5137 
low 107.20 2 10 8344 
low 106.87 1 7 7110 
low 105.79 1 7 5917 
low 105.90 2 10 6083 
low 105.72 1 7 3049 
low 105.46 1 7 3056 
low 105.22 1 7 3065 
low 105.31 1 7 3063 
low 105.18 1 7 3077 
low 105.50 1 7 3055 
low 108.04 1 7 3059 
low 110.00 1 7 3081 
low 108.61 1 7 3066 
low 106.40 1 7 3049 
low 105.25 1 7 3005 
low 103.42 1 7 3048 
low 104.95 1 7 3073 
low 106.71 2 10 6051 
low 108.29 1 7 3048 
low 108.31 1 7 3057 
low 112.41 1 7 3052 
low 111.62 3 13 9061 
low 109.05 1 7 3021 
low 109.46 1 7 3019 
low 108.65 1 7 3018 
low 108.22 1 7 3018 
low 106.99 2 10 6020 
low 107.82 2 10 6019 
low 107.57 1 7 3022 
low 108.08 1 7 3015 
low 108.36 4 16 12035 
low 110.40 1 7 3022 
low 109.83 2 10 6020 
low 109.80 2 14 6049 
low 108.95 1 7 3032 
low 108.92 1 7 3019 
low 109.03 2 10 6018 
low 109.29 1 7 3033 
low 109.61 1 7 3019 
low 109.14 3 13 9025 
low 108.26 1 7 3027 
low 106.21 1 7 3021 
low 105.73 1 7 3075 
low 105.27 1 7 3021 
low 105.16 1 7 3018 
low 102.69 1 7 3023 
low 102.15 1 7 3017 
low 101.83 1 7 3028 
low 102.76 1 7 3025 
low 103.45 1 7 3035 
low 102.70 1 7 3025 
low 102.34 1 7 4338 
low 103.10 1 7 3017 
low 101.67 1 5 3006 
low 102.01 1 3 2999 
low 102.36 1 4 3006 
low 103.33 1 3 2999 
low 104.27 1 3 2999 
low 103.80 1 3 2999 
low 104.08 1 3 2999 
low 104.32 1 3 3007 
low 103.65 1 3 2999 
low 103.89 2 6 5998 
low 105.26 1 3 2939 
low 106.62 1 3 2999 
low 107.50 1 3 2999 
low 106.70 1 4 3004 
low 105.48 1 3 2999 
low 104.60 1 3 2999 
low 104.19 1 3 2999 
low 104.92 1 3 2999 
low 106.72 1 3 2999 
low 107.25 1 3 2999 
low 106.49 1 3 2999 
low 106.52 1 3 2999 
low 108.14 1 3 2999 
low 109.71 3 9 8997 
low 110.73 1 3 2999 
low 110.92 1 3 2999 
low 109.87 1 3 2999 
low 111.10 2 7 6009 
low 110.75 1 3 2999 
low 109.38 1 4 3000 
low 109.37 1 3 2999 
low 109.88 1 3 3007 
low 110.96 1 3 2999 
low 112.65 1 3 2999 
low 113.00 1 3 2999 
low 113.75 2 7 6059 
low 114.60 1 3 2999 
low 114.83 1 3 3059 
low 116.54 1 3 2999 
low 116.84 1 3 2999 
low 118.46 1 3 2999 
low 119.22 2 6 5999 
low 119.50 1 3 2999 
low 115.98 1 3 2999 
low 113.76 2 6 5998 
low 113.41 2 6 6003 
low 114.14 1 3 2999 
low 114.63 1 3 2999 
low 117.04 1 3 2999 
low 116.88 2 6 5998 
low 116.75 1 3 2999 
low 115.68 1 3 2999 
low 115.44 1 4 3000 
low 117.08 1 4 3003 
low 116.25 1 3 2939 
low 117.11 2 6 5998 
low 116.83 1 3 3000 
low 114.22 1 3 3000 
low 112.33 1 3 2999 
low 110.87 2 6 5998 
low 109.31 1 3 2999 
low 108.98 1 4 3001 
low 111.46 1 4 3000 
low 111.32 1 3 2999 
low 112.90 1 3 2999 
low 114.45 1 3 2999 
low 114.36 1 3 2999 
low 114.08 1 3 2999 
low 113.43 1 3 2999 
low 114.17 2 6 5998 
low 115.79 1 4 3001 
low 113.97 2 6 5998 
low 114.67 1 3 2999 
low 115.18 1 4 3001 
low 116.07 1 3 2999 
low 115.56 1 3 2999 
low 115.96 1 4 3000 
low 116.98 1 3 2999 
low 116.06 1 3 2999 
low 117.44 1 3 2999 
low 118.03 1 4 3003 
low 116.61 1 3 3059 
low 116.56 1 3 2999 
low 117.50 1 3 3000 
low 115.38 1 3 2999 
low 114.42 1 3 2999 
low 114.50 1 3 2999 
low 116.64 1 3 2999 
low 117.93 2 10 7417 
low 118.27 1 4 4380 
low 117.97 1 3 2999 
low 119.13 1 3 2999 
low 120.33 2 6 6002 
low 120.18 1 3 2999 
low 119.96 1 3 2999 
low 120.01 1 4 3000 
low 118.97 1 3 2999 
low 117.48 1 3 2999 
low 115.14 1 3 2999 
low 115.75 1 4 3000 
low 116.37 1 3 2999 
low 118.42 1 3 2999 
low 117.59 1 3 2999 
low 118.26 1 3 2999 
low 119.51 1 3 2999 
low 119.46 1 3 2999 
low 120.16 2 7 7497 
low 121.11 1 3 2999 
low 120.76 1 3 2999 
low 121.48 1 3 2999 
low 122.79 1 3 2999 
low 122.08 1 3 2999 
low 120.98 1 4 3007 
low 121.04 1 3 2999 
low 119.98 1 3 2999 
low 118.00 1 3 2999 
low 117.21 1 3 2999 
low 111.58 1 4 3014 
low 114.10 1 4 3001 
low 113.84 1 3 2999 
low 112.58 2 6 6008 
low 114.52 1 3 2999 
low 116.44 1 3 2999 
low 113.23 1 3 2999 
low 114.01 1 3 2999 
low 109.11 1 3 2999 
low 109.50 1 3 2999 
low 107.19 1 4 3000 
low 108.25 1 4 3000 
low 109.74 1 4 3001 
low 110.67 3 10 9009 
low 112.73 1 5 4380 
low 111.57 1 5 5819 
low 107.89 1 5 3001 
low 106.59 1 3 2999 
low 105.60 1 3 2999 
low 104.96 1 3 2999 
low 105.70 1 3 2999 
low 106.98 1 3 2999 
low 102.60 1 3 2999 
low 101.40 2 7 6000 
low 95.76 1 3 2999 
low 97.65 1 3 2999 
low 98.54 1 3 2939 
low 101.44 1 3 2999 
low 100.00 1 3 2999 
low 100.81 2 7 6000 
low 102.73 1 3 2999 
low 103.53 2 6 5998 
low 102.56 2 7 6010 
low 103.44 1 4 3000 
low 102.72 1 3 2999 
low 103.86 1 3 2999 
low 104.44 1 3 2999 
low 106.55 1 3 2999 
low 107.11 1 3 2999 
low 104.97 1 3 2999 
low 105.76 1 3 2999 
low 104.14 1 3 2999 
low 103.76 1 3 2999 
low 106.57 1 3 2999 
low 107.27 1 3 2999 
low 108.20 1 4 3000 
low 108.12 2 6 5998 
low 107.61 1 3 2999 
low 105.52 1 3 2999 
low 103.98 1 3 2999 
low 103.52 1 3 2999 
low 100.25 1 3 2999 
low 97.90 1 3 2999 
low 99.25 1 3 2999 
low 90.91 1 4 3071 
low 96.06 2 7 6002 
low 96.74 1 3 2999 
low 94.46 1 3 2999 
low 93.54 1 3 2999 
low 92.61 1 3 2999 
low 91.58 2 7 6001 
low 88.37 1 3 2999 
low 87.12 2 7 6003 
low 89.74 1 5 4609 
low 90.12 1 5 4678 
low 88.78 1 3 2999 
low 88.47 1 3 2999 
low 88.57 1 3 2999 
low 88.81 2 7 5999 
low 89.69 1 3 2999 
low 92.07 1 3 2999 
low 96.34 1 3 2999 
low 96.56 1 3 2999 
low 95.65 1 3 2999 
low 93.53 1 3 2999 
low 95.95 1 3 2939 
low 98.21 1 4 3000 
low 98.72 1 3 3000 
low 97.64 1 3 2999 
low 95.61 1 3 2999 
low 96.48 1 3 2999 
low 96.09 1 3 3000 
low 94.54 1 4 3000 
low 93.83 1 4 3000 
low 94.43 1 3 2999 
low 95.36 1 3 2999 
low 94.86 1 3 2999 
low 95.02 1 3 2999 
low 94.64 1 3 2999 
low 91.72 1 3 2999 
low 93.24 1 3 2999 
low 93.07 1 3 2999 
low 94.00 1 3 2999 
low 94.61 1 3 2999 
low 94.19 1 3 2999 
low 93.41 1 3 2999 
low 92.53 1 3 2999 
low 91.93 1 3 2999 
low 90.19 1 4 3000 
low 90.11 1 3 2999 
low 88.22 1 3 2999 
low 88.58 1 3 2999 
low 87.99 1 4 3000 
low 90.47 1 3 3059 
low 89.43 1 3 2999 
low 89.60 1 3 2999 
low 88.71 1 3 2999 
low 88.34 1 3 3028 
low 84.80 1 3 2999 
low 86.57 1 3 3000 
low 87.35 1 3 2999 
low 88.96 1 3 2999 
low 91.11 1 4 4618 
low 91.25 1 4 4617 
low 90.71 1 3 2999 
low 90.30 1 3 2999 
low 89.32 1 3 2999 
low 89.12 1 3 2999 
low 88.54 2 6 5998 
low 89.24 1 3 2999 
low 89.90 1 3 2999 
low 88.12 2 6 5998 
low 89.89 1 3 2999 
low 89.75 1 3 2999 
low 90.33 1 3 2939 
low 92.78 1 3 2999 
low 92.56 1 4 3000 
low 92.72 1 5 3001 
low 92.97 1 3 2999 
low 91.74 1 3 3000 
low 88.95 1 3 2999 
low 89.79 1 3 2999 
low 90.83 2 7 5999 
low 90.27 1 3 2999 
low 88.27 1 3 2999 
low 86.95 1 3 2999 
low 87.00 1 3 2999 
low 86.25 1 4 3001 
low 86.32 1 4 3004 
low 85.66 1 6 3002 
low 85.00 2 12 6062 
low 84.71 1 6 3002 
low 83.58 1 5 3021 
low 83.81 1 4 3000 
low 83.50 1 5 3003 
low 82.91 1 5 3012 
low 82.86 1 5 3036 
low 83.68 1 7 3025 
low 82.94 1 5 3138 
low 81.45 1 6 3153 
low 80.86 1 3 3003 
low 80.39 1 6 3047 
low 80.28 2 7 6059 
low 80.52 1 6 3004 
low 81.53 2 8 6014 
low 82.77 1 4 3001 
low 82.93 1 6 3152 
low 82.32 1 6 3003 
low 82.82 1 6 3012 
low 83.48 1 5 3003 
low 81.81 1 6 3516 
low 80.92 2 8 6518 
low 81.86 1 4 3001 
low 82.31 1 4 3004 
low 81.83 1 5 3041 
low 81.29 1 4 3000 
low 81.22 1 4 3000 
low 82.18 1 3 2999 
low 82.56 1 5 3009 
low 81.60 1 4 3000 
low 81.56 1 3 2999 
low 80.59 1 3 2999 
low 76.51 1 3 2999 
low 80.68 2 6 5938 
low 82.38 1 3 2999 
low 83.45 1 4 3001 
low 82.17 1 6 3051 
low 81.25 1 5 3057 
low 80.67 1 3 3008 
low 79.55 1 5 3080 
low 80.33 1 3 2999 
low 79.96 1 4 3000 
low 79.68 1 3 2999 
low 79.99 2 6 5998 
low 80.24 1 4 3262 
low 78.51 1 3 2999 
low 78.45 1 3 2999 
low 77.81 1 3 2999 
low 76.27 1 3 2999 
low 76.68 1 3 2999 
low 76.29 2 11 6071 
low 75.93 1 3 2999 
low 76.45 1 3 2999 
low 76.40 1 5 3040 
low 76.73 1 7 3080 
low 76.30 1 7 3046 
low 76.08 1 4 3017 
low 76.31 1 5 3044 
low 76.54 1 4 3026 
low 75.72 1 3 2999 
low 75.55 1 6 3094 
low 77.58 1 3 2999 
low 76.79 1 5 3016 
low 76.55 1 5 3002 
low 76.90 1 3 2999 
low 77.27 1 5 3061 
low 77.11 2 6 5998 
low 77.59 1 3 2999 
low 77.67 1 4 3686 
low 76.60 1 4 3420 
low 76.59 1 3 2999 
low 76.53 1 3 2999 
low 76.63 1 3 2999 
low 76.14 1 4 3000 
low 76.00 1 3 2999 
low 76.69 1 3 2999 
low 78.16 1 3 2999 
low 79.71 1 4 3000 
low 80.23 1 4 3000 
low 80.56 1 3 2999 
low 82.87 1 3 3008 
low 81.97 1 4 2940 
low 80.61 1 5 3016 
low 80.83 1 3 2999 
low 79.62 2 6 5998 
low 79.41 1 3 2999 
low 78.99 1 3 2999 
low 79.19 2 6 5998 
low 77.64 2 6 5998 
low 78.59 3 14 9015 
low 78.77 1 3 2999 
low 79.11 1 4 3000 
low 78.67 1 3 2999 
low 77.93 1 3 2999 
low 78.00 1 3 2999 
low 77.89 1 3 2999 
low 78.14 1 5 3001 
low 78.57 1 4 3000 
low 78.27 1 3 2999 
low 78.17 1 5 3012 
low 77.68 1 5 3021 
low 77.41 1 3 3000 
low 78.06 1 4 3000 
low 77.92 1 5 3017 
low 79.26 1 5 3061 
low 79.50 1 4 3004 
low 79.05 1 3 2999 
low 79.37 1 3 2999 
low 81.63 1 4 3009 
low 81.67 1 3 2999 
low 81.77 1 3 2999 
low 82.48 1 4 3000 
low 83.84 1 7 4769 
low 86.52 1 4 3000 
low 86.81 1 3 2999 
low 87.77 1 3 2999 
low 88.04 1 3 2999 
low 90.69 1 3 3000 
low 92.15 1 4 3000 
low 92.21 1 4 3000 
low 90.88 1 4 3000 
low 91.12 1 3 2999 
low 92.98 1 4 3000 
low 94.29 1 3 2999 
low 93.52 1 3 2999 
low 92.55 1 4 2940 
low 92.69 1 3 2999 
low 95.79 1 3 2999 
low 97.19 1 3 2999 
low 96.99 1 4 3000 
low 97.01 1 3 2999 
low 98.57 1 4 3000 
low 101.81 1 3 2999 
low 100.65 1 3 2999 
low 98.85 1 3 2999 
low 94.97 1 3 2999 
low 93.77 1 4 3000 
low 94.81 1 3 2999 
low 97.22 1 4 3118 
low 99.24 1 3 3000 
low 98.25 1 4 3725 
low 99.02 1 5 3005 
low 97.61 1 4 3002 
low 97.49 1 3 3000 
low 95.78 1 3 3000 
low 96.89 1 3 3000 
low 96.97 1 4 3001 
low 96.80 2 6 6000 
low 98.52 1 4 3030 
low 98.63 1 4 3001 
low 97.75 1 5 3002 
low 97.47 1 3 3000 
low 96.55 1 3 3000 
low 97.53 1 5 3006 
low 96.92 1 4 3063 
low 97.79 1 3 3002 
low 97.62 1 4 3003 
low 99.08 1 5 3010 
low 99.77 1 6 3013 
low 101.16 1 5 3007 
low 101.61 1 4 3002 
low 102.27 1 3 3001 
low 102.54 1 6 4443 
low 104.48 1 6 4741 
low 103.90 1 4 4439 
low 102.84 1 3 3000 
low 103.84 1 3 3001 
low 101.90 1 3 3001 
low 100.74 2 8 6002 
low 100.79 1 4 3006 
low 101.37 1 4 3004 
low 101.65 1 4 3003 
low 101.18 1 3 3000 
low 102.10 2 7 6002 
low 101.19 2 6 6011 
low 101.28 1 3 2999 
low 101.71 1 4 2940 
low 101.53 2 8 6002 
low 101.31 1 4 3002 
low 101.79 1 4 3002 
low 101.94 1 3 3001 
low 101.48 1 3 3000 
low 101.42 1 3 3000 
low 101.08 1 3 3000 
low 101.41 1 3 3001 
low 101.59 1 3 3000 
low 101.73 1 4 3003 
low 101.23 1 3 3000 
low 101.05 1 5 3002 
low 101.10 1 4 3001 
low 101.30 1 3 3000 
low 102.02 1 4 3001 
low 101.49 1 4 3003 
low 102.12 1 7 3011 
low 102.89 1 4 3004 
low 103.55 1 4 3121 
low 104.67 1 5 3058 
low 106.02 1 5 3008 
low 107.12 1 6 5953 
low 109.64 1 7 10080 
low 107.80 2 8 6065 
low 106.66 1 5 3007 
low 105.23 1 4 3010 
low 106.77 2 9 6079 
low 114.87 1 3 3009 
low 116.80 1 7 3033 
low 117.22 1 6 3032 
low 115.55 1 7 3037 
low 116.43 1 6 3038 
low 118.85 1 6 4763 
low 118.04 2 11 8837 
low 117.52 1 6 3034 
low 115.84 1 7 3036 
low 116.86 1 7 4412 
low 118.22 1 6 3028 
low 118.61 1 7 3036 
low 119.45 1 7 3041 
low 120.66 1 6 3032 
low 119.20 1 6 3009 
low 118.31 1 6 2948 
low 118.70 1 4 3001 
low 119.05 1 4 3001 
low 118.51 1 4 3001 
low 118.76 1 5 3004 
low 118.48 1 4 3001 
low 118.87 1 3 3000 
low 120.57 1 3 3000 
low 122.76 1 4 3003 
low 123.76 1 5 3004 
low 122.47 2 9 6004 
low 121.96 1 3 3000 
low 121.86 1 4 3003 
low 120.40 1 4 3002 
low 123.24 1 3 3001 
low 122.99 1 3 3000 
low 124.00 1 5 3002 
low 123.78 1 4 3001 
low 116.28 1 3 3000 
low 118.49 1 4 3001 
low 118.62 1 3 3000 
low 119.40 1 4 3001 
low 118.06 1 4 3001 
low 120.07 1 4 3003 
low 121.00 1 3 3002 
low 122.22 1 3 3001 
low 122.24 1 4 3002 
low 122.28 1 3 3003 
low 120.71 1 3 3002 
low 118.69 1 5 4561 
low 116.79 1 3 3000 
low 116.49 1 3 3002 
low 115.99 1 3 3001 
low 114.26 1 3 3002 
low 111.06 1 3 3001 
low 111.75 1 3 3001 
low 111.04 1 3 3001 
low 112.42 1 3 3001 
low 112.22 1 4 3001 
low 112.13 1 3 2940 
low 109.94 2 6 5998 
low 107.62 1 3 2999 
low 108.74 1 3 2999 
low 105.53 1 3 2999 
low 106.24 1 5 3004 
low 108.21 1 3 2999 
low 108.70 1 6 3015 
low 109.40 1 5 3014 
low 106.43 1 6 3026 
low 105.61 1 4 3007 
low 103.54 1 3 2999 
low 99.10 1 3 2999 
low 101.06 1 3 2999 
low 99.98 1 3 2999 
low 104.01 1 4 3241 
low 100.66 1 3 2999 
low 99.53 1 3 2999 
low 99.64 1 3 2999 
low 100.06 1 3 2999 
low 101.92 1 3 2999 
low 101.22 1 3 2999 
low 100.09 1 3 2999 
low 100.24 1 4 3000 
low 102.66 1 4 3000 
low 103.27 1 3 3009 
low 103.16 1 4 3000 
low 103.78 1 5 3062 
low 108.55 1 3 3010 
low 110.84 2 8 6697 
low 112.07 2 6 6019 
low 113.18 1 3 3009 
low 114.76 1 3 3009 
low 116.99 1 4 3789 
low 116.08 1 4 3489 
low 115.10 1 3 3009 
low 112.53 1 3 3008 
low 111.60 1 3 3010 
low 112.61 1 3 3010 
low 111.78 1 3 3009 
low 112.75 1 3 3009 
low 113.60 1 3 3010 
low 111.55 1 3 3010 
low 110.10 1 3 2948 
low 110.26 1 3 2999 
low 109.52 1 3 2999 
low 108.38 1 3 2999 
low 111.95 1 3 2999 
low 112.76 1 3 2999 
low 110.25 2 6 6007 
low 110.66 1 3 2999 
low 109.21 1 4 3000 
low 109.12 1 3 2999 
low 108.82 1 3 2999 
low 110.94 1 3 2999 
low 111.72 1 4 3001 
low 112.82 1 3 2999 
low 111.67 1 3 2999 
low 110.61 1 5 3001 
low 108.73 1 3 2999 
low 108.59 1 3 2999 
low 108.33 1 3 2999 
low 108.50 1 3 2999 
low 107.30 1 3 2999 
low 111.11 1 3 2999 
low 112.20 1 5 3001 
low 111.99 1 3 2999 
low 111.65 1 3 2999 
low 112.12 1 3 2999 
low 112.95 1 3 3060 
low 113.55 1 3 3009 
low 113.07 1 3 3010 
low 111.88 1 4 3012 
low 111.36 1 4 3026 
low 112.00 1 3 3010 
low 112.02 1 3 3010 
low 112.84 1 5 4508 
low 112.05 2 8 7939 
low 112.16 1 3 3010 
low 110.23 1 3 3010 
low 110.19 1 3 3009 
low 108.56 1 7 3178 
low 107.39 1 4 3033 
low 105.57 1 3 2999 
low 106.36 1 3 2999 
low 105.24 1 3 2999 
low 105.45 1 3 2999 
low 105.59 1 3 2999 
low 104.63 1 4 2940 
low 105.41 1 3 2999 
low 105.98 1 3 2999 
low 106.64 1 3 2999 
low 108.77 1 5 4252 
low 108.63 1 3 3076 
low 108.99 1 3 2999 
low 110.02 1 3 2999 
low 108.10 1 3 3074 
low 108.37 1 3 2999 
low 109.18 1 3 2999 
low 109.54 1 3 2999 
low 109.35 1 3 2999 
low 109.67 1 3 2999 
low 110.27 1 3 3009 
low 110.76 1 3 3008 
low 110.77 1 3 3009 
low 110.59 1 4 3010 
low 110.98 1 3 3009 
low 110.11 1 3 3009 
low 109.76 1 3 3008 
low 110.01 2 6 5948 
low 110.38 1 3 3008 
low 112.56 1 3 3008 
low 112.81 1 3 3008 
low 111.94 1 3 3009 
low 111.38 1 3 3068 
low 112.55 1 4 3010 
low 112.94 1 3 3008 
low 112.29 1 3 3009 
low 112.63 1 3 3009 
low 112.57 1 3 3009 
low 112.24 2 6 6017 
low 109.99 1 4 3186 
low 109.56 1 4 3187 
low 105.28 1 3 3000 
low 107.76 1 3 3000 
low 109.13 1 3 3009 
low 108.49 1 3 3009 
low 109.55 1 3 3009 
low 110.41 1 4 3000 
low 110.34 1 3 2999 
low 110.81 1 3 2999 
low 110.99 1 3 2999 
low 110.97 1 3 2999 
low 110.83 1 3 2999 
low 111.64 1 3 2999 
low 111.22 1 3 2999 
low 110.16 1 3 2999 
low 109.01 1 3 2999 
low 109.20 1 3 2999 
low 107.83 1 3 2999 
low 108.05 1 3 2999 
low 107.15 1 3 2999 
low 107.52 1 3 2999 
low 107.79 1 3 2999 
low 107.93 1 3 2999 
close 116.80 1 7 3311 
close 117.78 4 21 14328 
close 116.64 1 7 3077 
close 115.81 2 10 6376 
close 114.78 1 7 3242 
close 116.82 1 7 3262 
close 115.71 1 7 3493 
close 116.16 1 7 3246 
close 118.70 2 10 6395 
close 119.71 3 20 11121 
close 122.14 1 7 3207 
close 122.15 1 7 3199 
close 125.56 1 7 3157 
close 124.40 2 14 6595 
close 123.36 2 14 8352 
close 122.28 1 7 3130 
close 122.11 1 7 3327 
close 121.31 1 7 3380 
close 123.22 1 7 3248 
close 122.72 1 7 3217 
close 120.12 1 7 3542 
close 120.18 1 7 3275 
close 121.58 1 7 3419 
close 122.85 1 7 3281 
close 123.82 1 7 3297 
close 125.32 1 7 3679 
close 124.80 1 7 3337 
close 124.22 1 7 3482 
close 125.06 1 7 3658 
close 123.54 1 7 3836 
close 121.82 1 7 3592 
close 119.76 1 7 3367 
close 120.01 3 14 9725 
close 119.39 1 7 3643 
close 119.58 1 7 3701 
close 117.26 3 13 9646 
close 117.56 1 7 3465 
close 120.60 1 7 3581 
close 120.22 3 18 11061 
close 121.32 1 7 3452 
close 122.56 1 7 3452 
close 122.06 1 7 3473 
close 121.22 2 11 6392 
close 121.47 1 7 3518 
close 122.59 1 7 3506 
close 123.90 2 12 7914 
close 124.09 1 7 4952 
close 125.94 1 7 4717 
close 127.95 1 7 4734 
close 131.14 1 7 5959 
close 131.65 1 7 8019 
close 132.86 1 7 4789 
close 131.09 1 7 4771 
close 133.75 1 7 4815 
close 133.43 1 7 4681 
close 133.87 1 7 4534 
close 132.66 1 7 4860 
close 133.63 1 7 4834 
close 134.63 1 7 4738 
close 132.23 1 7 4659 
close 129.18 1 7 4285 
close 132.11 1 7 4533 
close 133.16 1 7 4703 
close 133.15 1 7 4684 
close 130.62 1 7 4903 
close 131.13 1 7 5078 
close 130.21 1 7 5181 
close 128.59 1 7 5206 
close 128.15 1 7 5473 
close 128.50 1 7 5229 
close 124.27 1 7 4869 
close 124.49 1 7 5239 
close 124.17 1 7 4972 
close 125.29 1 7 5036 
close 124.26 1 7 5159 
close 121.11 1 7 4800 
close 119.99 1 7 4665 
close 118.05 1 7 4949 
close 115.93 1 7 4749 
close 117.33 2 14 11043 
close 120.97 1 7 4665 
close 118.23 1 7 4792 
close 118.62 1 7 4465 
close 118.14 1 7 4827 
close 117.14 3 14 10851 
close 119.89 3 21 14540 
close 122.09 1 7 4569 
close 122.64 1 7 4486 
close 124.07 1 7 4857 
close 124.64 1 7 5084 
close 125.13 1 7 5017 
close 123.04 1 7 4760 
close 121.94 1 7 5069 
close 119.60 2 11 7818 
close 122.19 1 7 4928 
close 121.55 1 7 4945 
close 124.31 1 7 5317 
close 123.83 2 10 7671 
close 121.53 1 7 4587 
close 120.31 2 14 9975 
close 118.74 1 7 7405 
close 120.37 2 11 8972 
close 118.11 1 7 4935 
close 118.12 1 7 5537 
close 118.64 2 10 8617 
close 119.63 2 11 8255 
close 121.06 1 7 5500 
close 119.03 1 7 5512 
close 117.50 1 7 5542 
close 117.09 1 7 5874 
close 118.60 1 7 5217 
close 120.03 2 10 7828 
close 119.86 1 7 5392 
close 117.60 1 7 5016 
close 116.76 2 10 8226 
close 116.63 1 7 5075 
close 117.29 1 7 5418 
close 119.15 2 11 9105 
close 117.69 1 7 5036 
close 118.10 1 7 5535 
close 117.92 1 7 4917 
close 119.25 1 7 5082 
close 118.25 1 7 5223 
close 117.87 1 7 4974 
close 119.01 1 7 4633 
close 119.83 1 7 4896 
close 118.59 1 7 4685 
close 118.57 1 7 4946 
close 117.28 1 7 4776 
close 116.42 1 7 5283 
close 116.81 1 7 4678 
close 116.19 1 7 5213 
close 112.25 1 7 4342 
close 111.29 2 10 7238 
close 109.92 1 7 4670 
close 108.77 1 7 4789 
close 109.59 4 16 13398 
close 108.17 1 7 4591 
close 109.66 4 21 13775 
close 108.72 1 7 4692 
close 108.03 1 7 4473 
close 109.44 1 7 4884 
close 108.66 1 7 4951 
close 107.13 1 7 4918 
close 107.54 1 7 5137 
close 107.35 2 10 8284 
close 107.29 3 13 13108 
close 106.19 1 7 5917 
close 106.24 1 7 3084 
close 106.84 2 14 6122 
close 105.62 2 14 6133 
close 105.45 1 7 3065 
close 105.59 1 7 3063 
close 108.20 1 7 3055 
close 110.03 1 7 3059 
close 111.39 1 7 3081 
close 108.79 1 7 3066 
close 106.70 1 7 3049 
close 105.83 1 7 3005 
close 105.75 1 7 3048 
close 108.93 1 7 3052 
close 109.53 1 7 3048 
close 109.52 1 7 3062 
close 112.94 1 7 3057 
close 114.03 1 7 3052 
close 111.83 2 10 6043 
close 110.40 1 7 3021 
close 109.55 1 7 3019 
close 109.41 1 7 3018 
close 109.18 1 7 3018 
close 108.22 2 10 6020 
close 109.39 2 11 6020 
close 108.40 2 10 6021 
close 108.51 1 7 3015 
close 110.89 1 7 3037 
close 110.66 1 7 3022 
close 111.22 2 10 6030 
close 109.95 1 7 3027 
close 109.70 1 7 3032 
close 109.13 1 7 3016 
close 109.40 2 10 6018 
close 109.54 2 14 6197 
close 109.77 2 10 6032 
close 111.31 1 7 3019 
close 111.06 1 7 3022 
close 108.35 1 7 3027 
close 106.68 2 10 6020 
close 106.04 1 7 3075 
close 105.66 1 7 3021 
close 105.37 1 7 3018 
close 103.40 1 7 3023 
close 102.97 1 7 3017 
close 102.86 1 7 3028 
close 105.57 1 7 3025 
close 104.44 1 7 3035 
close 103.03 1 7 3025 
close 104.42 1 7 4338 
close 103.35 1 7 3017 
close 102.17 1 5 3006 
close 103.96 1 3 2999 
close 103.66 1 4 3006 
close 105.82 1 3 2999 
close 104.51 1 3 2999 
close 104.15 1 3 2999 
close 104.36 1 3 2999 
close 104.56 1 3 3007 
close 104.53 1 3 2999 
close 105.55 1 3 2999 
close 108.27 2 6 5998 
close 107.78 1 3 2999 
close 106.85 1 4 3004 
close 106.11 2 6 5998 
close 104.86 1 3 2999 
close 105.47 1 3 2999 
close 107.40 1 3 2999 
close 107.59 1 3 2999 
close 108.36 1 3 2999 
close 106.64 1 3 2999 
close 111.56 1 3 2999 
close 110.94 1 3 2999 
close 112.89 1 3 2999 
close 112.51 1 3 2999 
close 111.41 1 3 2999 
close 111.78 2 6 5998 
close 109.87 1 4 3000 
close 111.36 2 6 5998 
close 109.61 1 3 2999 
close 110.71 1 3 2999 
close 111.95 1 3 3007 
close 113.26 1 3 2999 
close 114.34 2 8 7379 
close 114.56 2 6 5998 
close 115.76 1 3 2999 
close 115.11 1 3 2999 
close 116.65 1 3 3059 
close 118.89 1 3 2999 
close 119.70 1 3 2999 
close 120.76 1 3 2999 
close 120.02 1 3 2999 
close 117.17 1 3 2999 
close 117.40 1 3 2999 
close 116.22 2 6 5998 
close 114.44 1 3 2999 
close 115.44 1 3 2999 
close 114.82 1 3 2999 
close 117.68 1 3 2999 
close 117.45 2 6 5998 
close 118.78 1 3 2999 
close 117.79 1 4 3000 
close 117.58 2 7 6002 
close 117.12 1 3 2999 
close 117.42 1 3 2999 
close 118.20 1 3 2999 
close 116.84 1 3 3000 
close 114.90 1 3 3000 
close 113.36 2 6 6008 
close 111.00 1 3 2999 
close 109.75 1 3 2999 
close 112.14 2 8 6001 
close 113.20 1 3 2999 
close 115.23 1 3 2999 
close 114.89 1 3 2999 
close 116.31 1 3 2999 
close 115.08 1 3 2999 
close 114.28 1 3 2999 
close 117.31 1 3 2999 
close 115.67 1 3 2999 
close 115.95 1 3 2999 
close 116.46 1 4 3001 
close 116.68 1 3 2999 
close 116.18 1 3 2999 
close 117.62 1 3 2999 
close 118.03 1 3 2999 
close 119.65 2 10 6035 
close 119.34 1 4 3003 
close 116.86 1 3 3059 
close 117.63 1 3 2999 
close 117.83 1 3 3000 
close 114.92 1 3 2999 
close 116.72 1 3 2999 
close 118.06 1 3 2999 
close 118.80 1 4 4380 
close 119.36 2 7 6000 
close 120.66 2 6 5999 
close 121.67 1 3 2999 
close 121.69 1 3 2999 
close 118.19 1 3 2999 
close 116.07 1 3 2999 
close 117.22 1 4 3000 
close 117.75 2 10 5978 
close 118.83 1 3 2999 
close 119.09 1 3 2999 
close 118.94 1 3 2999 
close 118.52 1 3 2999 
close 119.79 1 3 2999 
close 119.97 1 3 2999 
close 120.19 1 3 2999 
close 121.64 2 6 6002 
close 121.60 1 3 2999 
close 121.34 2 7 6006 
close 121.61 1 3 2999 
close 123.41 1 3 2999 
close 123.03 1 3 2999 
close 122.47 1 3 2999 
close 122.05 1 3 2999 
close 120.25 1 3 2999 
close 118.43 1 3 2999 
close 118.79 1 3 3002 
close 114.15 1 4 3014 
close 114.32 1 4 3001 
close 116.21 1 3 2999 
close 114.22 1 3 2999 
close 115.89 1 3 2999 
close 114.72 1 3 2999 
close 115.72 1 3 2999 
close 117.15 1 3 2999 
close 116.93 1 3 2999 
close 114.84 1 3 2999 
close 114.64 1 4 3060 
close 114.65 1 3 2999 
close 110.87 1 3 2999 
close 109.89 1 3 2999 
close 108.81 1 4 3000 
close 109.84 1 4 3000 
close 110.72 1 4 3001 
close 113.31 1 3 2999 
close 111.89 1 5 5819 
close 108.94 2 8 6000 
close 106.91 1 3 2999 
close 107.03 1 3 2999 
close 106.74 1 3 2999 
close 107.31 2 6 5998 
close 107.83 1 3 2999 
close 103.42 2 7 5999 
close 103.37 1 4 3000 
close 100.12 1 3 2999 
close 99.97 1 3 2999 
close 101.66 2 8 5941 
close 102.71 1 3 2999 
close 101.80 1 3 2999 
close 102.89 1 3 2999 
close 103.99 1 3 2999 
close 104.70 1 3 2999 
close 104.65 1 4 3000 
close 103.59 1 4 3000 
close 104.16 1 3 2999 
close 105.11 1 3 2999 
close 107.94 1 3 2999 
close 107.76 2 6 5998 
close 106.00 1 3 2999 
close 107.43 1 3 2999 
close 104.78 1 3 2999 
close 107.21 1 3 2999 
close 108.09 2 9 6079 
close 109.23 1 4 3000 
close 109.71 1 3 2999 
close 108.62 1 3 2999 
close 107.25 1 3 2999 
close 105.79 1 3 2999 
close 105.69 1 3 2999 
close 106.02 1 3 2999 
close 101.44 1 3 2999 
close 101.98 1 3 2999 
close 100.27 2 6 5998 
close 98.16 1 4 3071 
close 99.79 1 4 3003 
close 97.56 1 3 2999 
close 96.87 1 3 2999 
close 95.31 1 3 2999 
close 93.15 1 3 2999 
close 92.23 1 3 2999 
close 89.05 1 3 2999 
close 90.90 1 4 3004 
close 90.19 2 8 7608 
close 93.40 1 5 4678 
close 89.36 1 3 2999 
close 89.70 1 3 2999 
close 89.13 1 3 2999 
close 89.38 1 3 2999 
close 90.38 2 6 5998 
close 92.36 1 3 2999 
close 96.77 1 3 2999 
close 98.25 1 3 2999 
close 98.68 1 3 2999 
close 98.73 1 3 2999 
close 98.12 2 8 6005 
close 98.96 1 3 2939 
close 100.67 1 4 3000 
close 98.97 1 3 3000 
close 98.64 1 3 2999 
close 96.54 1 3 2999 
close 98.88 1 3 2999 
close 96.45 1 3 3000 
close 96.14 1 4 3000 
close 95.04 1 4 3000 
close 95.59 1 3 2999 
close 97.46 1 3 2999 
close 96.50 1 3 2999 
close 95.11 1 3 2999 
close 96.31 1 3 2999 
close 94.73 1 3 2999 
close 93.39 1 3 2999 
close 93.68 1 3 2999 
close 94.37 1 3 2999 
close 95.24 1 3 2999 
close 96.00 1 3 2999 
close 94.79 1 3 2999 
close 94.16 1 3 2999 
close 92.79 1 3 2999 
close 92.29 1 3 2999 
close 90.97 1 4 3000 
close 91.10 1 3 2999 
close 90.04 1 3 2999 
close 88.69 1 3 2999 
close 89.75 1 4 3000 
close 90.69 1 4 3000 
close 91.76 1 3 3059 
close 90.27 1 3 2999 
close 89.76 2 6 5998 
close 89.31 1 3 2999 
close 88.48 1 3 3028 
close 86.73 1 3 2999 
close 88.34 1 3 3000 
close 89.67 1 3 2999 
close 91.78 1 3 2999 
close 91.94 1 4 4618 
close 91.71 1 4 4617 
close 91.11 1 3 2999 
close 91.13 1 3 2999 
close 89.60 1 3 2999 
close 90.36 1 3 2999 
close 90.18 1 3 2999 
close 88.75 1 3 2999 
close 89.88 1 3 2999 
close 90.33 1 3 2999 
close 92.78 1 3 2939 
close 93.74 1 3 2999 
close 93.17 2 9 6001 
close 93.12 1 4 3002 
close 94.69 1 3 2999 
close 92.60 1 3 2999 
close 91.97 1 3 3000 
close 90.31 1 3 2999 
close 91.06 1 3 2999 
close 91.40 1 4 3000 
close 91.42 1 3 2999 
close 90.55 1 3 2999 
close 88.65 1 3 2999 
close 87.50 1 3 2999 
close 88.82 1 3 2999 
close 87.27 1 4 3001 
close 87.76 1 4 3004 
close 85.75 1 6 3002 
close 85.36 1 7 3003 
close 85.57 1 6 3002 
close 84.20 1 5 3021 
close 84.12 1 4 3000 
close 83.72 2 10 6006 
close 83.07 1 5 3012 
close 85.11 1 5 3036 
close 83.87 1 7 3025 
close 83.20 1 5 3138 
close 81.78 1 6 3153 
close 81.52 1 3 3003 
close 81.30 1 6 3047 
close 80.64 1 4 3060 
close 81.62 1 6 3004 
close 83.34 1 3 2999 
close 83.12 1 4 3001 
close 83.65 1 6 3152 
close 83.45 1 6 3003 
close 83.62 1 6 3012 
close 82.40 2 9 6455 
close 82.08 2 9 6528 
close 83.31 1 4 3001 
close 82.59 1 4 3004 
close 82.19 1 5 3041 
close 81.36 1 4 3000 
close 82.26 1 4 3000 
close 83.69 1 3 2999 
close 82.76 1 5 3009 
close 81.90 1 4 3000 
close 82.65 1 3 2999 
close 80.79 1 3 2999 
close 81.03 1 3 2999 
close 85.13 1 3 2999 
close 83.53 1 4 3001 
close 82.57 1 6 3051 
close 81.47 2 8 6056 
close 80.97 1 3 3008 
close 81.00 1 5 3080 
close 82.07 1 3 2999 
close 81.41 1 3 2999 
close 80.14 1 4 3000 
close 80.52 1 3 2999 
close 80.23 1 3 2999 
close 81.05 2 7 6261 
close 79.34 1 3 2999 
close 79.11 1 3 2999 
close 77.90 1 3 2999 
close 77.31 1 3 2999 
close 77.00 1 3 2999 
close 76.74 1 4 3001 
close 76.65 1 3 2999 
close 76.69 2 7 6419 
close 77.61 1 5 3040 
close 76.92 2 12 6082 
close 76.44 1 7 3046 
close 76.79 1 4 3017 
close 76.75 1 5 3044 
close 76.66 1 4 3026 
close 76.76 1 7 3070 
close 76.11 1 3 2999 
close 78.38 1 6 3094 
close 77.71 1 3 2999 
close 77.02 1 5 3016 
close 77.93 1 3 2999 
close 77.70 1 5 3061 
close 77.94 1 3 2999 
close 77.81 1 3 2999 
close 77.85 1 4 3686 
close 76.81 1 3 2999 
close 76.82 1 3 2999 
close 77.67 1 3 2999 
close 76.28 1 4 3000 
close 76.77 1 3 2999 
close 78.39 1 3 2999 
close 79.72 1 3 2999 
close 80.49 1 4 3000 
close 80.75 1 4 3000 
close 82.92 1 3 2999 
close 83.66 1 3 3008 
close 83.13 1 4 2940 
close 82.77 1 5 3015 
close 80.67 1 5 3016 
close 80.96 1 3 2999 
close 81.32 1 3 2999 
close 80.12 1 3 2999 
close 79.84 1 3 2999 
close 80.22 1 3 2999 
close 79.95 1 3 2999 
close 79.46 1 3 2999 
close 78.72 1 3 2999 
close 79.60 1 3 2999 
close 79.03 1 5 3002 
close 79.51 1 3 2999 
close 79.80 1 4 3000 
close 79.38 1 3 2999 
close 79.09 1 3 2999 
close 78.13 1 3 2999 
close 78.09 1 3 2999 
close 78.60 1 3 2999 
close 78.77 1 5 3001 
close 79.27 1 4 3000 
close 78.56 1 3 2999 
close 78.43 1 5 3012 
close 77.74 1 5 3021 
close 78.78 1 3 2999 
close 77.77 1 3 2999 
close 78.18 1 3 3000 
close 78.23 1 4 3000 
close 78.86 1 5 3017 
close 79.85 1 6 3014 
close 79.57 1 5 3061 
close 80.37 1 4 3004 
close 79.41 1 3 2999 
close 81.67 1 3 2999 
close 81.88 1 3 2999 
close 82.50 1 3 2999 
close 84.23 1 4 3000 
close 85.01 1 7 4769 
close 86.60 1 5 3059 
close 86.91 1 4 3000 
close 88.83 1 3 2999 
close 88.73 1 3 2999 
close 90.72 1 3 2999 
close 93.61 1 3 3000 
close 93.24 1 4 3000 
close 93.53 1 4 3000 
close 91.95 1 4 3000 
close 93.32 1 3 2999 
close 95.89 1 4 3000 
close 95.02 1 3 2999 
close 94.60 1 3 2999 
close 93.36 1 4 2940 
close 99.14 1 3 2999 
close 97.62 1 3 2999 
close 99.42 1 3 2999 
close 97.38 1 4 3000 
close 98.78 1 3 2999 
close 102.24 1 4 3000 
close 102.40 1 3 2999 
close 102.29 2 6 5999 
close 100.16 1 3 2999 
close 96.03 1 3 2999 
close 95.49 1 4 3000 
close 98.17 2 7 6062 
close 100.74 1 4 3118 
close 101.12 1 3 3000 
close 99.16 1 4 3725 
close 99.52 1 5 3005 
close 98.08 1 4 3002 
close 97.66 1 3 3000 
close 98.24 1 3 3000 
close 97.31 1 3 3000 
close 97.08 1 4 3001 
close 99.62 2 7 6003 
close 100.39 1 4 3030 
close 99.13 1 4 3001 
close 98.75 1 5 3002 
close 98.02 1 3 3000 
close 96.85 1 3 3000 
close 98.21 1 3 3000 
close 98.47 1 3 3002 
close 100.13 1 5 3010 
close 101.29 1 6 3013 
close 102.52 1 5 3007 
close 102.80 1 4 3002 
close 102.67 1 3 3001 
close 104.49 1 6 4443 
close 105.34 1 6 4741 
close 104.62 1 4 4439 
close 104.23 1 3 3000 
close 104.29 1 3 3001 
close 103.32 1 3 3001 
close 101.60 1 4 3002 
close 102.61 2 8 6007 
close 102.39 1 4 3004 
close 102.20 1 4 3003 
close 102.22 2 6 6000 
close 102.94 2 7 6001 
close 101.38 1 3 3002 
close 102.28 1 3 2999 
close 103.60 1 4 2940 
close 101.84 1 4 3002 
close 101.81 1 4 3002 
close 102.62 1 4 3002 
close 102.60 1 3 3001 
close 101.68 1 3 3000 
close 101.24 1 3 3000 
close 101.96 1 4 3001 
close 102.51 1 3 3001 
close 102.15 1 3 3000 
close 101.92 1 4 3003 
close 101.52 1 3 3000 
close 101.50 1 3 3000 
close 101.45 1 4 3001 
close 102.08 1 3 3000 
close 102.26 1 4 3003 
close 102.90 1 7 3011 
close 104.07 1 4 3004 
close 105.08 1 4 3121 
close 106.18 1 5 3058 
close 107.15 1 5 3008 
close 109.64 2 13 16033 
close 107.98 1 5 3066 
close 107.23 1 5 3007 
close 107.02 1 4 3010 
close 113.44 1 6 3020 
close 115.78 1 3 3004 
close 116.90 1 3 3009 
close 117.90 1 7 3033 
close 119.21 2 12 6060 
close 119.59 1 6 3037 
close 116.53 1 7 3037 
close 120.72 1 6 3038 
close 119.82 1 6 4763 
close 118.55 1 7 5835 
close 117.88 1 6 3034 
close 118.65 1 7 3036 
close 117.55 1 7 4412 
close 119.41 1 6 3031 
close 118.95 1 6 3030 
close 121.10 1 7 3041 
close 121.33 1 6 3032 
close 119.98 1 6 2948 
close 120.24 1 4 3001 
close 118.81 1 5 3004 
close 119.91 1 4 3001 
close 119.85 1 4 3003 
close 122.98 1 3 3000 
close 124.02 1 4 3003 
close 124.37 1 5 3004 
close 123.37 1 4 3001 
close 122.40 1 3 3000 
close 122.48 1 4 3003 
close 123.33 1 4 3002 
close 123.56 1 3 3000 
close 124.33 1 3 3000 
close 125.04 1 5 3002 
close 124.38 1 4 3001 
close 118.91 1 3 3000 
close 119.93 1 3 3000 
close 119.78 1 3 3000 
close 119.74 1 5 3002 
close 119.81 1 4 3001 
close 120.38 1 3 3061 
close 121.05 2 7 6005 
close 123.14 1 3 3002 
close 123.42 1 3 3001 
close 122.52 1 4 3002 
close 122.83 1 4 3002 
close 122.90 1 3 3003 
close 120.48 1 4 4498 
close 119.11 1 5 4561 
close 117.70 1 3 3000 
close 117.61 1 3 3002 
close 118.38 1 3 3001 
close 119.77 1 4 3002 
close 115.12 1 3 3002 
close 114.14 1 3 3001 
close 111.99 1 3 3001 
close 113.95 1 3 3001 
close 112.64 1 3 3001 
close 113.15 1 4 3001 
close 112.27 3 12 10932 
close 112.56 1 3 2940 
close 110.43 2 6 5998 
close 108.63 1 3 2999 
close 109.22 1 3 2999 
close 111.19 1 3 2999 
close 106.63 1 3 2999 
close 109.16 2 8 6013 
close 109.09 1 3 2999 
close 110.14 1 6 3015 
close 110.55 1 5 3014 
close 107.16 1 6 3026 
close 106.12 1 4 3007 
close 104.66 1 3 2999 
close 102.59 1 3 2999 
close 101.16 1 3 2999 
close 104.67 2 7 6240 
close 100.96 1 3 2999 
close 101.87 1 4 3000 
close 100.25 1 3 2999 
close 102.06 1 3 2999 
close 102.54 1 3 2999 
close 101.70 1 4 3000 
close 100.32 1 3 2999 
close 102.81 1 4 3000 
close 103.83 1 3 3009 
close 104.13 1 4 3000 
close 104.03 1 5 3062 
close 105.16 1 3 3010 
close 111.13 2 6 5958 
close 112.37 2 6 6009 
close 114.01 1 3 3009 
close 115.16 1 3 3009 
close 117.84 1 3 3009 
close 117.41 1 4 3789 
close 117.73 1 4 3489 
close 115.75 1 3 3009 
close 112.59 1 3 3009 
close 113.76 1 3 3008 
close 112.79 2 6 6009 
close 112.38 1 3 3010 
close 114.23 1 3 3009 
close 113.64 1 3 3010 
close 112.78 1 3 3009 
close 113.96 1 3 3009 
close 114.71 1 3 3010 
close 111.75 1 3 3010 
close 110.79 1 3 2999 
close 108.42 1 3 2999 
close 111.02 1 3 2999 
close 111.96 1 3 2999 
close 113.80 1 3 2999 
close 110.83 1 3 2999 
close 110.04 1 3 2999 
close 111.33 1 3 2999 
close 112.21 1 3 2999 
close 113.09 1 4 3001 
close 113.82 1 3 2999 
close 112.03 1 3 2999 
close 111.85 1 5 3001 
close 110.35 1 3 2999 
close 110.12 1 3 2999 
close 110.58 1 3 2999 
close 109.68 1 3 2999 
close 108.58 1 3 2999 
close 110.19 2 6 5998 
close 111.50 1 3 2999 
close 112.81 1 5 3001 
close 112.15 1 3 2999 
close 113.92 1 3 2999 
close 113.60 1 3 3060 
close 113.97 1 3 3009 
close 113.41 1 3 3010 
close 112.43 1 4 3012 
close 111.45 1 5 3687 
close 112.58 1 4 3026 
close 113.52 1 3 3010 
close 112.86 1 3 3010 
close 113.21 1 5 4508 
close 112.62 1 3 3010 
close 110.47 2 6 6019 
close 110.29 1 3 3009 
close 108.78 2 8 6016 
close 107.82 1 4 3033 
close 107.33 1 3 2999 
close 105.48 1 3 2999 
close 106.47 1 3 2999 
close 106.52 1 3 2999 
close 105.49 1 4 2940 
close 106.40 1 3 2999 
close 107.09 1 3 2999 
close 106.99 1 3 2999 
close 109.90 1 5 4252 
close 109.00 1 3 3076 
close 110.32 1 3 2999 
close 110.75 1 3 2999 
close 108.41 1 3 3074 
close 109.83 1 3 2999 
close 110.07 1 3 2999 
close 110.18 1 3 2999 
close 110.50 1 3 2999 
close 110.85 1 3 3009 
close 112.93 1 3 3008 
close 111.69 1 4 3010 
close 111.35 1 3 3009 
close 111.17 1 3 3009 
close 110.10 1 3 3008 
close 111.15 1 3 3009 
close 111.46 1 3 3008 
close 111.60 1 3 3008 
close 112.34 1 4 3010 
close 112.96 1 3 3008 
close 113.62 1 3 3008 
close 112.99 1 3 3008 
close 112.29 1 3 3008 
close 112.40 1 3 3009 
close 113.07 1 3 3068 
close 113.40 1 4 3010 
close 113.81 1 3 3008 
close 112.74 1 3 3009 
close 113.77 1 3 3009 
close 112.75 1 3 3009 
close 112.50 1 3 3008 
close 110.27 1 4 3186 
close 108.74 1 3 3000 
close 108.69 1 3 3000 
close 109.36 2 6 5999 
close 109.33 1 3 3009 
close 109.96 1 3 3009 
close 110.57 1 3 3008 
close 110.52 1 4 3000 
close 111.88 1 3 2999 
close 111.30 1 3 2999 
close 110.48 1 3 2999 
close 111.10 1 3 2999 
close 111.97 1 3 2999 
close 111.38 1 3 2999 
close 109.60 1 3 2999 
close 110.53 1 3 2999 
close 108.49 1 3 2999 
close 108.57 1 3 2999 
close 107.19 1 3 2999 
close 108.21 1 3 2999 
close 108.25 1 3 2999 
close 108.55 1 3 2999 
body 2.36 1 7 3311 
body 0.98 2 13 6316 
body -1.14 4 20 12110 
body -0.82 2 12 6381 
body -1.03 1 7 3242 
body 2.04 1 7 3262 
body -1.11 1 7 3493 
body 0.45 2 10 6245 
body 2.54 2 10 6396 
body 1.01 8 38 26264 
body 2.44 2 10 6206 
body 0.00 4 25 13945 
body 3.41 1 7 3157 
body -1.16 1 7 3275 
body -1.04 2 14 9028 
body -1.08 2 10 6139 
body -0.17 2 11 6328 
body -0.80 2 10 6379 
body 1.91 2 10 6247 
body -0.50 6 22 18212 
body -2.60 1 7 3542 
body 0.06 5 19 15277 
body 1.40 4 24 16011 
body 1.27 3 17 10763 
body 0.97 2 12 6305 
body 0.58 3 13 9319 
body 0.92 3 15 9718 
body -0.52 2 11 6277 
body -0.58 3 14 9481 
body 0.83 2 14 8059 
body -1.52 4 22 14770 
body -1.72 5 21 15625 
body -2.06 1 7 3367 
body 0.25 3 17 10243 
body -0.62 5 19 15588 
body 0.19 1 7 3701 
body -2.32 1 7 3648 
body 0.30 5 21 15466 
body 3.04 1 7 3581 
body -0.38 5 31 17580 
body 1.10 5 25 16754 
body 1.23 3 15 9466 
body -0.49 3 13 9480 
body -0.84 3 17 11647 
body 1.12 3 13 9525 
body 1.31 4 19 13941 
body 0.20 3 13 10958 
body 1.85 1 7 4717 
body 2.02 1 7 4734 
body 3.19 1 7 5959 
body 0.50 4 21 19099 
body 1.22 2 11 7790 
body -1.77 2 10 7770 
body 2.67 1 7 4815 
body -0.31 4 18 13686 
body 0.43 2 10 7533 
body -1.21 5 19 16856 
body 0.96 1 7 4834 
body -2.41 1 7 4659 
body -3.05 2 14 7322 
body 2.94 1 7 4533 
body 1.04 6 27 19719 
body -2.53 1 7 4903 
body -0.92 5 20 17184 
body -1.63 1 7 5206 
body -0.43 2 11 9262 
body 0.34 5 21 17240 
body -4.24 1 7 4869 
body 0.21 3 16 11240 
body -0.33 1 7 4972 
body 1.13 3 14 11061 
body -3.15 1 7 4800 
body -1.13 2 11 7672 
body -1.93 1 7 4949 
body -2.13 2 10 7748 
body 2.88 1 7 4487 
body 0.74 3 14 10674 
body -2.73 1 7 4792 
body 0.38 4 23 15179 
body -0.48 2 14 7873 
body -0.99 5 24 16878 
body 2.75 1 7 4802 
body 2.21 1 7 4569 
body -0.72 5 21 17928 
body 1.42 5 19 16853 
body 0.57 3 13 11144 
body 0.49 3 14 11020 
body -2.09 4 22 13824 
body -1.09 2 11 8069 
body -2.33 1 7 4817 
body 2.59 2 10 7927 
body -0.63 4 16 13952 
body 2.76 2 10 8316 
body -0.47 1 7 4670 
body -2.29 1 7 4587 
body -1.23 5 27 17135 
body -1.57 3 13 13403 
body 1.63 3 14 11973 
body -2.27 1 7 4935 
body 0.01 5 20 17796 
body 0.53 6 28 20712 
body 0.99 3 13 11252 
body 1.43 2 10 8499 
body -2.03 1 7 5512 
body -1.53 3 13 11540 
body -0.13 7 31 26420 
body -0.23 9 40 31575 
body 1.51 1 7 5217 
body 1.44 2 14 7870 
body -2.28 1 7 5077 
body 1.92 1 7 4743 
body 0.59 3 17 10966 
body -0.45 4 16 14389 
body 0.03 6 28 20035 
body -2.30 1 7 5016 
body 0.67 5 20 17488 
body 1.87 3 16 10755 
body -1.47 1 7 5036 
body 0.42 5 21 17557 
body -0.19 5 22 16976 
body 1.33 4 17 14020 
body -1.01 5 19 17221 
body 1.15 3 14 10645 
body 0.81 2 10 7896 
body 0.07 2 11 7858 
body -1.30 5 27 18486 
body -0.01 2 14 15026 
body -0.90 3 13 11281 
body -0.61 1 7 5213 
body -3.93 1 7 4342 
body -0.96 4 16 13296 
body -1.36 3 15 12231 
body -1.15 2 10 7788 
body -1.42 3 21 10637 
body 1.50 1 7 4562 
body -0.95 4 23 13763 
body -0.69 4 22 13568 
body -0.77 1 7 4951 
body 0.40 2 10 8145 
body -0.20 6 33 21788 
body -0.06 3 13 13108 
body -1.10 4 19 14973 
body 0.05 4 18 12146 
body 0.60 4 16 12056 
body -0.16 3 13 9063 
body 0.14 2 10 6071 
body 2.58 1 7 3055 
body 1.83 1 7 3059 
body 1.37 3 13 9079 
body -2.59 1 7 3066 
body -0.86 6 24 18021 
body -0.07 2 11 6048 
body 1.09 3 16 9132 
body 2.10 1 7 3052 
body 3.43 1 7 3057 
body -2.19 2 10 6043 
body -0.85 1 7 3019 
body -0.14 1 7 3018 
body -0.24 3 13 9017 
body 1.16 3 16 9042 
body 0.12 3 13 9023 
body 2.38 1 7 3037 
body 0.56 3 13 9019 
body -1.28 2 11 6027 
body -0.25 3 17 9063 
body -0.57 5 22 16525 
body 0.28 6 24 18020 
body 0.13 2 10 6018 
body 0.23 2 13 6065 
body 1.54 2 10 6078 
body -0.26 3 13 9024 
body -1.40 2 10 6027 
body -1.68 1 7 3021 
body -0.64 1 7 3075 
body -0.29 3 13 9016 
body -1.97 2 10 6032 
body -0.44 1 7 3017 
body -0.12 3 13 9026 
body 2.72 1 7 3025 
body 1.39 2 11 7340 
body -1.07 3 13 9024 
body -1.18 3 11 9004 
body 1.79 2 6 5998 
body 2.16 1 3 2999 
body -0.35 4 15 13393 
body -0.03 5 16 15009 
body 1.03 3 11 10388 
body 1.80 4 12 11936 
body -0.75 2 6 5998 
body -1.25 3 9 9001 
body 1.93 1 3 2999 
body 0.77 7 23 21028 
body -1.00 3 12 9687 
body 1.78 1 3 2999 
body 1.94 1 3 2999 
body -0.37 5 17 14998 
body 0.36 3 9 8997 
body 1.49 1 3 2999 
body -1.75 2 6 5998 
body 1.08 5 19 16457 
body 0.22 4 12 11996 
body 1.20 1 3 2999 
body -0.66 3 11 9060 
body 0.61 2 7 5999 
body 1.06 4 13 12007 
body -0.74 1 3 2999 
body -2.84 1 3 2999 
body 2.43 1 3 2999 
body 1.32 3 9 8997 
body -2.98 1 3 2999 
body 1.98 4 13 12008 
body -0.22 6 24 18054 
body -0.46 3 11 9011 
body 0.66 1 3 2939 
body 0.78 4 20 13743 
body -1.95 1 3 3000 
body -2.36 1 3 2999 
body 2.39 1 4 3001 
body 2.03 1 3 2999 
body -0.34 3 10 9001 
body 3.03 1 3 2999 
body -2.58 1 3 2999 
body 1.11 1 3 2999 
body 0.27 2 9 5947 
body 1.60 3 12 9058 
body 0.91 4 13 11997 
body 1.62 2 6 5998 
body 0.70 2 11 6039 
body -2.48 1 3 3059 
body -1.61 2 6 5998 
body 1.34 1 3 2999 
body 1.30 1 3 2999 
body -1.66 2 6 5998 
body 1.18 2 7 6008 
body -1.83 1 3 2999 
body -1.44 3 11 9001 
body -0.70 2 6 5998 
body 1.14 1 4 3000 
body 0.26 5 18 15000 
body -0.42 4 12 11997 
body 0.17 3 14 9012 
body 1.45 1 3 2999 
body -0.56 2 6 5998 
body 0.71 3 11 9000 
body -1.79 2 6 5998 
body -1.82 1 3 2999 
body 0.35 6 24 19532 
body -1.35 3 9 8999 
body -3.30 1 4 3014 
body 0.16 4 16 13620 
body 1.89 1 3 2999 
body -1.98 1 3 2999 
body 1.67 1 3 2999 
body 1.00 3 12 9012 
body -2.08 2 6 5998 
body 0.02 3 9 8998 
body -3.77 1 3 2999 
body 0.88 4 14 12000 
body -2.45 1 5 5819 
body -2.95 1 5 3001 
body -2.04 2 7 5999 
body -0.30 1 3 2999 
body 0.52 3 11 9018 
body -0.54 1 3 2999 
body -3.86 1 3 2999 
body -0.05 7 28 21049 
body -3.25 1 3 2999 
body -0.15 1 3 2999 
body 1.69 1 3 2939 
body -0.91 2 9 7762 
body -1.05 1 4 3000 
body 0.95 5 17 14997 
body 2.20 1 3 2999 
body 0.63 3 9 9007 
body -0.18 4 13 12020 
body -1.76 3 10 9000 
body -2.64 1 3 2999 
body 0.89 2 7 5999 
body 0.18 1 3 2999 
body 0.48 2 6 5998 
body -0.97 2 6 6000 
body -1.37 4 14 12018 
body -1.45 2 6 5998 
body 0.33 3 11 9498 
body -4.59 1 3 2999 
body 0.55 3 11 9001 
body -2.10 1 4 3071 
body -2.23 1 3 2999 
body -2.15 1 3 2999 
body -3.19 1 3 2999 
body 1.86 2 7 6013 
body -0.71 2 8 7617 
body 3.22 1 5 4678 
body -4.04 1 3 2999 
body 4.41 1 3 2999 
body 1.47 1 3 2999 
body 0.44 4 14 12000 
body 0.04 4 15 12685 
body 0.84 1 3 2939 
body 1.71 2 7 5999 
body -1.70 1 3 3000 
body -2.11 1 3 2999 
body 2.35 1 3 2999 
body -2.43 1 3 3000 
body 0.54 2 6 5999 
body 1.19 1 3 2999 
body -1.33 1 3 2999 
body 0.29 5 17 14938 
body 0.68 2 7 6000 
body 0.87 2 6 5998 
body 0.76 4 12 12007 
body -1.38 2 6 5998 
body -1.31 1 4 3000 
body 1.07 1 3 3059 
body -1.49 1 3 2999 
body 1.61 1 3 3000 
body 2.11 1 3 2999 
body -0.60 4 12 12010 
body 2.41 1 3 2939 
body 1.52 1 3 2999 
body -0.88 4 14 12001 
body -1.89 1 3 2999 
body -1.56 2 7 6003 
body -2.00 1 6 3002 
body -0.40 3 13 9044 
body -0.65 2 8 6011 
body 2.05 1 5 3036 
body -0.68 2 10 6159 
body -1.41 1 6 3153 
body 0.11 3 11 9010 
body -1.32 1 6 3516 
body -0.32 2 8 6579 
body -0.83 1 4 3000 
body -0.93 3 13 10940 
body 0.75 2 6 6007 
body -1.86 1 3 2999 
body 0.24 2 6 5998 
body 1.38 1 3 2939 
body 2.73 1 3 2999 
body -1.60 1 4 3001 
body 0.47 3 10 9008 
body -0.67 4 15 12042 
body 0.37 3 9 9008 
body -0.28 2 8 6060 
body 0.82 2 7 6001 
body -1.71 2 6 6008 
body -0.59 2 7 6186 
body -0.10 3 11 9000 
body -0.09 3 10 9024 
body 0.10 1 7 3070 
body 2.27 1 6 3094 
body -1.17 3 10 9419 
body 0.86 1 3 2999 
body -1.39 1 4 3000 
body 2.18 1 3 2999 
body -1.20 1 3 2999 
body -0.27 2 6 5999 
body -0.04 1 3 2999 
body 0.51 4 14 11999 
body 0.64 2 12 6028 
body 0.80 2 11 6182 
body 2.26 1 3 2999 
body 0.41 1 4 3009 
body 0.62 2 6 6008 
body 1.73 1 4 3000 
body 1.99 1 3 2999 
body 2.90 1 3 3000 
body -0.36 2 8 6001 
body -1.58 1 4 3000 
body 2.56 1 4 3000 
body -1.24 2 11 8775 
body 5.78 1 3 2999 
body 3.47 2 7 5999 
body -0.11 2 8 6061 
body -2.12 1 3 2999 
body -4.13 1 3 2999 
body -0.55 1 4 3000 
body 2.68 1 3 2999 
body 2.57 1 4 3118 
body -1.96 1 4 3725 
body -1.26 1 4 3001 
body 1.36 2 6 5999 
body -0.08 2 8 6008 
body 1.82 1 6 4443 
body 0.85 2 10 7743 
body -0.39 1 3 3000 
body 0.72 1 4 3002 
body 0.90 1 3 2999 
body -0.02 2 6 6000 
body -0.98 4 13 12021 
body 0.73 1 4 3001 
body 1.17 2 7 6003 
body 2.49 1 6 5953 
body -1.67 1 5 3066 
body -0.76 1 5 3007 
body -0.21 2 7 6009 
body 5.35 1 6 3020 
body 2.34 1 3 3004 
body 4.19 1 6 3038 
body -0.89 3 14 9117 
body -1.62 1 6 3009 
body 2.32 1 3 3000 
body -1.50 1 3 3000 
body 0.09 1 4 3003 
body -5.46 1 3 3000 
body 2.09 1 3 3002 
body 0.31 2 7 6010 
body -4.65 1 3 3002 
body -2.17 1 3 3001 
body 1.96 1 3 3001 
body -4.57 1 3 2999 
body 2.53 1 5 3004 
body -3.37 1 6 3026 
body -1.46 1 3 2999 
body -1.43 2 7 6240 
body -3.71 1 3 2999 
body 2.69 2 6 6008 
body 2.50 1 4 3000 
body 3.95 1 3 3009 
body 1.25 1 3 3010 
body 1.64 1 3 3009 
body -3.16 1 3 3009 
body -2.96 1 3 3010 
body 2.60 1 3 2999 
body 1.84 1 3 2999 
body 0.65 2 6 6007 
body 1.29 1 3 2999 
body -1.51 1 3 2999 
body 1.77 1 3 2999 
body 0.94 1 3 3010 
body 0.32 1 3 3010 
body -2.16 1 3 3010 
body -0.53 1 3 2999 
body -1.87 1 3 2999 
body -1.02 2 7 5949 
body -2.34 1 3 3074 
body 2.07 1 3 3008 
body -2.24 1 4 3186 
body 1.35 1 3 2999 
body 0.08 1 3 2999 
up 0.08 15 63 48719 
up 1.58 1 7 3312 
up 2.06 1 7 3077 
up 1.81 3 18 10940 
up 0.89 5 23 15755 
up 1.10 4 17 12262 
up 0.05 17 74 57308 
up 0.98 7 33 23262 
up 1.03 1 7 3396 
up 0.96 1 7 3369 
up 1.45 1 7 3207 
up 2.12 1 7 3199 
up 1.25 3 17 11410 
up 0.67 8 32 26553 
up 0.53 8 36 27025 
up 0.22 15 71 50175 
up 2.01 2 10 6326 
up 0.39 10 50 33667 
up 0.42 9 40 28977 
up 0.78 9 45 29568 
up 0.07 11 49 37926 
up 0.46 11 43 35196 
up 0.85 4 24 13150 
up 0.56 4 17 12320 
up 0.79 6 26 18723 
up 0.61 6 24 18482 
up 0.28 11 57 38148 
up 0.11 15 63 51753 
up 0.02 13 57 43621 
up 0.77 12 47 36743 
up 0.27 12 50 36747 
up 2.44 1 7 3701 
up 0.23 10 35 30652 
up 0.51 11 40 33700 
up 0.54 5 27 18131 
up 0.44 9 35 27504 
up 0.29 8 33 24565 
up 0.64 3 14 10912 
up 0.45 5 27 18844 
up 0.01 16 73 57472 
up 0.37 10 46 36834 
up 0.69 8 44 32400 
up 1.16 5 33 20617 
up 1.27 2 11 7535 
up 1.12 1 7 4860 
up 0.33 7 26 22839 
up 0.32 10 53 34625 
up 0.26 9 41 28763 
up 0.65 8 30 25619 
up 1.23 3 18 12962 
up 0.13 15 62 49221 
up 0.17 11 46 36880 
up 0.82 5 28 17286 
up 0.14 17 70 55144 
up 0.58 2 10 8158 
up 0.43 6 26 19683 
up 0.62 9 42 33057 
up 0.24 13 56 43673 
up 0.55 10 39 33923 
up 0.06 20 77 64299 
up 1.66 1 7 4827 
up 0.90 4 25 14071 
up 0.20 15 68 49769 
up 1.30 2 10 7577 
up 0.84 4 17 13970 
up 0.03 12 52 45500 
up 0.52 12 57 42150 
up 0.31 12 47 39880 
up 0.48 8 30 26023 
up 0.19 15 68 57153 
up 1.39 4 20 13704 
up 0.21 19 64 58581 
up 0.12 14 59 47261 
up 0.99 4 17 14543 
up 0.38 13 58 44593 
up 0.15 19 77 61841 
up 0.80 5 24 18362 
up 1.82 1 7 4829 
up 0.41 4 17 14393 
up 0.04 11 39 36508 
up 0.18 12 54 42519 
up 0.70 5 30 18848 
up 0.47 10 39 34105 
up 0.97 6 26 21314 
up 0.95 2 11 8082 
up 0.35 7 32 24658 
up 1.18 1 7 4946 
up 0.87 2 14 9891 
up 0.16 11 49 34793 
up 1.00 1 7 4473 
up 0.57 3 18 12836 
up 1.98 1 7 3084 
up 1.06 2 14 6082 
up 0.40 7 25 21051 
up 1.17 3 18 9127 
up 0.36 13 51 39112 
up 0.92 4 16 12078 
up 1.35 2 11 6048 
up 0.34 9 36 27056 
up 1.48 1 7 3062 
up 0.83 4 19 12059 
up 1.55 1 7 3019 
up 1.90 2 11 6020 
up 0.00 7 33 29878 
up 0.30 14 55 44888 
up 1.49 1 7 3015 
up 1.56 1 7 3022 
up 0.63 6 24 18035 
up 0.75 8 34 24043 
up 1.26 1 7 3019 
up 0.59 8 40 24117 
up 1.60 1 7 3018 
up 0.60 10 38 30043 
up 0.73 7 31 21183 
up 0.09 15 54 45219 
up 1.02 2 6 5998 
up 1.34 2 6 5998 
up 1.20 2 8 7677 
up 0.76 4 15 12005 
up 0.81 3 9 8997 
up 0.94 1 4 3000 
up 0.50 9 31 27091 
up 0.74 8 26 24008 
up 1.68 1 3 2999 
up 1.22 2 6 5939 
up 1.37 2 9 6065 
up 1.07 4 14 12022 
up 0.68 4 13 11997 
up 0.25 7 23 21077 
up 0.10 5 16 14996 
up 1.59 1 3 2999 
up 1.70 1 3 2999 
up 0.71 6 24 18061 
up 0.49 4 12 12005 
up 1.01 3 10 9002 
up 2.77 1 4 3001 
up 1.13 2 9 6093 
up 0.66 6 19 18058 
up 1.73 1 3 2999 
up 0.86 2 8 6000 
up 1.14 2 8 6187 
up 2.18 1 3 2999 
up 1.05 3 12 9026 
up 0.72 5 21 16410 
up 1.57 1 3 2999 
up 1.33 1 3 2999 
up 1.62 1 3 2999 
up 1.41 2 6 5998 
up 1.08 3 9 9059 
up 1.76 1 3 2999 
up 2.40 1 3 3000 
up 1.24 1 4 4617 
up 2.03 1 3 2999 
up 0.88 3 11 9012 
up 1.93 1 3 2999 
up 1.46 1 4 3000 
up 1.69 1 4 3000 
up 0.93 2 10 8834 
up 2.90 1 3 2999 
up 1.11 1 4 3000 
up 1.09 2 6 5998 
up 1.47 2 9 6004 
up 1.31 1 3 2999 
up 1.32 2 9 6246 
up 0.91 2 7 6010 
up 1.85 1 3 3000 
up 2.23 1 6 3037 
up 1.97 1 4 3001 
up 1.19 1 3 3000 
up 1.87 1 3 3002 
up 2.14 1 3 2999 
up 1.79 1 3 2999 
up 1.04 2 6 5998 
up 1.50 1 3 3010 
up 1.72 1 3 3008 
up 1.54 1 3 3010 
down 0.90 4 23 12590 
down 0.99 5 26 15373 
down 0.50 15 67 51248 
down 0.20 17 70 54488 
down 0.45 8 41 29470 
down 0.13 15 68 50829 
down 1.18 1 7 3493 
down 0.37 9 42 29437 
down 0.30 15 64 45987 
down 0.41 8 38 24310 
down 0.48 8 32 26098 
down 0.76 6 34 22417 
down 0.40 8 39 27861 
down 1.39 3 17 11603 
down 0.28 16 55 48588 
down 0.72 5 20 16827 
down 0.09 17 85 54440 
down 1.21 3 18 10841 
down 1.82 2 10 6274 
down 0.58 13 69 49125 
down 0.74 4 20 15153 
down 0.18 13 63 43600 
down 0.15 12 58 39095 
down 1.32 3 18 11413 
down 1.53 2 10 6481 
down 1.07 3 18 11742 
down 0.23 12 48 36914 
down 0.63 10 42 32267 
down 0.70 2 11 6367 
down 0.42 15 68 56485 
down 0.94 2 14 9035 
down 0.81 9 42 31735 
down 0.59 9 44 31239 
down 1.50 3 21 11517 
down 0.47 8 33 24608 
down 0.36 16 83 57988 
down 0.55 9 34 27465 
down 0.52 8 42 24740 
down 0.27 7 31 23192 
down 0.07 7 28 22912 
down 1.08 6 22 19956 
down 0.34 13 57 47687 
down 0.43 10 46 35652 
down 1.25 1 7 4789 
down 0.21 12 61 41595 
down 0.00 6 32 28543 
down 0.60 5 20 16747 
down 2.80 1 7 4285 
down 0.96 5 23 16549 
down 0.88 4 16 13700 
down 0.97 4 24 17677 
down 0.05 9 37 30557 
down 0.65 8 35 26297 
down 0.93 6 23 20203 
down 0.56 8 32 25904 
down 0.78 4 18 14250 
down 1.34 2 10 7971 
down 0.32 9 46 38835 
down 1.63 1 7 4665 
down 0.39 18 77 61107 
down 1.45 1 7 4487 
down 1.60 3 15 10667 
down 0.11 10 40 33270 
down 1.94 1 7 4465 
down 0.46 6 29 25590 
down 1.19 2 10 7482 
down 1.54 2 11 7488 
down 0.71 6 30 22317 
down 0.51 12 62 48606 
down 0.06 10 52 37701 
down 0.04 9 32 28904 
down 0.24 13 46 41409 
down 1.65 1 7 4670 
down 0.57 6 24 19939 
down 0.02 7 32 24664 
down 0.33 11 55 38799 
down 1.55 1 7 5075 
down 0.61 7 33 26053 
down 0.64 3 13 11221 
down 1.22 4 16 13971 
down 0.14 14 61 45946 
down 0.69 5 27 19426 
down 1.36 2 10 7341 
down 0.01 10 40 33154 
down 0.86 7 28 22635 
down 0.29 8 30 24059 
down 0.16 12 52 36149 
down 0.12 7 35 21138 
down 2.33 1 7 3048 
down 0.80 3 14 9334 
down 0.77 4 18 12065 
down 1.20 3 14 9119 
down 1.35 2 11 6022 
down 1.23 1 7 3021 
down 0.83 6 26 18039 
down 0.31 11 47 33228 
down 0.26 13 51 39188 
down 0.75 6 23 18038 
down 0.38 5 23 15035 
down 0.25 9 37 27168 
down 1.26 2 10 6021 
down 0.82 6 22 18022 
down 1.03 6 23 17984 
down 1.30 1 4 3006 
down 0.35 7 24 21010 
down 0.73 5 20 15037 
down 0.68 8 28 24027 
down 0.67 9 32 28651 
down 0.03 10 36 34203 
down 2.64 1 3 2999 
down 0.84 4 12 12015 
down 0.49 6 19 17996 
down 1.67 2 6 5998 
down 0.22 13 49 41050 
down 1.04 4 12 11996 
down 1.62 4 13 11999 
down 0.87 4 12 11936 
down 0.44 10 37 30072 
down 0.53 9 35 28421 
down 1.00 5 17 15008 
down 0.85 3 10 9011 
down 1.01 4 12 11996 
down 0.62 5 17 15017 
down 0.08 9 29 26945 
down 1.48 2 6 6009 
down 1.38 2 6 5998 
down 1.27 1 3 3002 
down 2.57 1 4 3014 
down 1.64 2 6 5998 
down 1.61 1 3 2999 
down 0.89 2 7 6059 
down 1.76 1 3 2999 
down 0.10 12 41 36237 
down 1.05 1 5 3001 
down 1.71 2 6 5998 
down 1.97 1 4 3000 
down 4.36 1 3 2999 
down 2.32 1 3 2999 
down 1.43 1 3 2939 
down 1.80 1 3 2999 
down 2.09 1 4 3000 
down 1.47 1 3 2999 
down 1.73 1 3 2999 
down 2.26 1 3 2999 
down 2.17 2 6 5938 
down 3.53 1 3 2999 
down 1.02 6 20 18071 
down 7.25 1 4 3071 
down 2.10 1 4 3003 
down 2.41 1 3 2999 
down 1.77 1 3 2999 
down 0.54 1 3 2999 
down 1.92 1 4 3004 
down 2.01 1 3 2999 
down 1.68 2 7 6000 
down 3.04 1 3 2999 
down 4.59 1 3 2999 
down 1.93 1 3 2999 
down 4.48 1 3 2999 
down 0.95 3 11 9123 
down 0.19 11 46 33258 
down 0.66 4 13 12244 
down 0.91 5 20 15783 
down 1.13 1 6 3003 
down 1.16 2 9 6459 
down 4.28 1 3 2999 
down 1.42 2 8 6081 
down 1.24 2 10 6016 
down 1.09 2 7 5999 
down 1.83 1 3 2999 
down 1.31 2 6 6002 
down 1.06 2 6 6008 
down 1.72 2 7 5999 
down 1.51 1 3 3000 
down 0.17 4 16 12019 
down 1.88 1 3 3000 
down 1.10 2 7 6029 
down 1.79 1 4 3010 
down 1.28 2 10 6038 
down 0.98 2 10 6037 
down 2.03 1 7 3036 
down 1.40 1 6 2948 
down 2.08 1 4 3002 
down 2.63 1 3 3000 
down 1.11 1 4 3001 
down 0.92 1 3 3001 
down 1.12 2 6 6001 
down 3.08 1 3 3001 
down 3.49 1 3 2999 
down 4.02 1 3 3009 
down 1.29 1 3 2999 
down 3.46 1 3 3000 
