open 1.4931 1 7 5335 
open 1.4938 1 7 5181 
open 1.5055 1 7 4477 
open 1.5105 1 7 6021 
open 1.5035 1 7 5408 
open 1.5099 1 7 5284 
open 1.5212 1 7 5539 
open 1.5392 1 7 5433 
open 1.5287 1 7 5349 
open 1.5379 2 14 10650 
open 1.5433 1 7 4696 
open 1.5657 1 7 5121 
open 1.5689 1 7 5174 
open 1.5755 1 7 5034 
open 1.5551 1 7 6249 
open 1.5633 3 21 18058 
open 1.5451 1 7 5469 
open 1.5314 1 7 5606 
open 1.5431 1 7 5053 
open 1.5456 1 7 5033 
open 1.5401 1 7 5624 
open 1.5354 1 7 5171 
open 1.5308 1 7 5212 
open 1.5232 1 7 5158 
open 1.5341 1 7 5199 
open 1.5170 1 7 5389 
open 1.5106 1 7 5787 
open 1.5192 1 7 5228 
open 1.5404 1 7 6537 
open 1.5333 1 7 6249 
open 1.5347 1 7 6896 
open 1.5353 1 7 6623 
open 1.5474 2 14 15179 
open 1.5396 1 7 6792 
open 1.5591 1 7 6883 
open 1.5639 1 7 7204 
open 1.5721 1 7 5903 
open 1.5700 1 7 6188 
open 1.5679 1 7 6311 
open 1.5652 1 7 5770 
open 1.5648 1 7 5749 
open 1.5715 1 7 5244 
open 1.5786 1 7 5146 
open 1.5924 1 7 5465 
open 1.5931 1 7 5506 
open 1.5939 1 7 6259 
open 1.5932 2 14 13335 
open 1.5712 1 7 6567 
open 1.5716 2 14 13188 
open 1.5738 1 7 7343 
open 1.6008 1 7 9023 
open 1.5919 1 7 7535 
open 1.5954 1 7 7142 
open 1.5883 1 7 6853 
open 1.6091 1 7 6831 
open 1.5964 1 7 7266 
open 1.5910 1 7 7350 
open 1.5896 1 7 6881 
open 1.6099 1 7 6943 
open 1.5872 1 7 6984 
open 1.5860 1 7 6844 
open 1.5849 1 7 6693 
open 1.5905 1 7 6841 
open 1.5928 1 7 7184 
open 1.5950 1 7 7213 
open 1.5817 1 7 7315 
open 1.5727 1 7 7191 
open 1.5669 1 7 7439 
open 1.5672 1 7 7147 
open 1.5582 1 7 7079 
open 1.5372 1 7 7169 
open 1.5311 1 7 7175 
open 1.5304 1 7 7195 
open 1.5365 1 7 7498 
open 1.5444 1 7 6463 
open 1.5146 1 7 6032 
open 1.5273 1 7 6599 
open 1.5134 1 7 6910 
open 1.5382 1 7 6557 
open 1.5812 1 7 5940 
open 1.5746 1 7 6230 
open 1.5856 1 7 6436 
open 1.5654 2 14 12843 
open 1.5537 1 7 6861 
open 1.5523 1 7 6447 
open 1.5807 1 7 6656 
open 1.5861 1 7 6525 
open 1.5816 1 7 6680 
open 1.5974 1 7 6942 
open 1.5866 1 7 6625 
open 1.5675 1 7 6799 
open 1.5573 1 7 6646 
open 1.5778 1 7 6444 
open 1.5820 1 7 6801 
open 1.5752 1 7 7028 
open 1.5568 1 7 7007 
open 1.5603 1 7 6543 
open 1.5480 1 7 6732 
open 1.5731 1 7 7337 
open 1.5402 1 7 6723 
open 1.5323 1 7 7002 
open 1.5275 1 7 6798 
open 1.5151 1 7 7062 
open 1.5272 1 7 7209 
open 1.5162 1 7 6792 
open 1.4963 1 7 6821 
open 1.4719 1 7 6528 
open 1.4712 1 7 6268 
open 1.4743 1 7 6083 
open 1.4763 1 7 6100 
open 1.4727 1 7 5951 
open 1.4681 1 7 6204 
open 1.4484 1 7 6626 
open 1.4479 1 7 5997 
open 1.4418 1 7 5939 
open 1.3932 1 7 5621 
open 1.3865 1 7 5656 
open 1.3458 1 7 5660 
open 1.3772 1 7 5520 
open 1.3625 1 7 5690 
open 1.3641 1 7 5880 
open 1.3369 2 14 8656 
open 1.3598 1 7 5721 
open 1.3500 1 7 6027 
open 1.3624 1 7 5448 
open 1.3908 1 7 5521 
open 1.4156 1 7 5618 
open 1.3895 1 7 5769 
open 1.3986 1 7 5740 
open 1.3856 1 7 5975 
open 1.3958 1 7 5441 
open 1.3944 1 7 5857 
open 1.3924 1 7 5635 
open 1.3676 1 7 5974 
open 1.3695 1 7 5634 
open 1.3553 1 7 5569 
open 1.3495 1 7 5824 
open 1.3300 2 10 8783 
open 1.3230 2 10 8752 
open 1.3171 1 7 5972 
open 1.3096 1 7 5878 
open 1.3287 1 7 6036 
open 1.3120 1 7 5358 
open 1.3005 1 7 5640 
open 1.3098 1 7 5765 
open 1.2971 1 7 5611 
open 1.3068 1 7 5354 
open 1.3259 1 7 5339 
open 1.3219 1 7 7246 
open 1.2952 1 7 5913 
open 1.2859 1 7 3058 
open 1.2720 1 7 3069 
open 1.2909 1 7 3071 
open 1.3053 1 7 3078 
open 1.3310 1 7 3078 
open 1.3092 1 7 3058 
open 1.3286 2 10 6081 
open 1.3431 1 7 3087 
open 1.3244 2 11 6070 
open 1.3336 1 7 3076 
open 1.3311 1 7 3030 
open 1.3060 2 10 6093 
open 1.3113 1 7 3075 
open 1.3349 1 7 3086 
open 1.3566 1 7 3080 
open 1.3520 1 7 3058 
open 1.3711 1 7 3072 
open 1.3862 1 7 3066 
open 1.3907 1 7 3086 
open 1.3718 1 7 3045 
open 1.3663 1 7 3041 
open 1.3487 1 7 3024 
open 1.3691 1 7 3032 
open 1.3580 1 7 3037 
open 1.3461 1 7 3026 
open 1.3268 2 10 6033 
open 1.3180 1 7 3036 
open 1.3119 1 7 3040 
open 1.3325 1 7 3023 
open 1.3176 2 10 6051 
open 1.3197 1 7 3045 
open 1.3065 1 7 3034 
open 1.3050 2 10 6036 
open 1.3127 2 10 6048 
open 1.2882 1 7 3028 
open 1.2935 3 14 9039 
open 1.2872 1 7 3040 
open 1.2712 1 7 3033 
open 1.2610 2 10 6031 
open 1.2557 1 7 3047 
open 1.2569 1 7 3026 
open 1.2242 1 7 3096 
open 1.2247 1 7 3030 
open 1.1997 1 7 3021 
open 1.1944 1 7 3032 
open 1.1859 1 7 3027 
open 1.1876 1 7 3032 
open 1.2085 1 7 3028 
open 1.2370 1 7 3024 
open 1.2291 1 7 3033 
open 1.2158 1 7 4347 
open 1.2223 1 7 3024 
open 1.2183 1 5 3014 
open 1.2246 1 3 2999 
open 1.2361 1 4 3006 
open 1.2365 1 3 2999 
open 1.2477 1 3 2999 
open 1.2309 1 3 2999 
open 1.2258 1 3 2999 
open 1.2393 1 3 3007 
open 1.2125 1 3 2999 
open 1.2073 1 3 2999 
open 1.2084 1 3 2939 
open 1.2103 1 3 2999 
open 1.2186 1 3 2999 
open 1.2375 1 4 3004 
open 1.2372 2 6 5998 
open 1.2445 1 3 2999 
open 1.2535 1 3 2999 
open 1.2395 1 3 2999 
open 1.2650 1 3 2999 
open 1.2540 1 3 2999 
open 1.2462 1 3 2999 
open 1.2522 1 3 2999 
open 1.2328 1 3 2999 
open 1.2312 1 3 2999 
open 1.2425 2 9 6034 
open 1.2045 1 3 2999 
open 1.2195 1 3 2999 
open 1.2305 1 3 2999 
open 1.2169 1 3 2999 
open 1.2132 1 3 2999 
open 1.1988 1 4 3000 
open 1.1974 1 3 2999 
open 1.1912 1 3 2999 
open 1.1894 1 3 2999 
open 1.1822 2 6 6006 
open 1.1689 1 3 2999 
open 1.1778 1 3 2999 
open 1.1725 1 3 2999 
open 1.1760 2 7 5999 
open 1.1768 1 3 2999 
open 1.1765 1 3 3059 
open 1.1750 1 3 2999 
open 1.1857 1 3 2999 
open 1.1923 1 3 2999 
open 1.1737 1 3 2999 
open 1.1690 1 3 2999 
open 1.1572 1 3 2999 
open 1.1499 1 3 2999 
open 1.1734 1 3 2999 
open 1.1743 1 3 2999 
open 1.1567 1 3 2999 
open 1.1644 1 3 2999 
open 1.1617 2 6 5998 
open 1.1517 1 3 2999 
open 1.1386 1 4 3000 
open 1.1536 1 3 2999 
open 1.1531 1 3 2999 
open 1.1475 1 4 3000 
open 1.1364 1 3 2999 
open 1.1496 1 4 3003 
open 1.1568 1 3 2999 
open 1.1631 1 3 2939 
open 1.1696 1 3 2999 
open 1.1634 1 3 2999 
open 1.1443 1 4 3000 
open 1.1404 1 3 3000 
open 1.1314 1 3 2999 
open 1.1081 1 3 2999 
open 1.0992 1 3 2999 
open 1.1069 1 4 3000 
open 1.1240 1 4 3000 
open 1.0994 1 3 2999 
open 1.1131 1 3 2999 
open 1.1134 1 3 2999 
open 1.1174 1 3 2999 
open 1.1226 1 3 2999 
open 1.1085 1 3 2999 
open 1.1320 1 3 2999 
open 1.1356 1 4 3001 
open 1.1405 2 9 6037 
open 1.1313 2 6 5998 
open 1.1245 1 3 2999 
open 1.1222 2 7 6000 
open 1.1150 1 3 2999 
open 1.1075 1 3 2999 
open 1.1111 1 4 3001 
open 1.1197 1 3 2999 
open 1.1272 1 3 2999 
open 1.1132 2 6 5998 
open 1.1335 1 3 2999 
open 1.1400 1 4 3002 
open 1.1269 1 3 3059 
open 1.1224 1 3 2999 
open 1.1289 1 3 2999 
open 1.1374 1 3 3000 
open 1.1459 1 3 2999 
open 1.1308 1 3 2999 
open 1.1424 1 3 2999 
open 1.1524 1 3 2999 
open 1.1522 1 4 4380 
open 1.1619 1 4 4380 
open 1.1650 1 3 2999 
open 1.1763 1 3 2999 
open 1.1761 1 3 2999 
open 1.1808 1 3 2999 
open 1.1792 1 3 2999 
open 1.1670 1 3 2999 
open 1.1702 1 3 2999 
open 1.1668 1 3 2999 
open 1.1740 1 4 3000 
open 1.1613 1 3 2939 
open 1.1564 1 3 2999 
open 1.1583 1 4 3000 
open 1.1469 1 3 2999 
open 1.1215 1 3 2999 
open 1.1115 1 3 2999 
open 1.1054 1 3 2999 
open 1.0983 1 3 2999 
open 1.0875 1 3 2999 
open 1.0734 1 3 2999 
open 1.0621 1 3 2999 
open 1.0666 1 3 2999 
open 1.0625 1 3 2999 
open 1.0699 1 3 2999 
open 1.0602 1 4 3007 
open 1.0555 1 3 2999 
open 1.0432 1 3 2999 
open 1.0367 1 3 2999 
open 1.0670 1 3 3002 
open 1.0550 1 3 2999 
open 1.0680 1 4 3018 
open 1.0644 1 4 3000 
open 1.0642 1 3 2999 
open 1.0494 1 3 2999 
open 1.0424 1 3 2999 
open 1.0139 1 3 2999 
open 1.0041 1 3 2999 
open 0.9985 1 3 2999 
open 0.9826 1 3 2999 
open 0.9790 1 3 2999 
open 0.9669 1 4 3060 
open 0.9535 1 3 2999 
open 0.9179 1 3 2999 
open 0.9579 1 3 2999 
open 0.9784 1 4 3000 
open 0.9963 1 4 3001 
open 1.0119 2 7 6000 
open 1.0140 1 3 2999 
open 1.0058 1 5 4380 
open 0.9858 1 5 5819 
open 0.9928 1 5 3001 
open 1.0049 1 3 2999 
open 1.0186 2 6 5998 
open 1.0271 2 8 6035 
open 0.9990 2 6 5998 
open 1.0076 2 6 5998 
open 0.9998 1 3 2999 
open 1.0172 2 8 6516 
open 0.9810 1 3 2999 
open 0.9945 1 4 3000 
open 0.9916 1 3 2999 
open 0.9890 2 6 5998 
open 1.0177 1 3 2939 
open 1.0230 1 3 2999 
open 1.0142 1 3 2999 
open 1.0174 2 6 5998 
open 1.0072 1 3 2999 
open 1.0116 1 3 2999 
open 1.0024 1 4 3000 
open 1.0037 1 4 3000 
open 0.9924 2 8 6060 
open 0.9934 1 3 2999 
open 1.0082 1 3 2999 
open 1.0226 3 10 8998 
open 1.0220 1 3 2999 
open 1.0013 2 7 6000 
open 1.0079 1 3 2999 
open 1.0236 2 6 6058 
open 1.0426 1 4 3000 
open 1.0648 1 3 2999 
open 1.0610 1 3 2999 
open 1.0478 1 3 2999 
open 1.0674 1 3 2999 
open 1.0698 1 3 3000 
open 1.0702 1 4 3000 
open 1.0354 1 3 2999 
open 1.0629 1 3 2999 
open 1.1051 2 6 5998 
open 1.1625 1 3 2999 
open 1.2116 1 4 3071 
open 1.2701 1 4 3002 
open 1.1498 1 3 2999 
open 1.2080 1 3 2999 
open 1.2322 1 3 2999 
open 1.2277 1 3 2999 
open 1.2505 1 3 2999 
open 1.2583 1 3 2999 
open 1.2058 1 4 3004 
open 1.2192 1 5 4609 
open 1.2135 1 5 4678 
open 1.1826 1 3 2999 
open 1.2232 1 3 2999 
open 1.2660 1 3 2999 
open 1.2250 1 3 2999 
open 1.2318 1 3 2999 
open 1.2422 2 8 6002 
open 1.2644 1 3 2999 
open 1.2412 1 3 2999 
open 1.2946 2 6 5998 
open 1.2816 2 7 6029 
open 1.2688 2 6 5998 
open 1.2276 1 3 2939 
open 1.2624 1 4 3000 
open 1.2364 2 6 5998 
open 1.2140 1 3 2999 
open 1.2204 1 3 2999 
open 1.1747 1 3 2999 
open 1.1605 1 4 3000 
open 1.1547 1 4 3000 
open 1.1154 2 8 6006 
open 1.0823 1 3 2999 
open 1.1346 1 3 2999 
open 1.1505 1 3 2999 
open 1.1664 1 3 2999 
open 1.1329 1 3 2999 
open 1.1053 1 3 2999 
open 1.0816 1 3 2999 
open 1.0716 1 3 2999 
open 1.1007 1 3 2999 
open 1.1017 1 3 2999 
open 1.0859 2 8 6002 
open 1.1027 2 6 6001 
open 1.0785 1 3 2999 
open 1.0723 1 3 2999 
open 1.0683 1 3 2999 
open 1.0842 1 3 2999 
open 1.0590 1 4 3001 
open 1.0318 1 4 3000 
open 1.0491 1 3 3059 
open 1.0637 1 3 2999 
open 1.0661 1 3 2999 
open 1.0498 1 3 2999 
open 1.0508 1 3 3028 
open 1.0573 1 3 2999 
open 1.0463 1 3 2999 
open 1.0634 1 3 2999 
open 1.0611 1 3 2999 
open 1.0564 1 4 4618 
open 1.0438 1 4 4617 
open 1.0389 2 6 5998 
open 1.0311 1 3 2999 
open 1.0626 1 3 2999 
open 1.0574 1 3 2999 
open 1.0669 1 3 2999 
open 1.0439 1 3 2999 
open 1.0553 1 3 2999 
open 1.0355 2 6 5999 
open 1.0260 2 6 5998 
open 1.0136 1 3 2999 
open 1.0160 1 3 2939 
open 1.0189 1 3 2999 
open 1.0008 1 4 3000 
open 1.0014 3 10 9000 
open 0.9983 1 5 3001 
open 1.0156 1 4 3000 
open 1.0245 1 3 2999 
open 1.0209 3 9 8998 
open 1.0399 2 6 5998 
open 1.0675 1 3 2999 
open 1.0542 1 4 3000 
open 1.0479 1 3 2999 
open 1.0255 2 9 6024 
open 1.0275 1 3 2999 
open 1.0536 1 3 2999 
open 1.0541 1 3 2999 
open 1.0307 1 4 3001 
open 1.0434 1 4 3004 
open 1.0350 2 9 6003 
open 1.0237 1 7 3003 
open 1.0306 1 5 3001 
open 1.0326 1 6 3019 
open 1.0601 2 9 6003 
open 1.0643 1 6 3005 
open 1.0482 1 4 3010 
open 1.0300 1 6 3138 
open 1.0155 2 9 6151 
open 1.0101 1 4 3004 
open 1.0330 1 6 3047 
open 1.0089 1 5 3001 
open 1.0218 1 5 3003 
open 1.0224 1 5 3152 
open 1.0253 1 5 3002 
open 1.0109 2 9 6013 
open 1.0052 1 4 3001 
open 1.0018 1 6 3520 
open 0.9981 1 5 3002 
open 0.9896 1 4 3005 
open 0.9920 3 12 9040 
open 0.9967 2 6 6008 
open 0.9901 1 4 3000 
open 0.9949 2 7 6001 
open 0.9894 2 8 6005 
open 0.9899 1 4 3001 
open 0.9739 1 3 2999 
open 0.9709 1 3 2999 
open 0.9854 2 9 6045 
open 0.9806 1 3 2939 
open 0.9740 1 3 2999 
open 0.9635 1 4 3001 
open 0.9627 1 6 3051 
open 0.9554 1 5 3057 
open 0.9504 1 3 3008 
open 0.9525 1 5 3080 
open 0.9565 1 3 2999 
open 0.9718 1 3 2999 
open 0.9764 1 3 2999 
open 0.9674 1 4 3000 
open 0.9742 1 3 2999 
open 0.9687 1 3 2999 
open 0.9722 1 3 2999 
open 0.9816 1 4 3262 
open 0.9628 1 3 2999 
open 0.9655 1 3 2999 
open 0.9500 1 3 2999 
open 0.9432 1 3 2999 
open 0.9616 1 3 2999 
open 0.9797 1 4 3001 
open 0.9827 1 3 2999 
open 0.9881 1 3 2999 
open 0.9786 1 5 3041 
open 0.9895 1 7 3080 
open 0.9935 1 4 3017 
open 1.0200 1 5 3044 
open 1.0538 1 4 3026 
open 1.0279 1 7 3070 
open 1.0150 1 3 2999 
open 1.0164 3 12 9032 
open 1.0092 1 6 3017 
open 1.0208 1 4 3001 
open 1.0383 1 3 2999 
open 1.0309 1 5 3061 
open 1.0094 1 3 2999 
open 1.0335 1 3 2999 
open 1.0285 1 4 3686 
open 1.0191 1 4 3420 
open 1.0090 1 5 3001 
open 1.0022 1 3 2999 
open 0.9946 1 3 2999 
open 0.9987 1 4 3000 
open 0.9970 1 3 2999 
open 0.9885 1 3 3008 
open 0.9910 2 9 5957 
open 0.9955 1 5 3015 
open 1.0044 1 3 2999 
open 0.9869 1 3 2999 
open 0.9856 1 3 2999 
open 1.0066 1 3 2999 
open 1.0211 1 3 2999 
open 1.0377 1 3 2999 
open 1.0250 1 5 3007 
open 1.0181 1 3 2999 
open 1.0240 1 4 3000 
open 1.0122 1 3 2999 
open 1.0123 1 3 3000 
open 1.0216 1 3 2999 
open 1.0030 1 3 2999 
open 0.9969 1 4 3000 
open 0.9879 1 5 3012 
open 0.9862 2 11 6036 
open 0.9732 1 3 2999 
open 0.9748 1 3 2999 
open 0.9807 1 3 3000 
open 0.9838 1 4 3000 
open 0.9787 1 6 3018 
open 0.9988 1 4 3001 
open 1.0019 1 3 2999 
open 0.9944 1 3 2999 
open 0.9930 2 6 5998 
open 0.9860 1 4 3000 
open 0.9857 1 7 4774 
open 0.9911 1 5 3055 
open 0.9864 1 3 2999 
open 0.9842 1 3 2999 
open 0.9918 1 4 3000 
open 0.9953 1 4 3000 
open 1.0113 1 4 3001 
open 1.0254 1 3 2999 
open 1.0269 1 4 3001 
open 1.0268 1 3 2999 
open 1.0143 1 3 2999 
open 1.0159 1 3 2999 
open 1.0262 1 3 2999 
open 1.0067 1 3 2999 
open 1.0048 1 4 3002 
open 1.0184 2 7 5999 
open 1.0265 1 3 2999 
open 1.0341 1 3 2999 
open 1.0217 1 3 3000 
open 1.0516 1 4 3118 
open 1.0549 1 3 3000 
open 1.0529 1 4 3725 
open 1.0378 1 5 3006 
open 1.0289 1 4 3003 
open 1.0304 1 3 3000 
open 1.0371 1 3 3000 
open 1.0344 1 3 3000 
open 1.0392 1 4 3002 
open 1.0474 1 4 3001 
open 1.0535 1 5 3031 
open 1.0295 1 4 3001 
open 1.0301 1 4 3001 
open 1.0329 1 3 3000 
open 1.0373 1 5 3008 
open 1.0288 1 4 3063 
open 1.0467 1 3 3002 
open 1.0449 1 4 3004 
open 1.0490 1 5 3014 
open 1.0462 1 6 3016 
open 1.0539 1 5 3009 
open 1.0646 1 3 3001 
open 1.0603 1 6 4447 
open 1.0638 1 6 4741 
open 1.0645 1 4 4435 
open 1.0767 1 3 3001 
open 1.0949 1 3 3000 
open 1.0967 1 3 3003 
open 1.1151 1 4 3004 
open 1.1078 1 4 3005 
open 1.1009 1 4 3004 
open 1.0953 1 4 3002 
open 1.1083 1 3 3001 
open 1.1096 1 4 3002 
open 1.1109 1 3 3000 
open 1.1166 1 3 2941 
open 1.1026 1 4 3001 
open 1.0927 1 3 3000 
open 1.0977 2 9 6011 
open 1.0948 1 3 3000 
open 1.0889 1 3 3000 
open 1.0907 1 3 3000 
open 1.0909 1 3 3000 
open 1.0856 1 3 3001 
open 1.0910 1 3 3000 
open 1.0902 1 3 3000 
open 1.0743 1 3 3000 
open 1.0632 1 3 3000 
open 1.0672 1 5 3002 
open 1.0754 1 4 3001 
open 1.0739 1 3 3000 
open 1.0849 1 5 3002 
open 1.0960 1 4 3005 
open 1.0924 1 6 3011 
open 1.0937 1 4 3003 
open 1.0951 1 4 3120 
open 1.0926 1 5 3059 
open 1.0975 1 6 5953 
open 1.1206 2 12 13146 
open 1.1300 1 4 3008 
open 1.1227 1 6 3082 
open 1.1167 1 6 3023 
open 1.1396 1 3 3007 
open 1.1337 1 3 3009 
open 1.1302 1 7 3036 
open 1.1255 1 7 3038 
open 1.1438 1 7 3039 
open 1.1629 1 6 3039 
open 1.1622 1 6 4770 
open 1.1611 1 7 5833 
open 1.1838 1 6 3037 
open 1.1952 1 7 3041 
open 1.2107 1 7 3044 
open 1.2394 1 7 4413 
open 1.2586 1 7 3032 
open 1.2389 1 6 3033 
open 1.2494 1 7 3037 
open 1.2487 1 7 3042 
open 1.2679 1 6 3032 
open 1.2788 1 6 3008 
open 1.2500 1 5 2944 
open 1.2677 1 5 3002 
open 1.2501 1 4 3001 
open 1.2485 1 4 3003 
open 1.2272 1 5 3003 
open 1.2032 1 5 3003 
open 1.2081 1 4 3003 
open 1.2007 1 3 3000 
open 1.2228 1 3 3000 
open 1.2410 1 5 3006 
open 1.2339 1 3 3000 
open 1.2290 1 5 3003 
open 1.2325 1 3 3000 
open 1.2481 1 4 3002 
open 1.2719 1 5 3003 
open 1.2730 1 3 3001 
open 1.2943 1 3 3000 
open 1.2931 1 3 3000 
open 1.3188 1 5 3002 
open 1.3100 1 4 3001 
open 1.3057 1 4 3001 
open 1.3334 1 4 3001 
open 1.3245 1 3 3000 
open 1.3207 1 4 3001 
open 1.3272 2 8 6005 
open 1.3420 1 4 3002 
open 1.3037 1 4 3001 
open 1.3019 1 5 3002 
open 1.2984 1 3 3061 
open 1.3264 1 3 3003 
open 1.3316 1 3 3001 
open 1.3306 1 4 3002 
open 1.3358 1 3 3003 
open 1.3578 1 3 3003 
open 1.3734 1 3 3002 
open 1.3921 1 4 4498 
open 1.3837 1 5 4561 
open 1.3974 1 3 3003 
open 1.4261 1 3 3002 
open 1.4570 1 3 3001 
open 1.4121 1 3 3001 
open 1.4056 1 3 3003 
open 1.3875 1 3 3003 
open 1.3864 1 3 3002 
open 1.3787 1 3 3000 
open 1.3417 1 3 3001 
open 1.3422 1 4 3002 
open 1.3350 2 8 6063 
open 1.3042 1 3 2940 
open 1.3049 1 3 2999 
open 1.3135 1 3 2999 
open 1.2759 1 3 2999 
open 1.2605 1 3 2999 
open 1.2699 1 5 3005 
open 1.2916 1 3 2999 
open 1.2911 1 6 3017 
open 1.3118 1 5 3015 
open 1.3074 1 6 3026 
open 1.2749 1 4 3007 
open 1.2862 1 3 2999 
open 1.2804 1 3 2999 
open 1.3028 1 3 2999 
open 1.3012 1 3 2999 
open 1.3066 1 3 2999 
open 1.3027 1 4 3239 
open 1.3173 1 3 2999 
open 1.3104 1 4 3000 
open 1.3115 1 4 3001 
open 1.2857 1 3 2999 
open 1.2913 1 3 2999 
open 1.3089 1 3 2999 
open 1.2850 1 3 2999 
open 1.3162 2 7 6010 
open 1.3186 1 3 2999 
open 1.3199 2 7 6008 
open 1.3191 1 4 3000 
open 1.3234 1 3 3009 
open 1.3108 1 4 3000 
open 1.3384 1 3 3009 
open 1.3447 1 3 3009 
open 1.3441 1 3 3010 
open 1.3432 2 6 6009 
open 1.3276 1 3 3009 
open 1.3130 1 3 3009 
open 1.3371 1 4 3789 
open 1.3575 1 4 3489 
open 1.3428 1 3 3008 
open 1.3041 1 4 3009 
open 1.3029 1 3 3009 
open 1.3183 1 3 3009 
open 1.3073 2 7 5950 
open 1.3139 1 3 3009 
open 1.3299 1 3 3009 
open 1.3413 1 3 3009 
open 1.3482 1 3 3010 
open 1.3353 2 6 5957 
open 1.3382 1 3 2999 
open 1.3398 1 3 2999 
open 1.3327 1 3 2999 
open 1.3381 1 3 2999 
open 1.3572 1 3 2999 
open 1.3704 1 3 2999 
open 1.3706 1 3 2999 
open 1.3608 1 3 2999 
open 1.3514 1 3 2999 
open 1.3468 1 4 3000 
open 1.3446 1 3 2999 
open 1.3232 1 3 2999 
open 1.3172 2 7 5999 
open 1.2912 2 6 5998 
open 1.2630 1 4 3000 
open 1.2508 1 3 2999 
open 1.2542 1 3 2999 
open 1.2663 1 3 2999 
open 1.2751 1 3 2999 
open 1.2567 1 3 2999 
open 1.2509 1 3 3000 
open 1.2179 1 3 2999 
open 1.2288 1 3 2999 
open 1.2355 1 5 3001 
open 1.2489 1 3 2999 
open 1.2514 2 6 6009 
open 1.2506 1 3 2999 
open 1.2670 1 3 3060 
open 1.2887 1 3 3009 
open 1.2775 1 3 3009 
open 1.2733 1 4 3011 
open 1.2783 1 5 3689 
open 1.2695 1 3 3010 
open 1.2866 1 3 3010 
open 1.2876 1 5 4512 
open 1.2685 1 5 4930 
open 1.2459 1 3 3009 
open 1.2432 1 3 3009 
open 1.2419 1 5 3016 
open 1.2332 1 7 3156 
open 1.2496 1 4 3035 
open 1.2590 1 3 2999 
open 1.2647 1 3 2999 
open 1.2770 1 3 2999 
open 1.2955 1 3 2999 
open 1.2877 1 3 2999 
open 1.2799 1 3 2999 
open 1.2594 1 3 2999 
open 1.2556 1 3 2999 
open 1.2823 1 5 4252 
open 1.2845 1 3 3076 
open 1.2951 1 3 2999 
open 1.2871 1 3 2999 
open 1.2818 1 3 3074 
open 1.3025 1 3 2999 
open 1.3014 1 3 2999 
open 1.3274 1 3 2999 
open 1.3305 1 3 2999 
open 1.3142 1 3 3008 
open 1.3138 1 3 3008 
open 1.3154 1 3 3008 
open 1.3018 1 3 3009 
open 1.3058 1 3 3009 
open 1.3054 1 3 3008 
open 1.3038 1 3 3009 
open 1.2927 1 3 3008 
open 1.2970 1 3 3008 
open 1.2954 1 3 3008 
open 1.2821 1 3 3008 
open 1.2940 1 3 3008 
open 1.3083 1 3 3068 
open 1.3112 1 3 3008 
open 1.3122 1 3 3009 
open 1.3235 1 3 3008 
open 1.3294 1 3 3009 
open 1.3260 1 3 3008 
open 1.3392 1 3 3009 
open 1.3466 2 7 6186 
open 1.3591 1 4 3187 
open 1.3633 1 3 3000 
open 1.3275 1 3 3000 
open 1.3265 1 4 3001 
open 1.3271 1 3 3009 
open 1.3237 1 3 3008 
open 1.3214 1 3 2999 
open 1.3164 1 3 2999 
open 1.3356 2 6 5998 
open 1.3354 1 3 2999 
open 1.3323 1 3 2999 
open 1.3380 1 3 2939 
open 1.3347 1 3 2999 
open 1.3328 1 3 2999 
open 1.3388 2 6 5998 
open 1.3471 1 3 2999 
open 1.3400 1 3 2999 
open 1.3490 1 3 2999 
open 1.3282 1 3 2999 
open 1.3366 1 3 2999 
open 1.3101 1 3 2999 
open 1.3128 1 3 2999 
open 1.3084 1 3 2999 
open 1.3137 1 3 2999 
hight 1.5045 1 7 5335 
hight 1.5070 1 7 5181 
hight 1.5169 1 7 4477 
hight 1.5160 1 7 6021 
hight 1.5116 1 7 5408 
hight 1.5260 1 7 5284 
hight 1.5431 1 7 5539 
hight 1.5420 1 7 5433 
hight 1.5491 1 7 5349 
hight 1.5530 1 7 5020 
hight 1.5701 1 7 4696 
hight 1.5768 1 7 5121 
hight 1.5822 1 7 5174 
hight 1.5803 1 7 5034 
hight 1.5646 1 7 6249 
hight 1.5738 1 7 4751 
hight 1.5517 2 14 12967 
hight 1.5469 1 7 5606 
hight 1.5558 1 7 5053 
hight 1.5475 1 7 5033 
hight 1.5535 1 7 5624 
hight 1.5508 1 7 5171 
hight 1.5316 1 7 5212 
hight 1.5357 1 7 5158 
hight 1.5373 1 7 5199 
hight 1.5248 1 7 5389 
hight 1.5235 1 7 5787 
hight 1.5424 1 7 5228 
hight 1.5470 1 7 5630 
hight 1.5405 1 7 6537 
hight 1.5415 2 14 13418 
hight 1.5429 1 7 6896 
hight 1.5501 1 7 6623 
hight 1.5493 1 7 6997 
hight 1.5609 1 7 6792 
hight 1.5702 2 14 13682 
hight 1.5732 1 7 7204 
hight 1.5737 1 7 5903 
hight 1.5809 1 7 6188 
hight 1.5713 1 7 6311 
hight 1.5698 1 7 5770 
hight 1.5799 1 7 5749 
hight 1.5794 2 14 11890 
hight 1.5967 1 7 5146 
hight 1.6046 2 14 12808 
hight 1.5956 1 7 5506 
hight 1.6021 1 7 6259 
hight 1.5942 1 7 6412 
hight 1.5791 1 7 6567 
hight 1.5748 1 7 6661 
hight 1.6036 1 7 9023 
hight 1.6020 1 7 7535 
hight 1.6041 1 7 7142 
hight 1.6182 1 7 6853 
hight 1.6132 1 7 6831 
hight 1.6001 1 7 6923 
hight 1.6082 1 7 7266 
hight 1.5954 2 14 14563 
hight 1.6117 1 7 6881 
hight 1.6112 1 7 6943 
hight 1.5884 1 7 6984 
hight 1.5976 1 7 6844 
hight 1.5945 1 7 6693 
hight 1.6019 1 7 6841 
hight 1.5983 1 7 7184 
hight 1.5819 1 7 7315 
hight 1.5741 1 7 7191 
hight 1.5715 1 7 7439 
hight 1.5718 1 7 7147 
hight 1.5597 1 7 7079 
hight 1.5382 1 7 7175 
hight 1.5408 1 7 7195 
hight 1.5444 1 7 6463 
hight 1.5295 1 7 6032 
hight 1.5341 1 7 6599 
hight 1.5399 1 7 6910 
hight 1.5888 1 7 6557 
hight 1.5958 1 7 5940 
hight 1.6047 1 7 6230 
hight 1.5906 1 7 6436 
hight 1.5743 1 7 6247 
hight 1.5707 1 7 6596 
hight 1.5644 1 7 6861 
hight 1.5739 1 7 6447 
hight 1.5879 1 7 6527 
hight 1.5911 1 7 6656 
hight 1.5904 1 7 6525 
hight 1.5981 1 7 6680 
hight 1.5986 1 7 6942 
hight 1.5892 1 7 6625 
hight 1.5706 1 7 6742 
hight 1.5914 1 7 6444 
hight 1.5871 1 7 6801 
hight 1.5782 1 7 7028 
hight 1.5690 1 7 7007 
hight 1.5638 1 7 6543 
hight 1.5554 1 7 6732 
hight 1.5793 1 7 8182 
hight 1.5774 1 7 7337 
hight 1.5654 1 7 6565 
hight 1.5434 1 7 6723 
hight 1.5359 1 7 7002 
hight 1.5338 1 7 6798 
hight 1.5327 1 7 7062 
hight 1.5321 1 7 7209 
hight 1.5167 1 7 6792 
hight 1.4968 1 7 6821 
hight 1.4748 1 7 6528 
hight 1.4896 1 7 6268 
hight 1.4945 1 7 6083 
hight 1.4769 1 7 6100 
hight 1.4940 1 7 5951 
hight 1.4706 1 7 6204 
hight 1.4578 1 7 6626 
hight 1.4664 1 7 5997 
hight 1.4419 1 7 5939 
hight 1.4071 1 7 5621 
hight 1.3900 1 7 5656 
hight 1.3826 1 7 5660 
hight 1.3920 1 7 5520 
hight 1.3677 1 7 5690 
hight 1.3650 2 14 8960 
hight 1.3666 2 10 8576 
hight 1.3618 1 7 5721 
hight 1.3711 1 7 6027 
hight 1.3962 1 7 5448 
hight 1.4177 1 7 5521 
hight 1.4187 1 7 5618 
hight 1.4112 1 7 5769 
hight 1.4064 1 7 5740 
hight 1.4026 1 7 5975 
hight 1.4162 1 7 5441 
hight 1.4078 1 7 5857 
hight 1.3976 1 7 5635 
hight 1.3744 1 7 5974 
hight 1.3738 1 7 5634 
hight 1.3635 1 7 5569 
hight 1.3515 1 7 5824 
hight 1.3417 1 7 5774 
hight 1.3304 1 7 5743 
hight 1.3176 1 7 5972 
hight 1.3432 2 10 8887 
hight 1.3416 1 7 6036 
hight 1.3170 1 7 5358 
hight 1.3218 1 7 5640 
hight 1.3124 1 7 5765 
hight 1.3142 3 16 11636 
hight 1.3298 2 14 8388 
hight 1.3418 1 7 5339 
hight 1.3226 1 7 7246 
hight 1.2978 1 7 5913 
hight 1.2951 1 7 3058 
hight 1.3043 1 7 3069 
hight 1.3194 1 7 3071 
hight 1.3429 3 18 9110 
hight 1.3433 2 10 6088 
hight 1.3341 1 7 3078 
hight 1.3509 1 7 3058 
hight 1.3499 1 7 3072 
hight 1.3585 2 10 6096 
hight 1.3385 1 7 3069 
hight 1.3440 2 10 6075 
hight 1.3190 1 7 3091 
hight 1.3412 1 7 3075 
hight 1.3577 1 7 3086 
hight 1.3792 1 7 3058 
hight 1.3959 1 7 3072 
hight 1.4000 1 7 3066 
hight 1.3915 1 7 3086 
hight 1.3726 1 7 3045 
hight 1.3682 1 7 3041 
hight 1.3814 1 7 3024 
hight 1.3784 1 7 3032 
hight 1.3629 1 7 3037 
hight 1.3497 1 7 3026 
hight 1.3269 1 7 3036 
hight 1.3380 1 7 3040 
hight 1.3377 1 7 3023 
hight 1.3227 1 7 3043 
hight 1.3330 1 7 3045 
hight 1.3109 1 7 3034 
hight 1.3243 1 7 3028 
hight 1.3165 1 7 3039 
hight 1.3015 1 7 3028 
hight 1.3050 1 7 3030 
hight 1.2891 1 7 3040 
hight 1.2753 1 7 3033 
hight 1.2658 1 7 3032 
hight 1.2685 1 7 3047 
hight 1.2588 1 7 3026 
hight 1.2344 1 7 3096 
hight 1.2279 1 7 3030 
hight 1.2043 1 7 3021 
hight 1.2084 1 7 3032 
hight 1.1918 1 7 3027 
hight 1.2109 1 7 3032 
hight 1.2405 1 7 3028 
hight 1.2384 1 7 3024 
hight 1.2463 1 7 3033 
hight 1.2268 1 7 4347 
hight 1.2391 1 7 3024 
hight 1.2259 1 5 3014 
hight 1.2404 1 3 2999 
hight 1.2465 1 4 3006 
hight 1.2581 2 6 5998 
hight 1.2554 1 3 2999 
hight 1.2448 1 3 2999 
hight 1.2494 1 3 2999 
hight 1.2490 1 3 3007 
hight 1.2139 1 3 2999 
hight 1.2136 1 3 2999 
hight 1.2262 1 3 2939 
hight 1.2253 1 3 2999 
hight 1.2417 1 3 2999 
hight 1.2495 1 4 3004 
hight 1.2488 1 3 2999 
hight 1.2631 1 3 2999 
hight 1.2537 1 3 2999 
hight 1.2730 2 6 5998 
hight 1.2672 1 3 2999 
hight 1.2691 3 13 9040 
hight 1.2570 1 3 2999 
hight 1.2587 2 6 6008 
hight 1.2535 1 3 2999 
hight 1.2383 1 3 2999 
hight 1.2475 1 3 2999 
hight 1.2441 1 3 2999 
hight 1.2233 1 3 2999 
hight 1.2311 1 3 2999 
hight 1.2424 1 3 2999 
hight 1.2241 1 3 2999 
hight 1.2165 1 3 2999 
hight 1.2216 1 4 3000 
hight 1.2027 1 3 2999 
hight 1.1941 1 3 2999 
hight 1.1933 1 3 2999 
hight 1.1894 1 3 3007 
hight 1.1807 1 3 2999 
hight 1.1815 1 3 2999 
hight 1.1863 1 3 2999 
hight 1.1891 1 3 2999 
hight 1.1921 1 3 2999 
hight 1.1844 1 3 3059 
hight 1.1971 1 3 2999 
hight 1.1973 1 3 2999 
hight 1.1969 1 3 2999 
hight 1.1747 1 3 2999 
hight 1.1732 1 3 2999 
hight 1.1638 1 3 2999 
hight 1.1752 1 3 2999 
hight 1.1744 2 6 5998 
hight 1.1743 1 3 2999 
hight 1.1686 1 3 2999 
hight 1.1795 2 6 5998 
hight 1.1559 1 3 2999 
hight 1.1543 1 4 3000 
hight 1.1612 2 6 5998 
hight 1.1604 1 3 2999 
hight 1.1554 2 7 5999 
hight 1.1512 1 3 2999 
hight 1.1646 1 4 3003 
hight 1.1680 1 3 2999 
hight 1.1727 1 3 2939 
hight 1.1770 1 3 2999 
hight 1.1648 1 3 2999 
hight 1.1533 1 4 3000 
hight 1.1421 1 3 3000 
hight 1.1334 1 3 2999 
hight 1.1163 1 3 2999 
hight 1.1174 1 3 2999 
hight 1.1272 1 4 3000 
hight 1.1255 1 4 3000 
hight 1.1171 1 3 2999 
hight 1.1242 1 3 2999 
hight 1.1252 1 3 2999 
hight 1.1287 1 3 2999 
hight 1.1265 1 3 2999 
hight 1.1343 1 3 2999 
hight 1.1397 1 3 2999 
hight 1.1456 1 4 3001 
hight 1.1427 1 3 2999 
hight 1.1344 1 3 2999 
hight 1.1316 1 3 2999 
hight 1.1270 1 4 3001 
hight 1.1157 1 3 2999 
hight 1.1136 1 3 2999 
hight 1.1224 2 7 6000 
hight 1.1284 1 3 2999 
hight 1.1293 1 3 2999 
hight 1.1336 1 3 2999 
hight 1.1412 1 3 2999 
hight 1.1411 1 4 3002 
hight 1.1304 1 3 3059 
hight 1.1370 1 3 2999 
hight 1.1401 1 3 2999 
hight 1.1492 1 3 3000 
hight 1.1460 1 3 2999 
hight 1.1475 1 3 2999 
hight 1.1587 1 3 2999 
hight 1.1624 1 4 4380 
hight 1.1666 1 4 4380 
hight 1.1801 1 3 2999 
hight 1.1849 1 3 2999 
hight 1.1845 1 3 2999 
hight 1.1869 1 3 2999 
hight 1.1874 1 3 2999 
hight 1.1714 1 3 2999 
hight 1.1710 1 3 2999 
hight 1.1824 1 3 2999 
hight 1.1814 1 4 3000 
hight 1.1786 1 4 3000 
hight 1.1635 1 3 2939 
hight 1.1593 1 4 3000 
hight 1.1477 1 3 2999 
hight 1.1337 1 3 2999 
hight 1.1226 1 3 2999 
hight 1.1141 1 3 2999 
hight 1.1166 1 3 2999 
hight 1.1060 1 3 2999 
hight 1.0887 1 3 2999 
hight 1.0756 2 6 5998 
hight 1.0711 1 3 2999 
hight 1.0749 1 3 2999 
hight 1.0732 1 3 2999 
hight 1.0611 1 4 3007 
hight 1.0609 1 3 2999 
hight 1.0494 2 6 6001 
hight 1.0698 1 3 2999 
hight 1.0695 1 3 3002 
hight 1.0686 1 3 2999 
hight 1.0864 1 4 3018 
hight 1.0663 1 4 3000 
hight 1.0675 2 6 5998 
hight 1.0589 1 3 2999 
hight 1.0443 2 6 5999 
hight 1.0172 1 3 2999 
hight 1.0093 1 3 2999 
hight 1.0014 1 3 2999 
hight 0.9831 1 3 2999 
hight 0.9822 2 7 6261 
hight 0.9731 1 4 3060 
hight 0.9561 1 3 2999 
hight 0.9721 1 3 2999 
hight 0.9884 1 3 2999 
hight 0.9999 1 4 3000 
hight 1.0150 1 4 3001 
hight 1.0212 2 7 6000 
hight 1.0245 1 3 2999 
hight 1.0088 1 5 4380 
hight 0.9933 1 5 5819 
hight 1.0078 1 5 3001 
hight 1.0219 1 3 2999 
hight 1.0377 3 12 9023 
hight 1.0315 2 6 5998 
hight 1.0084 1 3 2999 
hight 1.0125 1 3 2999 
hight 1.0175 2 6 5998 
hight 1.0196 2 6 5998 
hight 0.9975 2 7 5999 
hight 0.9981 1 4 3000 
hight 1.0011 2 7 6000 
hight 1.0306 1 3 2999 
hight 1.0324 1 3 2939 
hight 1.0242 1 3 2999 
hight 1.0271 2 6 5998 
hight 1.0184 2 7 6001 
hight 1.0240 1 3 2999 
hight 1.0174 1 4 3000 
hight 1.0065 1 4 3000 
hight 0.9948 2 9 6045 
hight 1.0095 1 3 2999 
hight 1.0321 1 3 2999 
hight 1.0296 1 3 2999 
hight 1.0210 1 3 2999 
hight 1.0237 1 3 2999 
hight 1.0229 2 6 5998 
hight 1.0113 1 3 2999 
hight 1.0450 1 3 2999 
hight 1.0726 1 4 3000 
hight 1.0713 1 3 2999 
hight 1.0650 2 9 6004 
hight 1.0745 1 3 2999 
hight 1.0775 1 3 2999 
hight 1.0818 1 3 3000 
hight 1.0805 1 4 3000 
hight 1.0661 2 9 6018 
hight 1.1085 1 3 2999 
hight 1.2121 1 3 2999 
hight 1.2206 1 3 2999 
hight 1.3014 1 4 3071 
hight 1.2868 1 4 3002 
hight 1.2095 1 3 2999 
hight 1.2444 1 3 2999 
hight 1.2982 1 3 2999 
hight 1.3005 1 3 2999 
hight 1.2663 1 3 2999 
hight 1.2388 1 4 3004 
hight 1.2337 1 5 4609 
hight 1.2362 1 5 4678 
hight 1.2338 1 3 2999 
hight 1.2693 2 8 7929 
hight 1.2761 1 3 2999 
hight 1.2520 1 3 2999 
hight 1.2536 2 8 6000 
hight 1.2670 1 3 2999 
hight 1.2651 1 3 2999 
hight 1.2972 1 3 2999 
hight 1.3062 1 3 2999 
hight 1.2954 1 3 2999 
hight 1.2748 1 3 2999 
hight 1.2649 1 3 2939 
hight 1.2712 1 4 3000 
hight 1.2464 1 3 2999 
hight 1.2503 1 3 2999 
hight 1.2473 1 3 2999 
hight 1.2217 1 3 2999 
hight 1.1823 1 3 2999 
hight 1.1812 1 4 3000 
hight 1.1582 1 4 3000 
hight 1.1256 1 3 2999 
hight 1.1289 1 3 2999 
hight 1.1374 1 3 2999 
hight 1.1578 1 3 2999 
hight 1.1637 1 3 2999 
hight 1.1676 1 3 2999 
hight 1.1722 1 3 2999 
hight 1.1346 1 3 2999 
hight 1.1087 1 3 2999 
hight 1.0932 1 3 2999 
hight 1.1044 1 3 2999 
hight 1.1123 1 3 2999 
hight 1.1111 1 3 2999 
hight 1.1090 1 3 2999 
hight 1.1100 1 3 2999 
hight 1.0924 2 6 5999 
hight 1.0851 2 6 5998 
hight 1.0991 1 3 2999 
hight 1.0957 2 6 6000 
hight 1.0647 1 4 3001 
hight 1.0525 1 4 3000 
hight 1.0715 1 3 3059 
hight 1.0853 1 3 2999 
hight 1.0778 2 6 5998 
hight 1.0616 1 3 2999 
hight 1.0728 1 3 3028 
hight 1.0747 1 3 2999 
hight 1.0668 1 3 2999 
hight 1.0660 1 3 2999 
hight 1.0743 1 3 2999 
hight 1.0576 2 8 9235 
hight 1.0412 1 3 2999 
hight 1.0410 1 3 2999 
hight 1.0689 1 3 2999 
hight 1.0718 1 3 2999 
hight 1.0705 1 3 2999 
hight 1.0577 1 3 2999 
hight 1.0677 2 7 5999 
hight 1.0359 1 3 2999 
hight 1.0318 1 3 2999 
hight 1.0241 1 3 2999 
hight 1.0300 2 8 5946 
hight 1.0195 1 3 2999 
hight 1.0103 1 4 3000 
hight 1.0213 1 4 3002 
hight 1.0178 1 5 3001 
hight 1.0255 1 4 3000 
hight 1.0738 1 3 2999 
hight 1.0436 1 3 3000 
hight 1.0742 1 3 2999 
hight 1.0514 1 3 2999 
hight 1.0335 1 3 2999 
hight 1.0574 1 3 2999 
hight 1.0603 1 3 2999 
hight 1.0583 1 4 3001 
hight 1.0501 1 4 3004 
hight 1.0389 1 5 3002 
hight 1.0386 1 7 3003 
hight 1.0491 1 5 3001 
hight 1.0670 2 10 6010 
hight 1.0507 1 4 3010 
hight 1.0348 1 5 3036 
hight 1.0343 1 6 3138 
hight 1.0232 1 6 3152 
hight 1.0371 2 7 6004 
hight 1.0347 2 9 6046 
hight 1.0337 1 3 3059 
hight 1.0154 1 5 3001 
hight 1.0252 1 3 2999 
hight 1.0262 1 5 3003 
hight 1.0283 1 5 3152 
hight 1.0269 1 5 3002 
hight 1.0138 1 6 3014 
hight 1.0206 1 4 3001 
hight 1.0177 1 5 3517 
hight 1.0051 2 10 6521 
hight 1.0021 1 5 3002 
hight 0.9974 1 4 3005 
hight 1.0028 1 5 3041 
hight 1.0055 1 3 2999 
hight 0.9985 1 4 3002 
hight 0.9916 2 10 6027 
hight 0.9956 1 4 3001 
hight 0.9773 1 3 2999 
hight 0.9971 1 3 2999 
hight 0.9964 1 3 2999 
hight 0.9841 1 3 2939 
hight 0.9751 1 3 2999 
hight 0.9655 1 4 3001 
hight 0.9719 1 6 3051 
hight 0.9559 1 5 3057 
hight 0.9573 1 3 3008 
hight 0.9711 1 5 3080 
hight 0.9791 1 3 2999 
hight 0.9807 1 3 2999 
hight 0.9814 1 3 2999 
hight 0.9849 1 4 3000 
hight 0.9818 1 3 2999 
hight 0.9896 1 3 2999 
hight 0.9910 1 3 2999 
hight 0.9776 1 3 2999 
hight 0.9656 1 3 2999 
hight 0.9527 1 3 2999 
hight 0.9617 1 3 2999 
hight 1.0007 1 3 2999 
hight 0.9966 2 7 6009 
hight 0.9936 1 3 2999 
hight 0.9921 1 3 2999 
hight 0.9961 1 5 3041 
hight 1.0024 1 7 3080 
hight 1.0383 2 9 6025 
hight 1.0655 1 5 3044 
hight 1.0569 1 4 3026 
hight 1.0326 1 7 3070 
hight 1.0244 2 6 5998 
hight 1.0218 1 6 3094 
hight 1.0226 1 3 2999 
hight 1.0263 1 6 3017 
hight 1.0416 1 4 3001 
hight 1.0521 1 3 2999 
hight 1.0361 1 5 3061 
hight 1.0421 1 3 2999 
hight 1.0303 1 4 3686 
hight 1.0266 1 4 3420 
hight 1.0317 1 3 2999 
hight 1.0281 1 3 2999 
hight 1.0145 1 5 3001 
hight 1.0046 1 3 2999 
hight 1.0036 1 3 2999 
hight 1.0049 1 4 3000 
hight 1.0047 1 3 2999 
hight 1.0026 1 3 2999 
hight 1.0023 1 3 2999 
hight 1.0032 1 4 2940 
hight 1.0016 1 5 3015 
hight 1.0045 1 5 3017 
hight 1.0050 1 3 2999 
hight 0.9976 1 3 2999 
hight 0.9895 1 3 2999 
hight 1.0020 1 3 2999 
hight 1.0071 1 3 2999 
hight 1.0302 1 3 2999 
hight 1.0444 1 4 3000 
hight 1.0378 1 3 2999 
hight 1.0360 1 4 3000 
hight 1.0227 1 3 2999 
hight 1.0247 1 3 2999 
hight 1.0225 1 3 3000 
hight 1.0082 1 3 2999 
hight 0.9986 1 4 3000 
hight 0.9932 1 4 3000 
hight 0.9946 1 3 2999 
hight 0.9929 1 5 3012 
hight 0.9772 1 3 2999 
hight 0.9816 1 3 2999 
hight 0.9858 1 3 3000 
hight 0.9882 1 4 3000 
hight 0.9876 1 6 3018 
hight 0.9973 1 6 3015 
hight 1.0017 1 5 3061 
hight 1.0033 1 3 2999 
hight 1.0054 1 3 2999 
hight 0.9989 1 3 3009 
hight 0.9959 1 3 2999 
hight 0.9939 1 3 2999 
hight 0.9879 1 4 3000 
hight 0.9951 1 7 4774 
hight 0.9969 1 5 3055 
hight 0.9942 1 3 2999 
hight 0.9878 1 3 2999 
hight 0.9944 1 3 2999 
hight 1.0098 1 4 3000 
hight 1.0085 1 4 3000 
hight 1.0135 1 3 2999 
hight 1.0301 1 4 3001 
hight 1.0340 1 3 2999 
hight 1.0334 1 4 3001 
hight 1.0292 1 3 2999 
hight 1.0274 1 3 2999 
hight 1.0193 1 3 2939 
hight 1.0233 1 3 2999 
hight 1.0257 1 3 2999 
hight 1.0291 1 3 2999 
hight 1.0276 1 3 2999 
hight 1.0130 1 3 2999 
hight 1.0319 1 3 2999 
hight 1.0405 1 3 2999 
hight 1.0418 1 3 2999 
hight 1.0223 1 4 3000 
hight 1.0553 1 3 3000 
hight 1.0575 1 4 3118 
hight 1.0606 1 3 3000 
hight 1.0538 1 4 3725 
hight 1.0437 1 5 3006 
hight 1.0322 1 4 3003 
hight 1.0401 1 3 3000 
hight 1.0399 1 3 3000 
hight 1.0566 1 4 3002 
hight 1.0557 1 4 3001 
hight 1.0540 1 5 3031 
hight 1.0363 1 4 3001 
hight 1.0316 1 4 3001 
hight 1.0338 1 4 3001 
hight 1.0417 1 3 3000 
hight 1.0468 1 4 3063 
hight 1.0506 1 4 3004 
hight 1.0523 1 5 3014 
hight 1.0581 1 6 3016 
hight 1.0703 1 3 3001 
hight 1.0667 1 4 3002 
hight 1.0735 1 6 4447 
hight 1.0725 1 6 4741 
hight 1.0779 1 4 4435 
hight 1.1017 1 3 3000 
hight 1.1175 1 3 3003 
hight 1.1222 1 4 3004 
hight 1.1120 1 4 3005 
hight 1.1024 1 4 3004 
hight 1.1190 1 4 3002 
hight 1.1158 1 3 3001 
hight 1.1129 1 4 3002 
hight 1.1152 1 3 3000 
hight 1.1276 1 3 2999 
hight 1.1167 1 3 2941 
hight 1.1046 1 4 3001 
hight 1.1011 1 3 3000 
hight 1.1040 1 4 3002 
hight 1.1051 1 3 3002 
hight 1.1000 1 3 3000 
hight 1.0920 1 3 3000 
hight 1.0939 1 3 3000 
hight 1.0919 1 3 3001 
hight 1.0956 1 3 3000 
hight 1.0903 1 3 3000 
hight 1.0890 1 5 3003 
hight 1.0750 1 3 3000 
hight 1.0692 1 3 3000 
hight 1.0767 1 5 3002 
hight 1.0792 1 4 3001 
hight 1.0863 1 3 3000 
hight 1.0974 1 5 3002 
hight 1.0983 1 4 3005 
hight 1.0947 1 6 3011 
hight 1.0996 1 4 3003 
hight 1.0953 1 4 3120 
hight 1.1030 1 5 3059 
hight 1.1097 1 5 3009 
hight 1.1206 2 13 16033 
hight 1.1268 1 5 3066 
hight 1.1311 1 5 3007 
hight 1.1383 1 4 3008 
hight 1.1290 1 6 3082 
hight 1.1425 1 6 3023 
hight 1.1465 1 3 3007 
hight 1.1391 1 3 3009 
hight 1.1367 1 7 3036 
hight 1.1457 1 7 3038 
hight 1.1499 1 6 3038 
hight 1.1671 1 7 3039 
hight 1.1670 1 6 3039 
hight 1.1649 1 6 4770 
hight 1.1843 1 7 5833 
hight 1.1992 1 6 3037 
hight 1.2112 1 7 3041 
hight 1.2498 2 10 6044 
hight 1.2797 1 7 4413 
hight 1.2622 1 6 3035 
hight 1.2696 1 7 3032 
hight 1.2661 2 9 6033 
hight 1.2562 1 7 3037 
hight 1.2822 1 6 3032 
hight 1.2832 1 6 3008 
hight 1.2782 1 5 2944 
hight 1.2708 1 5 3002 
hight 1.2665 1 4 3001 
hight 1.2568 1 4 3003 
hight 1.2285 1 5 3003 
hight 1.2203 1 5 3003 
hight 1.2161 1 4 3003 
hight 1.2248 1 3 3000 
hight 1.2446 1 3 3000 
hight 1.2561 2 10 6009 
hight 1.2358 1 3 3000 
hight 1.2380 1 5 3003 
hight 1.2778 1 4 3002 
hight 1.2803 1 5 3003 
hight 1.3022 1 3 3001 
hight 1.3101 2 6 6009 
hight 1.3200 1 3 3000 
hight 1.3211 1 5 3002 
hight 1.3153 1 4 3001 
hight 1.3351 1 4 3001 
hight 1.3347 1 4 3001 
hight 1.3318 1 3 3000 
hight 1.3308 1 4 3001 
hight 1.3295 1 4 3001 
hight 1.3454 1 4 3002 
hight 1.3076 2 7 6009 
hight 1.3045 2 8 6076 
hight 1.3271 1 3 3061 
hight 1.3277 1 3 3003 
hight 1.3316 2 6 6010 
hight 1.3368 1 4 3003 
hight 1.3434 1 3 3001 
hight 1.3391 1 4 3002 
hight 1.3617 1 3 3003 
hight 1.3778 1 3 3003 
hight 1.3999 1 3 3002 
hight 1.3938 1 4 4498 
hight 1.4014 2 8 7564 
hight 1.4304 1 3 3003 
hight 1.4587 1 3 3002 
hight 1.4688 1 3 3001 
hight 1.4153 1 3 3001 
hight 1.4099 1 3 3003 
hight 1.3895 1 3 3002 
hight 1.3857 1 3 3000 
hight 1.3496 1 3 3001 
hight 1.3444 1 4 3002 
hight 1.3402 1 4 3002 
hight 1.3294 1 3 2940 
hight 1.3217 1 3 2999 
hight 1.3184 1 3 2999 
hight 1.2988 1 3 2999 
hight 1.2756 1 3 2999 
hight 1.3013 1 5 3005 
hight 1.2961 1 3 2999 
hight 1.3186 1 6 3017 
hight 1.3132 1 5 3015 
hight 1.2871 1 4 3007 
hight 1.3084 1 3 2999 
hight 1.3118 2 7 6000 
hight 1.3040 1 3 2999 
hight 1.3138 1 3 2999 
hight 1.3082 1 3 2999 
hight 1.3239 1 4 3239 
hight 1.3250 1 3 2999 
hight 1.3198 2 7 6009 
hight 1.2963 1 3 2999 
hight 1.3102 1 3 2999 
hight 1.3145 1 3 2999 
hight 1.3188 1 3 2999 
hight 1.3246 1 4 3000 
hight 1.3275 1 3 2999 
hight 1.3264 1 4 3000 
hight 1.3311 1 4 3000 
hight 1.3305 2 6 6008 
hight 1.3396 1 4 3000 
hight 1.3431 1 4 3061 
hight 1.3457 2 6 6019 
hight 1.3562 1 3 3009 
hight 1.3535 1 3 3010 
hight 1.3291 1 3 3009 
hight 1.3578 1 4 3789 
hight 1.3596 1 4 3489 
hight 1.3455 1 3 3008 
hight 1.3288 2 6 6017 
hight 1.3384 2 7 6008 
hight 1.3166 1 3 3010 
hight 1.3210 1 3 3009 
hight 1.3163 2 6 6018 
hight 1.3312 1 3 3009 
hight 1.3532 1 3 3009 
hight 1.3482 1 3 3010 
hight 1.3410 1 3 2948 
hight 1.3453 1 3 2999 
hight 1.3448 1 3 2999 
hight 1.3398 1 3 2999 
hight 1.3624 1 3 2999 
hight 1.3751 1 3 2999 
hight 1.3791 1 3 2999 
hight 1.3764 1 3 2999 
hight 1.3538 2 6 5998 
hight 1.3545 1 4 3000 
hight 1.3346 1 3 2999 
hight 1.3182 1 4 3000 
hight 1.3009 1 4 3000 
hight 1.2937 1 3 2999 
hight 1.2650 1 4 3000 
hight 1.2572 1 3 2999 
hight 1.2710 1 3 2999 
hight 1.2776 2 6 6008 
hight 1.2766 1 3 2999 
hight 1.2596 2 6 5998 
hight 1.2413 1 3 2999 
hight 1.2336 1 3 2999 
hight 1.2411 1 3 2999 
hight 1.2582 1 3 2999 
hight 1.2915 1 3 3060 
hight 1.2908 1 3 3009 
hight 1.2834 1 4 3011 
hight 1.2821 1 5 3689 
hight 1.2904 1 4 3030 
hight 1.2886 1 3 3010 
hight 1.2913 1 3 3010 
hight 1.2878 1 5 4512 
hight 1.2553 1 3 3010 
hight 1.2504 1 3 3009 
hight 1.2425 1 5 3016 
hight 1.2563 1 7 3156 
hight 1.2668 1 4 3035 
hight 1.2647 1 3 2999 
hight 1.2775 1 3 2999 
hight 1.2998 1 3 2999 
hight 1.2999 1 3 2999 
hight 1.3122 1 3 2999 
hight 1.3074 1 4 2940 
hight 1.2941 1 3 2999 
hight 1.2846 1 3 2999 
hight 1.2621 1 3 2999 
hight 1.2859 1 3 2999 
hight 1.2912 1 5 4252 
hight 1.2995 1 3 3076 
hight 1.2973 1 3 2999 
hight 1.2909 1 3 2999 
hight 1.3065 1 3 2999 
hight 1.3036 1 3 2999 
hight 1.3289 1 3 2999 
hight 1.3379 1 3 2999 
hight 1.3159 1 3 3008 
hight 1.3215 1 3 3008 
hight 1.3073 1 3 3009 
hight 1.3168 2 6 6017 
hight 1.3173 1 3 3008 
hight 1.3204 1 3 3008 
hight 1.3223 1 3 3008 
hight 1.2992 1 3 3008 
hight 1.3078 1 3 3008 
hight 1.3008 1 3 3008 
hight 1.3068 1 3 3008 
hight 1.3129 1 3 3009 
hight 1.3154 1 3 3068 
hight 1.3261 1 3 3009 
hight 1.3322 1 3 3009 
hight 1.3357 1 3 3009 
hight 1.3441 2 6 6007 
hight 1.3495 1 3 3009 
hight 1.3611 1 4 3187 
hight 1.3662 1 4 3187 
hight 1.3660 1 3 3000 
hight 1.3296 1 3 3000 
hight 1.3356 1 4 3001 
hight 1.3372 1 3 3009 
hight 1.3279 1 3 3009 
hight 1.3327 1 3 3009 
hight 1.3337 1 3 3008 
hight 1.3240 1 3 2999 
hight 1.3358 1 3 2999 
hight 1.3465 1 3 2999 
hight 1.3369 1 3 2999 
hight 1.3449 1 3 2939 
hight 1.3401 2 6 5998 
hight 1.3519 1 3 2999 
hight 1.3492 1 3 2999 
hight 1.3503 1 3 2999 
hight 1.3511 1 3 2999 
hight 1.3500 1 3 2999 
hight 1.3563 1 3 2999 
hight 1.3428 1 3 2999 
hight 1.3430 1 3 2999 
hight 1.3381 1 3 2999 
hight 1.3193 1 3 2999 
hight 1.3139 1 3 2999 
hight 1.3162 1 3 2999 
hight 1.3197 1 3 2999 
low 1.4900 1 7 5335 
low 1.4923 1 7 5181 
low 1.5001 1 7 4477 
low 1.4972 1 7 6021 
low 1.4898 1 7 5408 
low 1.5066 1 7 5284 
low 1.5195 1 7 5539 
low 1.5247 1 7 5433 
low 1.5259 1 7 5349 
low 1.5376 2 14 11812 
low 1.5415 1 7 4696 
low 1.5531 1 7 5121 
low 1.5624 1 7 5174 
low 1.5538 2 14 12062 
low 1.5546 1 7 6249 
low 1.5422 1 7 4751 
low 1.5304 2 14 12365 
low 1.5270 1 7 5606 
low 1.5365 1 7 5053 
low 1.5311 1 7 5033 
low 1.5341 1 7 5624 
low 1.5291 1 7 5171 
low 1.5153 1 7 5212 
low 1.5140 1 7 5158 
low 1.5132 1 7 5199 
low 1.5067 1 7 5389 
low 1.5076 1 7 5787 
low 1.5182 1 7 5228 
low 1.5325 1 7 5630 
low 1.5251 2 14 13160 
low 1.5235 1 7 6249 
low 1.5372 1 7 6997 
low 1.5542 1 7 6883 
low 1.5568 1 7 7204 
low 1.5625 1 7 5903 
low 1.5668 1 7 6188 
low 1.5575 1 7 6311 
low 1.5553 2 14 12569 
low 1.5627 1 7 5749 
low 1.5702 2 14 11474 
low 1.5779 1 7 5146 
low 1.5889 1 7 5465 
low 1.5823 1 7 5506 
low 1.5910 1 7 6259 
low 1.5692 1 7 6412 
low 1.5698 2 14 13223 
low 1.5582 1 7 6661 
low 1.5721 2 14 13787 
low 1.5903 2 14 16558 
low 1.5867 1 7 7142 
low 1.5878 1 7 6853 
low 1.5840 1 7 6831 
low 1.5826 1 7 6923 
low 1.5882 1 7 7266 
low 1.5856 1 7 7350 
low 1.5872 1 7 6881 
low 1.5866 1 7 6943 
low 1.5770 1 7 6984 
low 1.5800 1 7 6844 
low 1.5740 1 7 6693 
low 1.5868 1 7 6841 
low 1.5874 1 7 7184 
low 1.5789 1 7 7213 
low 1.5701 1 7 7315 
low 1.5602 1 7 7191 
low 1.5569 1 7 7439 
low 1.5540 1 7 7147 
low 1.5350 1 7 7079 
low 1.5289 1 7 7169 
low 1.5245 1 7 7175 
low 1.5290 1 7 7195 
low 1.5342 1 7 7498 
low 1.5145 1 7 6463 
low 1.5030 1 7 6032 
low 1.5110 1 7 6599 
low 1.5107 1 7 6910 
low 1.5330 1 7 6557 
low 1.5589 1 7 5940 
low 1.5613 1 7 6436 
low 1.5552 1 7 6247 
low 1.5491 1 7 6596 
low 1.5507 1 7 6861 
low 1.5512 1 7 6447 
low 1.5711 1 7 6527 
low 1.5734 1 7 6525 
low 1.5805 1 7 6680 
low 1.5821 1 7 6942 
low 1.5621 1 7 6625 
low 1.5527 1 7 6742 
low 1.5505 1 7 6646 
low 1.5690 1 7 6801 
low 1.5562 2 14 14344 
low 1.5469 1 7 6543 
low 1.5452 1 7 6732 
low 1.5473 1 7 8182 
low 1.5370 1 7 6565 
low 1.5294 1 7 6723 
low 1.5173 1 7 7002 
low 1.5135 1 7 6798 
low 1.5128 1 7 7062 
low 1.5133 1 7 7209 
low 1.4872 1 7 6792 
low 1.4715 1 7 6821 
low 1.4585 1 7 6528 
low 1.4662 1 7 6268 
low 1.4728 1 7 6083 
low 1.4611 1 7 6100 
low 1.4661 1 7 5951 
low 1.4464 1 7 6204 
low 1.4426 1 7 6626 
low 1.4411 1 7 5997 
low 1.3905 1 7 5939 
low 1.3815 1 7 5621 
low 1.3439 1 7 5656 
low 1.3405 1 7 5660 
low 1.3621 1 7 5520 
low 1.3384 2 14 11411 
low 1.3305 1 7 5880 
low 1.3322 2 10 8586 
low 1.3334 1 7 6027 
low 1.3605 1 7 5448 
low 1.3839 1 7 5521 
low 1.3773 1 7 5618 
low 1.3891 1 7 5769 
low 1.3759 1 7 5740 
low 1.3771 1 7 5975 
low 1.3910 1 7 5441 
low 1.3756 1 7 5857 
low 1.3620 1 7 5635 
low 1.3610 1 7 5974 
low 1.3365 1 7 5634 
low 1.3425 1 7 5569 
low 1.3271 1 7 5824 
low 1.3184 1 7 5774 
low 1.3111 1 7 5743 
low 1.3016 2 10 8971 
low 1.3051 1 7 5878 
low 1.3086 1 7 6036 
low 1.2951 1 7 5358 
low 1.2975 1 7 5640 
low 1.2930 1 7 5765 
low 1.2944 1 7 5611 
low 1.3050 2 14 8384 
low 1.3190 1 7 5339 
low 1.2906 1 7 7246 
low 1.2766 1 7 5913 
low 1.2681 1 7 3058 
low 1.2706 1 7 3069 
low 1.2865 1 7 3071 
low 1.3052 1 7 3078 
low 1.3217 1 7 3079 
low 1.3068 2 10 6087 
low 1.3085 1 7 3058 
low 1.3257 1 7 3072 
low 1.3156 2 14 6110 
low 1.3163 1 7 3069 
low 1.3240 1 7 3076 
low 1.3009 2 10 6101 
low 1.3058 2 10 6074 
low 1.3331 1 7 3086 
low 1.3466 1 7 3080 
low 1.3490 1 7 3058 
low 1.3674 1 7 3072 
low 1.3743 1 7 3066 
low 1.3641 1 7 3086 
low 1.3555 1 7 3045 
low 1.3394 2 10 6040 
low 1.3453 1 7 3024 
low 1.3557 1 7 3032 
low 1.3390 1 7 3037 
low 1.3192 1 7 3026 
low 1.3140 1 7 3034 
low 1.3054 1 7 3036 
low 1.3116 1 7 3040 
low 1.3073 1 7 3043 
low 1.3012 3 14 9292 
low 1.2954 1 7 3034 
low 1.3018 1 7 3028 
low 1.2855 1 7 3039 
low 1.2845 1 7 3028 
low 1.2859 1 7 3030 
low 1.2693 1 7 3040 
low 1.2591 1 7 3033 
low 1.2496 1 7 3032 
low 1.2507 1 7 3047 
low 1.2170 1 7 3026 
low 1.2156 1 7 3096 
low 1.1902 1 7 3030 
low 1.1909 1 7 3021 
low 1.1823 1 7 3032 
low 1.1717 1 7 3027 
low 1.1797 1 7 3032 
low 1.2073 1 7 3028 
low 1.2219 1 7 3024 
low 1.2137 1 7 3033 
low 1.2005 1 7 4347 
low 1.2141 1 7 3024 
low 1.1948 1 5 3014 
low 1.2140 2 6 5998 
low 1.2276 1 4 3006 
low 1.2309 1 3 2999 
low 1.2285 1 3 2999 
low 1.2236 1 3 2999 
low 1.2256 1 3 2999 
low 1.2123 1 3 3007 
low 1.1977 1 3 2999 
low 1.1979 1 3 2999 
low 1.2074 1 3 2939 
low 1.2056 1 3 2999 
low 1.2163 1 3 2999 
low 1.2331 1 4 3004 
low 1.2315 1 3 2999 
low 1.2422 1 3 2999 
low 1.2357 1 3 2999 
low 1.2386 3 14 9037 
low 1.2554 1 3 2999 
low 1.2505 1 3 2999 
low 1.2423 1 3 2999 
low 1.2429 1 3 2999 
low 1.2277 2 6 5999 
low 1.2267 1 3 2999 
low 1.2233 1 3 2999 
low 1.2021 1 3 2999 
low 1.2022 1 3 2999 
low 1.2107 1 3 2999 
low 1.2065 1 3 2999 
low 1.2092 1 3 2999 
low 1.1923 1 3 2999 
low 1.1962 1 4 3000 
low 1.1862 1 3 2999 
low 1.1806 1 3 2999 
low 1.1726 1 3 2999 
low 1.1654 1 3 3007 
low 1.1623 1 3 2999 
low 1.1587 1 3 2999 
low 1.1708 1 3 2999 
low 1.1684 1 3 2999 
low 1.1707 1 3 2999 
low 1.1641 1 3 3059 
low 1.1715 1 3 2999 
low 1.1801 2 10 6040 
low 1.1724 1 3 2999 
low 1.1644 1 3 2999 
low 1.1533 1 3 2999 
low 1.1488 1 3 2999 
low 1.1425 1 3 2999 
low 1.1633 1 3 2999 
low 1.1530 1 3 2999 
low 1.1453 1 3 2999 
low 1.1559 2 9 6038 
low 1.1470 2 7 6002 
low 1.1375 1 3 2999 
low 1.1382 1 4 3000 
low 1.1439 1 3 2999 
low 1.1450 1 3 2999 
low 1.1350 1 4 3000 
low 1.1298 1 3 2999 
low 1.1511 1 3 2999 
low 1.1625 1 3 2939 
low 1.1576 1 3 2999 
low 1.1426 1 3 2999 
low 1.1399 1 4 3000 
low 1.1303 1 3 3000 
low 1.1051 1 3 2999 
low 1.0976 2 6 5998 
low 1.1013 1 4 3000 
low 1.0973 1 4 3000 
low 1.0930 1 3 2999 
low 1.0961 1 3 2999 
low 1.1082 1 3 2999 
low 1.1031 1 3 2999 
low 1.1056 1 3 2999 
low 1.1041 1 3 2999 
low 1.1257 1 3 2999 
low 1.1262 1 4 3001 
low 1.1220 1 3 2999 
low 1.1174 1 3 2999 
low 1.1172 1 3 2999 
low 1.1142 1 4 3001 
low 1.1049 1 3 2999 
low 1.1029 1 3 2999 
low 1.1042 1 4 3001 
low 1.1119 2 6 5998 
low 1.1086 1 3 2999 
low 1.1200 1 3 2999 
low 1.1321 2 6 5998 
low 1.1203 1 4 3002 
low 1.1177 1 3 3059 
low 1.1210 1 3 2999 
low 1.1264 1 3 2999 
low 1.1358 1 3 3000 
low 1.1286 2 6 5998 
low 1.1294 1 3 2999 
low 1.1394 1 3 2999 
low 1.1497 1 3 2999 
low 1.1429 1 4 4380 
low 1.1579 1 4 4380 
low 1.1637 1 3 2999 
low 1.1645 1 3 2999 
low 1.1697 1 3 2999 
low 1.1730 1 3 2999 
low 1.1736 1 3 2999 
low 1.1659 1 3 2999 
low 1.1619 1 3 2999 
low 1.1564 1 3 2999 
low 1.1656 1 3 2999 
low 1.1679 1 4 3000 
low 1.1599 1 4 3000 
low 1.1529 1 3 2939 
low 1.1498 1 3 2999 
low 1.1456 1 4 3000 
low 1.1191 1 3 2999 
low 1.1047 1 3 2999 
low 1.1005 1 3 2999 
low 1.0964 2 6 5998 
low 1.0827 1 3 2999 
low 1.0710 1 3 2999 
low 1.0548 1 3 2999 
low 1.0561 1 3 2999 
low 1.0603 1 3 2999 
low 1.0617 1 3 2999 
low 1.0472 2 7 6000 
low 1.0442 1 4 3007 
low 1.0415 2 6 5998 
low 1.0340 1 3 2999 
low 1.0339 1 3 2999 
low 1.0489 1 3 3002 
low 1.0462 1 3 2999 
low 1.0531 1 4 3018 
low 1.0469 1 4 3000 
low 1.0480 1 3 2999 
low 1.0408 2 6 5998 
low 1.0121 1 3 2999 
low 0.9935 1 3 2999 
low 0.9908 1 3 2999 
low 0.9785 1 3 2999 
low 0.9705 1 3 2999 
low 0.9624 1 3 2999 
low 0.9513 1 4 3060 
low 0.9158 1 3 2999 
low 0.9056 1 3 2999 
low 0.9511 1 3 2999 
low 0.9783 2 7 5999 
low 0.9835 1 4 3001 
low 1.0004 1 4 3001 
low 1.0012 3 11 9001 
low 0.9834 2 8 7379 
low 0.9756 1 5 5819 
low 0.9840 4 15 11999 
low 1.0018 2 6 5998 
low 1.0151 1 3 2999 
low 0.9943 1 3 2999 
low 0.9871 1 3 2999 
low 0.9939 1 3 2999 
low 0.9919 1 3 2999 
low 0.9709 1 3 2999 
low 0.9743 1 4 3000 
low 0.9796 1 3 2999 
low 0.9875 1 3 2999 
low 1.0093 1 3 2939 
low 1.0125 1 3 2999 
low 0.9986 1 3 2999 
low 1.0059 1 3 2999 
low 0.9998 1 3 2999 
low 0.9984 1 4 3000 
low 0.9873 3 11 8939 
low 0.9819 1 3 2999 
low 0.9823 2 7 5999 
low 1.0079 2 6 6058 
low 1.0152 2 9 6137 
low 1.0100 1 3 2999 
low 1.0048 1 3 2999 
low 1.0088 1 3 2999 
low 0.9973 2 8 6516 
low 0.9977 1 3 2999 
low 1.0055 1 3 2999 
low 1.0212 1 3 2999 
low 1.0399 1 4 3000 
low 1.0543 1 3 2999 
low 1.0409 1 3 2999 
low 1.0426 1 3 2999 
low 1.0542 1 3 2999 
low 1.0569 1 3 3000 
low 1.0304 1 4 3000 
low 1.0297 1 3 2999 
low 1.0546 2 6 5998 
low 1.0994 1 3 2999 
low 1.1537 1 3 2999 
low 1.2112 1 4 3071 
low 1.1473 1 4 3002 
low 1.1465 1 3 2999 
low 1.1983 1 3 2999 
low 1.2125 1 3 2999 
low 1.2158 1 3 2999 
low 1.2446 1 3 2999 
low 1.1985 1 3 2999 
low 1.1818 1 4 3004 
low 1.2070 1 5 4609 
low 1.1761 1 5 4678 
low 1.1769 1 3 2999 
low 1.2104 1 3 2999 
low 1.2025 1 3 2999 
low 1.2130 1 3 2999 
low 1.2282 1 3 2999 
low 1.2356 1 3 2999 
low 1.2395 1 3 2999 
low 1.2714 1 3 2999 
low 1.2625 2 7 6029 
low 1.2190 1 3 2999 
low 1.2220 1 3 2939 
low 1.2224 1 4 3000 
low 1.2062 2 10 6043 
low 1.1981 1 3 2999 
low 1.2072 1 3 2999 
low 1.1677 1 3 2999 
low 1.1475 1 3 2999 
low 1.1521 1 4 3000 
low 1.1154 1 4 3000 
low 1.0783 1 3 2999 
low 1.0794 1 3 2999 
low 1.0940 1 3 2999 
low 1.1233 1 3 2999 
low 1.1418 1 3 2999 
low 1.1437 1 3 2999 
low 1.0748 1 3 2999 
low 1.0631 1 3 2999 
low 1.0676 1 3 2999 
low 1.0791 1 3 2999 
low 1.0717 1 3 2999 
low 1.0790 1 3 2999 
low 1.0672 1 3 2999 
low 1.0711 2 6 5999 
low 1.0589 1 3 2999 
low 1.0661 1 3 2999 
low 1.0265 1 4 3001 
low 1.0204 1 4 3000 
low 1.0377 1 3 3059 
low 1.0636 1 3 2999 
low 1.0483 1 3 2999 
low 1.0448 1 3 3028 
low 1.0405 1 3 2999 
low 1.0430 1 3 2999 
low 1.0477 1 3 2999 
low 1.0535 1 3 2999 
low 1.0365 1 4 4618 
low 1.0334 1 4 4617 
low 1.0250 1 3 2999 
low 1.0223 2 6 5998 
low 1.0311 1 3 2999 
low 1.0555 1 3 2999 
low 1.0544 1 3 2999 
low 1.0369 1 3 2999 
low 1.0307 1 3 2999 
low 1.0234 2 7 6025 
low 1.0132 1 3 2999 
low 1.0060 1 3 2999 
low 1.0156 1 3 2939 
low 0.9987 1 3 2999 
low 0.9976 2 7 5999 
low 0.9952 3 10 9000 
low 0.9929 1 5 3001 
low 1.0148 1 3 2999 
low 1.0109 1 3 3000 
low 1.0384 1 3 2999 
low 1.0413 2 8 6013 
low 1.0332 1 4 3000 
low 1.0137 1 3 2999 
low 1.0270 1 3 2999 
low 1.0465 1 3 2999 
low 1.0275 2 8 6005 
low 1.0282 1 4 3001 
low 1.0254 1 4 3004 
low 1.0202 1 5 3002 
low 1.0106 1 7 3003 
low 1.0302 1 5 3001 
low 1.0246 1 6 3019 
low 1.0471 1 5 3001 
low 1.0337 1 6 3005 
low 1.0214 1 4 3010 
low 1.0215 2 8 6035 
low 1.0189 1 6 3025 
low 1.0065 1 6 3152 
low 0.9978 2 9 6005 
low 1.0153 1 6 3047 
low 1.0119 2 9 6003 
low 1.0075 1 5 3152 
low 1.0001 2 8 6001 
low 1.0026 1 6 3014 
low 1.0000 1 4 3001 
low 0.9887 3 16 9622 
low 0.9891 1 5 3002 
low 0.9836 2 7 6004 
low 0.9899 1 3 2999 
low 0.9830 1 4 3000 
low 0.9849 1 4 3002 
low 0.9814 2 8 6005 
low 0.9681 1 4 3001 
low 0.9698 1 3 2999 
low 0.9665 2 7 5999 
low 0.9745 1 3 2999 
low 0.9730 1 3 2939 
low 0.9614 1 3 2999 
low 0.9525 1 4 3001 
low 0.9547 1 6 3051 
low 0.9452 1 5 3057 
low 0.9444 1 3 3008 
low 0.9503 1 5 3080 
low 0.9512 1 3 2999 
low 0.9639 1 3 2999 
low 0.9654 1 3 2999 
low 0.9673 1 3 2999 
low 0.9669 1 3 2999 
low 0.9699 1 3 2999 
low 0.9579 1 4 3262 
low 0.9566 2 6 5998 
low 0.9480 1 3 2999 
low 0.9405 1 3 2999 
low 0.9408 1 3 2999 
low 0.9788 2 10 6047 
low 0.9773 1 3 2999 
low 0.9738 1 3 2999 
low 0.9723 1 5 3041 
low 0.9828 1 7 3080 
low 0.9915 1 4 3017 
low 1.0198 1 5 3044 
low 1.0042 1 7 3070 
low 0.9989 1 3 2999 
low 0.9890 1 6 3094 
low 1.0053 2 6 5998 
low 1.0077 2 11 6078 
low 1.0170 1 4 3001 
low 1.0256 1 3 2999 
low 1.0050 2 6 5998 
low 1.0261 1 3 2999 
low 1.0176 1 4 3686 
low 1.0074 1 4 3420 
low 1.0107 1 3 2999 
low 1.0111 1 3 2999 
low 0.9963 1 5 3001 
low 0.9926 1 3 2999 
low 0.9923 1 3 2999 
low 0.9905 2 9 6017 
low 0.9940 1 3 2999 
low 0.9870 1 3 2999 
low 0.9858 1 3 3008 
low 0.9886 1 5 3015 
low 0.9863 1 3 2999 
low 0.9868 1 3 2999 
low 0.9798 1 3 2999 
low 0.9826 1 3 2999 
low 1.0052 1 3 2999 
low 1.0205 1 3 2999 
low 1.0225 1 4 3000 
low 1.0199 1 3 2999 
low 1.0165 2 8 6006 
low 1.0157 1 3 2999 
low 1.0099 1 3 2999 
low 1.0117 1 3 2999 
low 1.0064 1 3 3000 
low 0.9960 1 3 2999 
low 0.9903 1 4 3000 
low 0.9841 1 5 3012 
low 0.9711 1 5 3021 
low 0.9631 1 3 2999 
low 0.9724 1 3 2999 
low 0.9779 1 3 3000 
low 0.9733 1 4 3000 
low 0.9761 1 6 3018 
low 0.9762 1 6 3015 
low 0.9909 1 4 3001 
low 0.9904 1 3 3009 
low 0.9910 1 3 2999 
low 0.9855 1 3 2999 
low 0.9847 1 7 4774 
low 0.9906 1 5 3055 
low 0.9901 1 4 3000 
low 0.9946 1 4 3001 
low 0.9931 1 4 3000 
low 0.9997 1 3 2999 
low 1.0108 1 4 3001 
low 1.0232 1 4 3001 
low 1.0179 1 3 2999 
low 1.0158 1 3 2999 
low 1.0123 1 3 2939 
low 1.0103 1 3 2999 
low 1.0081 1 3 2999 
low 1.0208 1 3 2999 
low 1.0034 1 3 2999 
low 1.0147 1 3 2999 
low 1.0249 1 3 2999 
low 1.0260 1 3 2999 
low 1.0135 1 4 3000 
low 1.0172 1 3 3000 
low 1.0422 1 4 3118 
low 1.0470 1 3 3000 
low 1.0324 1 4 3725 
low 1.0251 1 4 3003 
low 1.0244 1 3 3000 
low 1.0273 3 11 9002 
low 1.0291 1 3 3000 
low 1.0391 1 4 3002 
low 1.0328 1 5 3031 
low 1.0180 1 4 3001 
low 1.0289 1 3 3000 
low 1.0329 1 3 3000 
low 1.0269 1 5 3008 
low 1.0281 1 4 3063 
low 1.0396 1 3 3002 
low 1.0404 1 4 3004 
low 1.0434 1 6 3016 
low 1.0529 1 5 3009 
low 1.0599 1 3 3001 
low 1.0559 1 4 3002 
low 1.0579 1 6 4447 
low 1.0614 1 6 4741 
low 1.0587 1 4 4435 
low 1.0764 1 3 3001 
low 1.0904 2 7 6005 
low 1.0952 1 3 3003 
low 1.1039 1 4 3004 
low 1.0966 1 4 3005 
low 1.0938 1 4 3004 
low 1.0909 1 4 3002 
low 1.1037 1 3 3001 
low 1.0954 1 4 3002 
low 1.1024 1 3 3000 
low 1.1120 2 9 6022 
low 1.0999 1 3 2941 
low 1.0911 1 4 3001 
low 1.0856 1 3 3000 
low 1.0958 1 4 3002 
low 1.0942 1 3 3002 
low 1.0873 1 3 3000 
low 1.0813 1 3 3000 
low 1.0849 1 3 3000 
low 1.0834 1 3 3000 
low 1.0821 1 3 3001 
low 1.0889 1 3 3000 
low 1.0837 1 3 3000 
low 1.0714 1 5 3003 
low 1.0627 1 3 3000 
low 1.0619 1 3 3000 
low 1.0629 1 5 3002 
low 1.0707 1 4 3001 
low 1.0848 1 5 3002 
low 1.0859 1 6 3011 
low 1.0926 1 4 3003 
low 1.0809 1 4 3120 
low 1.0820 1 5 3059 
low 1.0932 1 5 3009 
low 1.0885 1 6 5953 
low 1.1206 1 7 10080 
low 1.1070 1 5 3066 
low 1.1080 1 5 3007 
low 1.1201 1 4 3008 
low 1.1164 1 6 3082 
low 1.1299 1 3 3007 
low 1.1258 1 3 3009 
low 1.1190 1 7 3036 
low 1.1227 1 7 3038 
low 1.1338 1 6 3038 
low 1.1434 1 7 3039 
low 1.1588 1 6 4770 
low 1.1604 1 7 5833 
low 1.1795 1 6 3037 
low 1.2352 1 7 4413 
low 1.2379 1 6 3035 
low 1.2361 1 7 3032 
low 1.2380 1 6 3033 
low 1.2405 1 7 3042 
low 1.2622 1 6 3032 
low 1.2426 1 6 3008 
low 1.2409 1 5 2944 
low 1.2428 1 5 3002 
low 1.2087 1 4 3003 
low 1.2013 1 5 3003 
low 1.1943 1 5 3003 
low 1.1939 1 4 3003 
low 1.1918 1 3 3000 
low 1.2168 1 3 3000 
low 1.2366 1 5 3003 
low 1.2308 1 5 3006 
low 1.2203 1 3 3000 
low 1.2129 1 5 3003 
low 1.2474 1 4 3002 
low 1.2662 1 5 3003 
low 1.2721 1 3 3001 
low 1.2910 1 3 3000 
low 1.2860 2 6 5999 
low 1.2992 1 5 3002 
low 1.2950 1 4 3001 
low 1.3024 4 14 12011 
low 1.3115 1 4 3001 
low 1.3137 1 3 3000 
low 1.3155 1 4 3001 
low 1.3011 1 4 3001 
low 1.3231 2 8 6003 
low 1.2899 1 4 3001 
low 1.2830 3 11 9000 
low 1.2967 1 3 3061 
low 1.3036 2 6 6002 
low 1.3044 1 3 3002 
low 1.3224 1 4 3003 
low 1.3245 1 3 3001 
low 1.3278 1 4 3002 
low 1.3295 1 3 3003 
low 1.3517 1 3 3003 
low 1.3726 1 3 3002 
low 1.3814 1 4 4498 
low 1.3822 1 5 4561 
low 1.3974 1 3 3003 
low 1.4186 1 3 3002 
low 1.4045 1 3 3001 
low 1.3907 1 3 3001 
low 1.3638 1 3 3003 
low 1.3720 1 3 3003 
low 1.3653 1 3 3002 
low 1.3385 1 3 3000 
low 1.3261 2 6 6000 
low 1.3166 1 4 3002 
low 1.2922 1 4 3002 
low 1.3037 1 3 2940 
low 1.2856 1 3 2999 
low 1.2748 1 3 2999 
low 1.2629 1 3 2999 
low 1.2592 1 3 2999 
low 1.2459 1 3 2999 
low 1.2695 1 5 3005 
low 1.2770 1 3 2999 
low 1.2892 1 6 3017 
low 1.2909 1 5 3015 
low 1.2732 1 6 3026 
low 1.2653 1 4 3007 
low 1.2761 2 6 5998 
low 1.2677 1 3 2999 
low 1.2876 1 3 2999 
low 1.3000 1 3 2999 
low 1.2999 3 10 9008 
low 1.2797 1 4 3001 
low 1.2762 1 3 2999 
low 1.2829 1 3 2999 
low 1.2821 1 3 2999 
low 1.3127 1 4 3000 
low 1.3047 2 7 6008 
low 1.3138 1 4 3000 
low 1.3053 1 3 3009 
low 1.3005 1 4 3000 
low 1.3313 1 4 3061 
low 1.3284 1 3 3009 
low 1.3266 2 6 6009 
low 1.3378 1 3 3009 
low 1.3396 1 3 3010 
low 1.3234 1 3 3010 
low 1.3105 1 3 3009 
low 1.3083 1 3 3009 
low 1.3356 2 7 6788 
low 1.3387 1 4 3489 
low 1.3180 1 3 3008 
low 1.3019 1 3 3009 
low 1.3038 1 4 3009 
low 1.2968 3 9 9086 
low 1.2980 1 3 3009 
low 1.3056 1 3 3009 
low 1.3285 1 3 3009 
low 1.3397 1 3 3009 
low 1.3267 1 3 3010 
low 1.3314 1 3 2948 
low 1.3276 1 3 2999 
low 1.3309 1 3 2999 
low 1.3222 1 3 2999 
low 1.3377 1 3 2999 
low 1.3530 1 3 2999 
low 1.3642 1 3 2999 
low 1.3573 1 3 2999 
low 1.3456 1 3 2999 
low 1.3386 1 3 2999 
low 1.3435 1 4 3000 
low 1.3212 1 3 2999 
low 1.3165 1 3 2999 
low 1.3146 1 3 2999 
low 1.2911 1 4 3000 
low 1.2858 2 7 5999 
low 1.2579 1 3 2999 
low 1.2481 1 4 3000 
low 1.2413 1 3 2999 
low 1.2537 1 3 2999 
low 1.2651 1 3 2999 
low 1.2525 1 3 2999 
low 1.2441 1 3 2999 
low 1.2339 1 3 3000 
low 1.2060 1 3 2999 
low 1.2120 1 3 2999 
low 1.2197 1 3 2999 
low 1.2335 1 5 3001 
low 1.2448 1 3 2999 
low 1.2432 1 3 2999 
low 1.2449 2 6 5998 
low 1.2661 1 3 3060 
low 1.2702 1 3 3009 
low 1.2665 1 3 3009 
low 1.2712 2 7 6021 
low 1.2671 1 5 3689 
low 1.2652 1 3 3010 
low 1.2682 1 5 4512 
low 1.2499 1 5 4930 
low 1.2358 1 3 3010 
low 1.2396 1 3 3009 
low 1.2371 1 3 3009 
low 1.2281 1 5 3016 
low 1.2253 1 7 3156 
low 1.2493 1 4 3035 
low 1.2613 1 3 2999 
low 1.2802 2 6 6075 
low 1.2920 1 3 2999 
low 1.2814 1 4 2940 
low 1.2780 1 3 2999 
low 1.2587 1 3 2999 
low 1.2526 1 3 2999 
low 1.2547 1 3 2999 
low 1.2819 1 5 4252 
low 1.2728 1 3 2999 
low 1.2741 1 3 2999 
low 1.2811 1 3 3074 
low 1.2817 1 3 2999 
low 1.2948 1 3 2999 
low 1.3130 1 3 2999 
low 1.3065 2 6 6016 
low 1.3114 2 6 6007 
low 1.2982 1 3 3008 
low 1.2961 1 3 3009 
low 1.2886 1 3 3009 
low 1.2902 1 3 3008 
low 1.3041 1 3 3008 
low 1.2884 1 3 3008 
low 1.2781 1 3 3008 
low 1.2807 1 3 3008 
low 1.2915 1 3 3008 
low 1.2932 1 3 3009 
low 1.3055 1 3 3009 
low 1.3126 1 3 3008 
low 1.3181 1 3 3009 
low 1.3158 1 3 3009 
low 1.3251 1 3 3008 
low 1.3414 1 4 3187 
low 1.3565 1 4 3187 
low 1.3179 1 3 3000 
low 1.3201 1 3 3009 
low 1.3124 1 3 3009 
low 1.3195 1 3 3008 
low 1.3112 1 3 2999 
low 1.3118 1 3 2999 
low 1.3349 1 3 2999 
low 1.3250 1 3 2999 
low 1.3256 1 3 2999 
low 1.3296 2 6 5938 
low 1.3282 1 3 2999 
low 1.3272 2 6 5998 
low 1.3380 2 6 5998 
low 1.3375 1 3 2999 
low 1.3379 1 3 2999 
low 1.3249 1 3 2999 
low 1.3149 1 3 2999 
close 1.4938 1 7 5335 
close 1.5055 1 7 5181 
close 1.5104 1 7 4477 
close 1.5035 1 7 6021 
close 1.5100 1 7 5408 
close 1.5212 1 7 5284 
close 1.5392 1 7 5539 
close 1.5287 1 7 5433 
close 1.5379 2 14 10577 
close 1.5433 1 7 5020 
close 1.5659 1 7 4696 
close 1.5690 1 7 5121 
close 1.5755 1 7 5174 
close 1.5551 1 7 5034 
close 1.5633 2 14 13048 
close 1.5451 1 7 4751 
close 1.5315 1 7 5469 
close 1.5431 1 7 5606 
close 1.5456 1 7 5053 
close 1.5401 1 7 5033 
close 1.5354 1 7 5624 
close 1.5308 1 7 5171 
close 1.5233 1 7 5212 
close 1.5341 1 7 5158 
close 1.5170 1 7 5199 
close 1.5106 1 7 5389 
close 1.5192 1 7 5787 
close 1.5403 1 7 5630 
close 1.5335 1 7 6537 
close 1.5347 1 7 6249 
close 1.5353 1 7 6896 
close 1.5474 2 14 13355 
close 1.5396 1 7 6997 
close 1.5591 1 7 6792 
close 1.5638 1 7 6883 
close 1.5721 1 7 7204 
close 1.5700 1 7 5903 
close 1.5680 1 7 6188 
close 1.5652 1 7 6311 
close 1.5648 1 7 5770 
close 1.5715 1 7 5749 
close 1.5785 1 7 5244 
close 1.5924 1 7 5146 
close 1.5931 1 7 5465 
close 1.5939 1 7 5506 
close 1.5932 1 7 6259 
close 1.5711 1 7 6412 
close 1.5716 2 14 13014 
close 1.5737 1 7 6661 
close 1.6008 1 7 7343 
close 1.5919 1 7 9023 
close 1.5954 1 7 7535 
close 1.5883 1 7 7142 
close 1.6091 1 7 6853 
close 1.5933 1 7 6831 
close 1.5963 1 7 6923 
close 1.5910 1 7 7266 
close 1.5896 1 7 7350 
close 1.6101 1 7 6881 
close 1.5872 1 7 6943 
close 1.5860 1 7 6984 
close 1.5848 1 7 6844 
close 1.5905 1 7 6693 
close 1.5927 1 7 6841 
close 1.5951 1 7 7184 
close 1.5817 1 7 7213 
close 1.5727 1 7 7315 
close 1.5669 1 7 7191 
close 1.5672 1 7 7439 
close 1.5582 1 7 7147 
close 1.5372 1 7 7079 
close 1.5311 1 7 7169 
close 1.5304 1 7 7175 
close 1.5365 1 7 7195 
close 1.5444 1 7 7498 
close 1.5145 1 7 6463 
close 1.5272 1 7 6032 
close 1.5133 1 7 6599 
close 1.5382 1 7 6910 
close 1.5812 1 7 6557 
close 1.5747 1 7 5940 
close 1.5856 1 7 6230 
close 1.5653 1 7 6436 
close 1.5656 1 7 6247 
close 1.5537 1 7 6596 
close 1.5524 1 7 6861 
close 1.5807 1 7 6527 
close 1.5861 1 7 6656 
close 1.5816 1 7 6525 
close 1.5974 1 7 6680 
close 1.5867 1 7 6942 
close 1.5675 1 7 6625 
close 1.5573 1 7 6742 
close 1.5778 1 7 6646 
close 1.5819 1 7 6444 
close 1.5751 1 7 6801 
close 1.5568 1 7 7028 
close 1.5603 1 7 7007 
close 1.5480 1 7 6543 
close 1.5731 1 7 8182 
close 1.5632 1 7 7337 
close 1.5402 1 7 6565 
close 1.5321 1 7 6723 
close 1.5274 1 7 7002 
close 1.5150 1 7 6798 
close 1.5273 1 7 7062 
close 1.5162 1 7 7209 
close 1.4963 1 7 6792 
close 1.4720 1 7 6821 
close 1.4712 1 7 6528 
close 1.4743 1 7 6268 
close 1.4763 1 7 6083 
close 1.4726 1 7 6100 
close 1.4681 1 7 5951 
close 1.4484 1 7 6204 
close 1.4479 1 7 6626 
close 1.4418 1 7 5997 
close 1.3931 1 7 5939 
close 1.3865 2 10 8624 
close 1.3459 1 7 5656 
close 1.3772 1 7 5660 
close 1.3624 1 7 5520 
close 1.3641 1 7 5690 
close 1.3372 1 7 5880 
close 1.3598 1 7 5577 
close 1.3500 1 7 5721 
close 1.3625 1 7 6027 
close 1.3908 1 7 5448 
close 1.4156 1 7 5521 
close 1.3900 1 7 5618 
close 1.3986 1 7 5769 
close 1.3858 1 7 5740 
close 1.3958 1 7 5975 
close 1.3944 1 7 5441 
close 1.3924 1 7 5857 
close 1.3677 1 7 5635 
close 1.3696 1 7 5974 
close 1.3554 1 7 5634 
close 1.3496 1 7 5569 
close 1.3299 2 10 8832 
close 1.3229 2 10 8782 
close 1.3171 2 10 8742 
close 1.3097 1 7 5972 
close 1.3286 2 10 8887 
close 1.3120 1 7 6036 
close 1.3006 1 7 5358 
close 1.3098 1 7 5640 
close 1.2971 1 7 5765 
close 1.3068 1 7 5611 
close 1.3260 2 10 8363 
close 1.3220 1 7 5339 
close 1.2952 1 7 7246 
close 1.2859 1 7 5913 
close 1.2719 2 11 6060 
close 1.2909 1 7 3069 
close 1.3053 2 10 6080 
close 1.3369 1 7 3078 
close 1.3310 1 7 3079 
close 1.3092 1 7 3078 
close 1.3285 1 7 3058 
close 1.3431 1 7 3072 
close 1.3244 2 11 6088 
close 1.3336 1 7 3069 
close 1.3311 1 7 3076 
close 1.3060 1 7 3030 
close 1.3113 1 7 3091 
close 1.3349 1 7 3075 
close 1.3566 1 7 3086 
close 1.3520 1 7 3080 
close 1.3711 1 7 3058 
close 1.3862 1 7 3072 
close 1.3907 1 7 3066 
close 1.3719 1 7 3086 
close 1.3663 1 7 3045 
close 1.3487 1 7 3041 
close 1.3691 1 7 3024 
close 1.3580 1 7 3032 
close 1.3461 1 7 3037 
close 1.3268 1 7 3026 
close 1.3181 1 7 3034 
close 1.3119 2 13 6053 
close 1.3326 1 7 3040 
close 1.3176 2 10 6031 
close 1.3197 1 7 3043 
close 1.3065 1 7 3045 
close 1.3050 3 13 8982 
close 1.3127 3 13 9036 
close 1.2881 1 7 3039 
close 1.2936 1 7 3028 
close 1.2872 1 7 3030 
close 1.2712 1 7 3040 
close 1.2611 2 10 6032 
close 1.2557 1 7 3032 
close 1.2569 1 7 3047 
close 1.2243 1 7 3026 
close 1.2247 1 7 3096 
close 1.1998 1 7 3030 
close 1.1944 1 7 3021 
close 1.1859 1 7 3032 
close 1.1876 1 7 3027 
close 1.2085 1 7 3032 
close 1.2371 1 7 3028 
close 1.2291 1 7 3024 
close 1.2158 1 7 3033 
close 1.2223 1 7 4347 
close 1.2182 1 7 3024 
close 1.2246 1 5 3014 
close 1.2361 1 3 2999 
close 1.2365 3 11 9006 
close 1.2477 1 3 2999 
close 1.2309 1 3 2999 
close 1.2257 1 3 2999 
close 1.2393 1 3 2999 
close 1.2126 1 3 3007 
close 1.2073 1 3 2999 
close 1.2083 1 3 2999 
close 1.2103 1 3 2939 
close 1.2185 1 3 2999 
close 1.2375 1 3 2999 
close 1.2372 2 7 6003 
close 1.2445 1 3 2999 
close 1.2535 1 3 2999 
close 1.2395 2 10 6043 
close 1.2650 1 3 2999 
close 1.2540 1 3 2999 
close 1.2462 1 3 2999 
close 1.2522 1 3 2999 
close 1.2327 1 3 2999 
close 1.2312 1 3 2999 
close 1.2425 2 10 7412 
close 1.2045 1 3 2999 
close 1.2195 1 3 2999 
close 1.2305 1 3 2999 
close 1.2169 1 3 2999 
close 1.2132 1 3 2999 
close 1.1988 1 3 2999 
close 1.1974 1 4 3000 
close 1.1912 1 3 2999 
close 1.1895 1 3 2999 
close 1.1822 2 6 5998 
close 1.1689 2 6 6006 
close 1.1778 1 3 2999 
close 1.1725 1 3 2999 
close 1.1760 2 6 5998 
close 1.1769 1 3 2999 
close 1.1764 2 6 5998 
close 1.1750 1 3 3059 
close 1.1857 1 3 2999 
close 1.1924 1 3 2999 
close 1.1737 1 3 2999 
close 1.1572 1 3 2999 
close 1.1499 1 3 2999 
close 1.1734 1 3 2999 
close 1.1743 1 3 2999 
close 1.1568 2 7 6002 
close 1.1644 1 3 2999 
close 1.1616 1 3 2999 
close 1.1517 1 3 2999 
close 1.1386 1 3 2999 
close 1.1536 1 4 3000 
close 1.1531 1 3 2999 
close 1.1475 1 3 2999 
close 1.1364 1 4 3000 
close 1.1496 1 3 2999 
close 1.1631 1 3 2999 
close 1.1696 1 3 2939 
close 1.1634 1 3 2999 
close 1.1442 1 3 2999 
close 1.1404 1 4 3000 
close 1.1314 1 3 3000 
close 1.1081 1 3 2999 
close 1.0992 1 3 2999 
close 1.1069 1 3 2999 
close 1.1240 1 4 3000 
close 1.0994 1 4 3000 
close 1.1131 1 3 2999 
close 1.1134 1 3 2999 
close 1.1175 1 3 2999 
close 1.1227 2 7 6007 
close 1.1085 1 3 2999 
close 1.1320 1 3 2999 
close 1.1356 1 3 2999 
close 1.1405 1 4 3001 
close 1.1313 2 6 5998 
close 1.1245 1 3 2999 
close 1.1222 2 6 5998 
close 1.1150 1 4 3001 
close 1.1075 1 3 2999 
close 1.1111 1 3 2999 
close 1.1197 1 4 3001 
close 1.1272 1 3 2999 
close 1.1132 2 6 5999 
close 1.1334 1 3 2999 
close 1.1400 1 3 2999 
close 1.1269 1 4 3002 
close 1.1223 1 3 3059 
close 1.1289 1 3 2999 
close 1.1374 1 3 2999 
close 1.1459 1 3 3000 
close 1.1308 1 3 2999 
close 1.1424 1 3 2999 
close 1.1524 1 3 2999 
close 1.1522 1 3 2999 
close 1.1619 1 4 4380 
close 1.1650 1 4 4380 
close 1.1761 1 3 2999 
close 1.1809 1 3 2999 
close 1.1792 1 3 2999 
close 1.1669 1 3 2999 
close 1.1702 1 3 2999 
close 1.1668 1 3 2999 
close 1.1740 1 4 3000 
close 1.1613 1 4 3000 
close 1.1564 1 3 2939 
close 1.1583 1 3 2999 
close 1.1468 1 4 3000 
close 1.1215 1 3 2999 
close 1.1115 1 3 2999 
close 1.1054 1 3 2999 
close 1.0983 1 3 2999 
close 1.0875 1 3 2999 
close 1.0734 1 3 2999 
close 1.0622 1 3 2999 
close 1.0666 1 3 2999 
close 1.0625 1 3 2999 
close 1.0699 2 6 5998 
close 1.0601 2 6 6000 
close 1.0555 1 4 3007 
close 1.0432 1 3 2999 
close 1.0367 1 3 2999 
close 1.0670 1 3 2999 
close 1.0550 1 3 3002 
close 1.0680 1 3 2999 
close 1.0644 1 4 3018 
close 1.0642 2 9 6001 
close 1.0493 1 3 2999 
close 1.0424 1 3 2999 
close 1.0139 1 3 2999 
close 1.0041 1 3 2999 
close 0.9985 1 3 2999 
close 0.9826 1 3 2999 
close 0.9790 1 3 2999 
close 0.9669 1 3 2999 
close 0.9535 1 4 3060 
close 0.9179 1 3 2999 
close 0.9579 1 3 2999 
close 0.9784 1 3 2999 
close 0.9963 1 4 3000 
close 1.0119 2 7 6000 
close 1.0140 1 4 3001 
close 1.0058 1 3 2999 
close 0.9858 1 5 4380 
close 0.9928 1 5 5819 
close 1.0049 1 5 3001 
close 1.0186 2 6 5998 
close 1.0270 1 3 2999 
close 0.9991 1 3 2999 
close 1.0076 1 3 2999 
close 0.9998 1 3 2999 
close 1.0172 2 7 6000 
close 0.9810 1 3 2999 
close 0.9945 2 6 5998 
close 0.9916 1 4 3000 
close 0.9889 1 3 2999 
close 1.0177 1 3 2999 
close 1.0230 1 3 2939 
close 1.0142 1 3 2999 
close 1.0174 2 6 5998 
close 1.0072 1 3 2999 
close 1.0117 1 3 2999 
close 1.0025 1 3 2999 
close 1.0037 1 4 3000 
close 0.9923 1 4 3000 
close 0.9934 1 3 2999 
close 1.0082 1 3 2999 
close 1.0226 3 9 8997 
close 1.0220 1 3 2999 
close 1.0012 1 3 2999 
close 1.0079 1 3 2999 
close 1.0236 2 9 6046 
close 1.0426 1 3 2999 
close 1.0648 1 4 3000 
close 1.0610 1 3 2999 
close 1.0478 1 3 2999 
close 1.0674 1 3 2999 
close 1.0703 1 3 3000 
close 1.0354 1 4 3000 
close 1.0629 1 3 2999 
close 1.1051 1 3 2999 
close 1.1624 1 3 2999 
close 1.2116 1 3 2999 
close 1.2701 1 4 3071 
close 1.1498 1 4 3002 
close 1.2080 1 3 2999 
close 1.2322 1 3 2999 
close 1.2276 1 3 2999 
close 1.2504 1 3 2999 
close 1.2583 1 3 2999 
close 1.2058 1 3 2999 
close 1.2193 1 4 3004 
close 1.2134 1 5 4609 
close 1.1827 1 5 4678 
close 1.2232 1 3 2999 
close 1.2660 1 3 2999 
close 1.2251 1 3 2999 
close 1.2318 1 3 2999 
close 1.2421 1 3 2999 
close 1.2644 1 3 2999 
close 1.2413 1 3 2999 
close 1.2946 1 3 2999 
close 1.2817 2 6 5998 
close 1.2688 1 3 2999 
close 1.2275 1 3 2999 
close 1.2623 1 3 2939 
close 1.2139 1 3 2999 
close 1.2204 1 3 2999 
close 1.1748 1 3 2999 
close 1.1605 1 3 2999 
close 1.1547 1 4 3000 
close 1.1154 2 9 6066 
close 1.0823 1 3 2999 
close 1.1050 1 3 2999 
close 1.1346 1 3 2999 
close 1.1505 1 3 2999 
close 1.1617 1 3 2999 
close 1.1664 1 3 2999 
close 1.1330 1 3 2999 
close 1.1055 1 3 2999 
close 1.0817 1 3 2999 
close 1.0715 1 3 2999 
close 1.1008 1 3 2999 
close 1.1017 1 3 2999 
close 1.0859 2 6 5999 
close 1.1027 2 7 6001 
close 1.0785 1 3 2999 
close 1.0723 1 3 2999 
close 1.0682 1 3 2999 
close 1.0842 1 3 2999 
close 1.0590 1 3 2999 
close 1.0318 1 4 3001 
close 1.0491 1 4 3000 
close 1.0637 1 3 3059 
close 1.0662 1 3 2999 
close 1.0498 1 3 2999 
close 1.0507 1 3 2999 
close 1.0573 1 3 3028 
close 1.0463 1 3 2999 
close 1.0634 1 3 2999 
close 1.0611 1 3 2999 
close 1.0564 1 3 2999 
close 1.0437 1 4 4618 
close 1.0389 1 4 4617 
close 1.0390 1 3 2999 
close 1.0312 1 3 2999 
close 1.0626 1 3 2999 
close 1.0574 1 3 2999 
close 1.0669 1 3 2999 
close 1.0439 1 3 2999 
close 1.0553 1 3 2999 
close 1.0355 1 3 2999 
close 1.0260 2 7 6000 
close 1.0136 1 3 2999 
close 1.0161 1 3 2999 
close 1.0190 1 3 2939 
close 1.0008 1 3 2999 
close 1.0014 2 7 5999 
close 0.9983 1 4 3002 
close 1.0156 2 8 6000 
close 1.0246 1 4 3000 
close 1.0209 3 12 9092 
close 1.0399 1 3 3000 
close 1.0675 1 3 2999 
close 1.0542 1 3 2999 
close 1.0480 1 4 3000 
close 1.0255 2 8 6035 
close 1.0276 1 3 2999 
close 1.0536 1 3 2999 
close 1.0541 1 3 2999 
close 1.0307 1 3 2999 
close 1.0434 1 4 3001 
close 1.0350 2 9 6035 
close 1.0237 1 5 3002 
close 1.0305 2 11 6006 
close 1.0326 1 5 3001 
close 1.0600 1 6 3019 
close 1.0482 1 6 3005 
close 1.0271 1 4 3010 
close 1.0300 1 6 3025 
close 1.0155 1 6 3138 
close 1.0101 1 6 3152 
close 1.0331 1 4 3004 
close 1.0089 1 3 3059 
close 1.0077 1 5 3001 
close 1.0218 1 3 2999 
close 1.0224 1 5 3003 
close 1.0253 1 5 3152 
close 1.0109 2 9 6422 
close 1.0052 1 6 3014 
close 1.0018 1 5 3517 
close 0.9982 1 6 3520 
close 0.9896 1 5 3002 
close 0.9920 3 12 9006 
close 0.9967 2 8 6040 
close 0.9901 1 3 2999 
close 0.9949 2 7 5999 
close 0.9894 2 8 6002 
close 0.9900 1 5 3006 
close 0.9741 1 4 3001 
close 0.9709 1 3 2999 
close 0.9853 1 3 2999 
close 0.9806 1 3 2999 
close 0.9740 1 3 2939 
close 0.9635 1 3 2999 
close 0.9627 1 4 3001 
close 0.9554 1 6 3051 
close 0.9504 1 5 3057 
close 0.9525 1 3 3008 
close 0.9565 1 5 3080 
close 0.9717 1 3 2999 
close 0.9764 1 3 2999 
close 0.9674 1 3 2999 
close 0.9742 1 4 3000 
close 0.9687 1 3 2999 
close 0.9722 1 3 2999 
close 0.9817 1 3 2999 
close 0.9628 1 4 3262 
close 0.9656 1 3 2999 
close 0.9500 1 3 2999 
close 0.9432 1 3 2999 
close 0.9615 1 3 2999 
close 0.9797 1 3 2999 
close 0.9827 1 4 3001 
close 0.9882 1 3 2999 
close 0.9786 1 3 2999 
close 0.9895 1 5 3041 
close 0.9855 1 7 3080 
close 0.9935 1 6 3046 
close 1.0201 1 4 3017 
close 1.0537 1 5 3044 
close 1.0279 1 4 3026 
close 1.0150 1 7 3070 
close 1.0165 1 3 2999 
close 1.0092 1 3 2999 
close 1.0208 1 6 3017 
close 1.0384 1 4 3001 
close 1.0309 1 3 2999 
close 1.0094 1 5 3061 
close 1.0335 1 3 2999 
close 1.0284 1 3 2999 
close 1.0191 1 4 3686 
close 1.0164 1 3 2999 
close 1.0090 1 3 2999 
close 1.0021 1 5 3001 
close 0.9987 1 3 2999 
close 0.9970 1 4 3000 
close 0.9885 1 3 2999 
close 0.9910 1 3 3008 
close 0.9955 1 4 2940 
close 0.9909 1 5 3015 
close 1.0044 1 5 3017 
close 0.9890 1 3 2999 
close 0.9869 1 3 2999 
close 0.9856 1 3 2999 
close 0.9989 1 3 2999 
close 1.0066 1 3 2999 
close 1.0211 1 3 2999 
close 1.0377 1 4 3000 
close 1.0250 1 3 2999 
close 1.0181 1 5 3007 
close 1.0240 1 3 2999 
close 1.0122 1 4 3000 
close 1.0123 1 3 2999 
close 1.0216 1 3 3000 
close 1.0030 1 3 2999 
close 0.9969 1 3 2999 
close 0.9879 1 3 2999 
close 0.9862 2 11 6030 
close 0.9732 1 5 3021 
close 0.9748 1 3 2999 
close 0.9807 1 3 2999 
close 0.9838 1 3 3000 
close 0.9787 1 4 3000 
close 0.9924 1 6 3015 
close 0.9988 1 5 3061 
close 1.0020 1 3 2999 
close 0.9944 1 3 3009 
close 0.9930 2 8 6054 
close 0.9860 1 3 2999 
close 0.9857 1 4 3000 
close 0.9912 1 7 4774 
close 0.9864 1 3 2999 
close 0.9842 1 3 2999 
close 0.9918 1 3 2999 
close 1.0013 1 4 3000 
close 0.9953 1 4 3001 
close 1.0015 1 4 3000 
close 1.0113 1 3 2999 
close 1.0254 1 4 3001 
close 1.0269 2 6 5998 
close 1.0163 1 3 2999 
close 1.0143 1 3 2939 
close 1.0159 1 3 2999 
close 1.0262 1 3 2999 
close 1.0067 1 3 2999 
close 1.0047 1 3 2999 
close 1.0184 2 7 6001 
close 1.0265 1 3 2999 
close 1.0400 1 3 2999 
close 1.0341 1 3 2999 
close 1.0217 1 4 3000 
close 1.0516 1 3 3000 
close 1.0549 1 4 3118 
close 1.0529 1 3 3000 
close 1.0378 1 4 3725 
close 1.0289 1 5 3006 
close 1.0371 1 3 3000 
close 1.0344 1 3 3000 
close 1.0392 1 3 3000 
close 1.0474 1 4 3002 
close 1.0535 1 4 3001 
close 1.0295 1 4 3001 
close 1.0301 1 4 3001 
close 1.0329 1 4 3001 
close 1.0356 1 3 3000 
close 1.0374 1 3 3000 
close 1.0288 1 5 3008 
close 1.0467 1 4 3063 
close 1.0448 1 3 3002 
close 1.0490 1 4 3004 
close 1.0462 1 5 3014 
close 1.0538 1 6 3016 
close 1.0646 1 5 3009 
close 1.0603 1 4 3002 
close 1.0638 1 6 4447 
close 1.0645 1 6 4741 
close 1.0767 1 4 4435 
close 1.0949 1 3 3001 
close 1.0967 1 3 3000 
close 1.1152 1 3 3003 
close 1.1078 1 4 3004 
close 1.1009 1 4 3005 
close 1.0953 1 4 3004 
close 1.1083 1 4 3002 
close 1.1096 1 3 3001 
close 1.1109 1 4 3002 
close 1.1166 1 3 2999 
close 1.1026 1 3 2941 
close 1.0928 1 4 3001 
close 1.0977 2 8 6059 
close 1.0948 1 3 3002 
close 1.0890 1 3 3000 
close 1.0907 1 3 3000 
close 1.0909 1 3 3000 
close 1.0856 1 3 3000 
close 1.0910 1 3 3001 
close 1.0901 1 3 3000 
close 1.0743 1 5 3003 
close 1.0632 1 3 3000 
close 1.0672 1 3 3000 
close 1.0754 1 5 3002 
close 1.0739 1 4 3001 
close 1.0849 1 3 3000 
close 1.0960 1 5 3002 
close 1.0924 1 4 3005 
close 1.0938 1 6 3011 
close 1.0951 1 4 3003 
close 1.0926 1 4 3120 
close 1.0975 1 5 3009 
close 1.1206 2 13 16033 
close 1.1300 1 5 3007 
close 1.1167 1 6 3082 
close 1.1396 1 6 3023 
close 1.1336 1 3 3007 
close 1.1302 1 3 3009 
close 1.1255 1 7 3036 
close 1.1406 1 7 3038 
close 1.1438 1 6 3038 
close 1.1629 1 7 3039 
close 1.1621 1 6 3039 
close 1.1612 1 6 4770 
close 1.1837 1 7 5833 
close 1.1953 1 6 3037 
close 1.2108 1 7 3041 
close 1.2585 1 6 3035 
close 1.2388 1 7 3032 
close 1.2493 1 6 3033 
close 1.2487 1 7 3037 
close 1.2679 1 7 3042 
close 1.2788 1 6 3032 
close 1.2500 1 6 3008 
close 1.2677 1 5 2944 
close 1.2501 1 5 3002 
close 1.2486 1 4 3001 
close 1.2273 1 4 3003 
close 1.2031 1 5 3003 
close 1.2081 1 5 3003 
close 1.2006 1 4 3003 
close 1.2227 1 3 3000 
close 1.2422 1 3 3000 
close 1.2410 1 5 3003 
close 1.2339 1 5 3006 
close 1.2290 1 3 3000 
close 1.2325 1 5 3003 
close 1.2481 1 3 3000 
close 1.2730 1 5 3003 
close 1.2943 1 3 3001 
close 1.2931 1 3 3000 
close 1.3188 1 3 3000 
close 1.3099 1 5 3002 
close 1.3056 1 4 3001 
close 1.3331 1 4 3001 
close 1.3245 1 4 3001 
close 1.3207 1 3 3000 
close 1.3272 1 4 3001 
close 1.3420 2 7 6002 
close 1.3036 1 4 3002 
close 1.3019 2 7 6009 
close 1.2985 1 5 3002 
close 1.3263 1 3 3061 
close 1.3059 1 3 3003 
close 1.3270 1 3 3002 
close 1.3316 1 4 3003 
close 1.3306 1 3 3001 
close 1.3359 1 4 3002 
close 1.3578 1 3 3003 
close 1.3734 1 3 3003 
close 1.3920 1 3 3002 
close 1.3837 1 4 4498 
close 1.3976 1 5 4561 
close 1.4265 1 3 3003 
close 1.4571 1 3 3002 
close 1.4119 1 3 3001 
close 1.4058 1 3 3001 
close 1.3867 1 3 3003 
close 1.3785 1 3 3002 
close 1.3422 1 3 3001 
close 1.3350 2 8 6002 
close 1.3042 1 4 3002 
close 1.3135 1 3 2999 
close 1.2759 1 3 2999 
close 1.2687 1 3 2999 
close 1.2605 1 3 2999 
close 1.2699 1 3 2999 
close 1.2915 1 5 3005 
close 1.2911 1 3 2999 
close 1.3075 1 5 3015 
close 1.2748 1 6 3026 
close 1.2861 1 4 3007 
close 1.2804 1 3 2999 
close 1.3024 2 6 6073 
close 1.3008 1 3 2999 
close 1.3067 1 3 2999 
close 1.3028 1 3 2999 
close 1.3173 1 4 3239 
close 1.3105 1 3 2999 
close 1.3115 1 4 3000 
close 1.2858 1 4 3001 
close 1.2913 1 3 2999 
close 1.3089 1 3 2999 
close 1.2850 1 3 2999 
close 1.3163 1 3 2999 
close 1.3185 1 4 3000 
close 1.3199 2 6 6007 
close 1.3191 1 4 3000 
close 1.3235 2 7 6009 
close 1.3108 1 3 3009 
close 1.3383 1 4 3061 
close 1.3447 1 3 3009 
close 1.3440 1 3 3009 
close 1.3432 2 6 6009 
close 1.3276 2 6 6010 
close 1.3131 1 3 3009 
close 1.3370 1 3 3009 
close 1.3575 1 4 3789 
close 1.3427 1 4 3489 
close 1.3041 1 3 3009 
close 1.3157 1 4 3009 
close 1.3031 1 3 3010 
close 1.3183 1 3 3009 
close 1.3073 2 6 6008 
close 1.3138 3 9 9017 
close 1.3297 1 3 3009 
close 1.3412 1 3 3009 
close 1.3482 1 3 3009 
close 1.3353 2 6 6009 
close 1.3382 1 3 2948 
close 1.3398 1 3 2999 
close 1.3327 1 3 2999 
close 1.3381 1 3 2999 
close 1.3572 1 3 2999 
close 1.3705 1 3 2999 
close 1.3706 1 3 2999 
close 1.3608 1 3 2999 
close 1.3513 1 3 2999 
close 1.3468 1 3 2999 
close 1.3446 1 4 3000 
close 1.3234 1 3 2999 
close 1.3269 1 3 2999 
close 1.2935 1 4 3000 
close 1.2912 2 7 5999 
close 1.2630 1 3 2999 
close 1.2510 1 4 3000 
close 1.2544 1 3 2999 
close 1.2663 1 3 2999 
close 1.2751 1 3 2999 
close 1.2566 1 3 2999 
close 1.2509 1 3 2999 
close 1.2178 1 3 2999 
close 1.2289 1 3 2999 
close 1.2355 1 3 2999 
close 1.2488 1 5 3001 
close 1.2514 1 3 2999 
close 1.2508 1 3 2999 
close 1.2670 1 3 2999 
close 1.2887 1 3 3060 
close 1.2775 1 3 3009 
close 1.2731 1 3 3009 
close 1.2783 1 4 3011 
close 1.2816 1 5 3689 
close 1.2690 1 4 3030 
close 1.2867 1 3 3010 
close 1.2877 2 7 5950 
close 1.2685 1 5 4512 
close 1.2512 1 5 4930 
close 1.2459 1 3 3010 
close 1.2432 1 3 3009 
close 1.2419 1 3 3009 
close 1.2332 1 5 3016 
close 1.2495 1 7 3156 
close 1.2590 1 4 3035 
close 1.2647 1 3 2999 
close 1.2770 1 3 2999 
close 1.2955 1 3 2999 
close 1.2800 1 3 2999 
close 1.2593 1 3 2999 
close 1.2555 1 3 2999 
close 1.2823 1 3 2999 
close 1.2845 1 5 4252 
close 1.2950 1 3 3076 
close 1.2873 1 3 2999 
close 1.2948 1 3 2999 
close 1.3013 1 3 2999 
close 1.3275 1 3 2999 
close 1.3304 1 3 2999 
close 1.3142 1 3 2999 
close 1.3155 1 3 3008 
close 1.3058 1 3 3009 
close 1.3039 1 3 3008 
close 1.2927 1 3 3009 
close 1.2970 1 3 3008 
close 1.2953 1 3 3008 
close 1.2821 1 3 3008 
close 1.2941 1 3 3008 
close 1.2933 1 3 3008 
close 1.3084 1 3 3009 
close 1.3111 1 3 3068 
close 1.3121 1 3 3008 
close 1.3294 1 3 3009 
close 1.3392 1 3 3008 
close 1.3465 2 6 6008 
close 1.3592 1 4 3187 
close 1.3632 1 4 3187 
close 1.3266 1 3 3000 
close 1.3352 1 4 3001 
close 1.3271 1 3 3009 
close 1.3238 1 3 3009 
close 1.3213 1 3 3008 
close 1.3164 1 3 2999 
close 1.3356 1 3 2999 
close 1.3323 1 3 2999 
close 1.3380 1 3 2999 
close 1.3345 1 3 2939 
close 1.3328 1 3 2999 
close 1.3358 1 3 2999 
close 1.3387 1 3 2999 
close 1.3471 1 3 2999 
close 1.3399 1 3 2999 
close 1.3490 1 3 2999 
close 1.3388 1 3 2999 
close 1.3281 1 3 2999 
close 1.3366 1 3 2999 
close 1.3172 1 3 2999 
close 1.3101 1 3 2999 
close 1.3085 1 3 2999 
close 1.3145 1 3 2999 
body 0.0007 3 20 15541 
body 0.0117 2 14 10787 
body 0.0049 3 16 10481 
body -0.0070 4 16 15018 
body 0.0065 8 32 27729 
body 0.0113 4 16 14301 
body 0.0180 1 7 5539 
body -0.0105 3 13 11431 
body 0.0092 3 17 11417 
body 0.0054 6 30 23703 
body 0.0226 2 14 10529 
body 0.0033 6 30 21027 
body 0.0066 2 10 8173 
body -0.0204 1 7 5034 
body 0.0082 5 26 22456 
body -0.0182 1 7 4751 
body -0.0136 2 10 8468 
body 0.0025 6 22 20057 
body -0.0055 7 31 23089 
body -0.0047 4 21 14666 
body -0.0046 7 35 26274 
body -0.0075 3 14 11214 
body 0.0109 3 18 11231 
body -0.0171 1 7 5199 
body -0.0064 1 7 5389 
body 0.0086 4 17 14786 
body 0.0187 1 7 5228 
body 0.0024 2 11 8635 
body -0.0069 5 28 22351 
body 0.0014 3 17 12263 
body 0.0006 5 25 18906 
body 0.0121 3 15 12623 
body -0.0078 4 16 15994 
body 0.0195 1 7 6792 
body 0.0047 3 15 12923 
body -0.0021 4 16 14840 
body -0.0020 6 27 24043 
body -0.0027 4 16 15319 
body -0.0004 3 13 11777 
body 0.0067 5 19 17746 
body 0.0070 2 12 11063 
body 0.0138 1 7 5146 
body 0.0008 3 13 11445 
body -0.0007 6 34 29016 
body -0.0221 1 7 6412 
body 0.0004 2 11 9573 
body 0.0021 5 24 18712 
body 0.0270 1 7 7343 
body -0.0089 5 24 21031 
body 0.0035 6 31 27990 
body -0.0071 6 28 24919 
body 0.0208 2 13 9870 
body -0.0158 3 14 12831 
body 0.0031 5 28 24984 
body -0.0054 3 16 13417 
body -0.0014 4 21 18790 
body 0.0205 3 17 16526 
body -0.0227 1 7 6943 
body -0.0012 5 27 22832 
body 0.0056 2 10 9692 
body 0.0022 2 12 11093 
body 0.0023 3 14 13184 
body -0.0133 5 23 19260 
body -0.0090 4 20 20461 
body -0.0058 7 28 26797 
body 0.0003 2 10 10438 
body -0.0210 1 7 7079 
body -0.0061 5 27 22200 
body 0.0061 3 14 13204 
body 0.0079 1 7 7498 
body -0.0299 1 7 6463 
body 0.0126 2 11 9219 
body -0.0140 5 23 18596 
body 0.0248 2 14 12431 
body 0.0430 1 7 6557 
body -0.0065 3 13 11938 
body 0.0110 4 16 15228 
body -0.0203 1 7 6436 
body 0.0002 4 17 15248 
body -0.0117 2 10 9595 
body -0.0013 3 13 12869 
body 0.0193 2 14 9505 
body 0.0091 2 14 12296 
body -0.0045 3 13 12525 
body 0.0158 2 10 9689 
body -0.0107 2 10 9941 
body -0.0191 3 15 14140 
body -0.0042 1 7 6799 
body -0.0060 4 20 15832 
body 0.0041 6 26 21634 
body -0.0184 1 7 7028 
body -0.0123 2 10 9542 
body -0.0006 4 16 15739 
body 0.0257 2 10 11182 
body -0.0099 1 7 7337 
body -0.0231 2 10 9564 
body -0.0081 1 7 6723 
body -0.0049 5 21 20558 
body -0.0125 1 7 6798 
body 0.0122 2 11 11497 
body -0.0110 3 13 13217 
body -0.0199 2 10 9800 
body -0.0243 1 7 6821 
body 0.0020 3 19 15058 
body -0.0037 2 10 9099 
body -0.0197 1 7 6204 
body -0.0005 4 16 15633 
body -0.0487 1 7 5939 
body -0.0067 2 10 8620 
body -0.0406 1 7 5656 
body 0.0314 1 7 5660 
body -0.0148 2 11 9009 
body 0.0016 5 20 17690 
body -0.0269 1 7 5880 
body 0.0229 2 13 8600 
body -0.0098 7 26 23727 
body 0.0125 1 7 6027 
body 0.0284 1 7 5448 
body -0.0256 1 7 5618 
body -0.0128 2 10 8739 
body 0.0102 1 7 5975 
body -0.0247 1 7 5635 
body -0.0141 3 13 11632 
body -0.0057 2 13 8583 
body -0.0196 2 11 8764 
body -0.0059 2 14 8822 
body -0.0074 2 10 8971 
body 0.0190 3 13 11877 
body -0.0167 1 7 6036 
body -0.0114 2 11 8358 
body 0.0093 2 10 8640 
body -0.0127 4 18 16382 
body 0.0097 2 11 9991 
body 0.0192 3 17 11395 
body -0.0039 4 17 14337 
body -0.0267 2 10 10253 
body -0.0093 1 7 5913 
body 0.0189 2 10 6068 
body 0.0144 3 13 9069 
body 0.0316 1 7 3078 
body -0.0218 1 7 3078 
body 0.0145 2 10 6071 
body -0.0187 1 7 3087 
body -0.0025 2 11 6196 
body -0.0251 1 7 3030 
body 0.0053 5 20 15030 
body 0.0236 1 7 3075 
body 0.0217 2 10 6146 
body 0.0191 3 17 9096 
body 0.0151 3 18 9110 
body 0.0045 6 29 18123 
body -0.0188 2 11 6348 
body -0.0176 2 12 6043 
body 0.0204 2 11 6813 
body -0.0111 4 17 12041 
body -0.0119 1 7 3037 
body -0.0193 1 7 3026 
body -0.0087 2 12 6050 
body 0.0207 1 7 3040 
body -0.0149 2 10 6022 
body -0.0132 2 10 6044 
body -0.0015 6 24 18102 
body 0.0077 3 13 9026 
body -0.0246 2 11 6039 
body -0.0063 2 10 6031 
body -0.0160 1 7 3040 
body -0.0101 2 10 6032 
body -0.0053 4 20 12052 
body 0.0012 1 7 3047 
body -0.0326 2 13 6052 
body 0.0005 4 16 12096 
body -0.0249 1 7 3030 
body -0.0085 3 17 9042 
body 0.0017 1 7 3027 
body 0.0209 1 7 3032 
body 0.0286 1 7 3028 
body -0.0079 3 13 9028 
body -0.0041 3 13 9022 
body 0.0063 2 8 6013 
body 0.0115 2 9 6036 
body 0.0112 4 13 12004 
body -0.0168 2 6 5998 
body -0.0052 6 20 18061 
body 0.0135 4 13 12001 
body 0.0010 3 9 8997 
body 0.0019 4 14 11993 
body -0.0003 3 11 9003 
body 0.0073 2 6 6008 
body 0.0090 4 13 11997 
body 0.0255 1 3 2999 
body 0.0060 1 3 2999 
body -0.0195 2 6 5998 
body -0.0016 3 11 9034 
body -0.0380 1 3 2999 
body 0.0150 2 7 5999 
body -0.0144 4 14 12010 
body -0.0062 4 13 11997 
body -0.0017 4 15 12019 
body -0.0072 4 14 12001 
body 0.0089 1 3 2999 
body 0.0009 5 15 15004 
body 0.0107 2 8 6008 
body -0.0186 3 9 8997 
body -0.0048 2 6 5998 
body -0.0118 2 7 5999 
body -0.0073 4 17 12062 
body 0.0235 2 6 5998 
body -0.0175 1 3 2999 
body -0.0028 2 8 6013 
body -0.0100 2 6 5998 
body -0.0131 3 10 9011 
body -0.0056 3 10 9002 
body 0.0132 2 6 6007 
body 0.0072 1 4 3003 
body -0.0192 1 3 2999 
body -0.0233 1 3 2999 
body 0.0171 2 7 5999 
body 0.0137 2 6 5998 
body 0.0036 3 9 8997 
body -0.0092 1 3 2999 
body -0.0068 4 13 11998 
body -0.0023 4 13 12007 
body 0.0075 2 9 6017 
body 0.0085 2 6 5999 
body -0.0151 2 7 6724 
body 0.0116 3 13 9025 
body 0.0100 2 6 5998 
body -0.0002 4 15 12007 
body 0.0114 2 6 5998 
body 0.0048 3 10 8999 
body 0.0030 5 16 14937 
body -0.0153 1 3 2999 
body 0.0032 2 6 5998 
body -0.0034 4 14 12009 
body -0.0115 1 4 3000 
body -0.0156 2 6 6009 
body -0.0108 1 3 2999 
body -0.0112 2 6 6008 
body 0.0074 1 3 2999 
body 0.0303 1 3 2999 
body -0.0120 2 7 6002 
body 0.0130 2 7 6001 
body -0.0036 5 20 15541 
body -0.0285 1 3 2999 
body -0.0159 1 3 2999 
body -0.0121 1 3 2999 
body -0.0134 1 4 3060 
body -0.0356 1 3 2999 
body 0.0400 1 3 2999 
body 0.0179 2 8 6063 
body 0.0156 4 17 12045 
body -0.0082 3 10 9428 
body -0.0200 1 5 4380 
body 0.0084 2 6 5998 
body -0.0280 1 3 2999 
body 0.0174 1 3 2999 
body -0.0362 1 3 2999 
body -0.0029 1 4 3000 
body 0.0287 1 3 2999 
body -0.0088 1 3 2999 
body -0.0102 2 6 5998 
body -0.0091 1 3 2999 
body 0.0013 4 14 12002 
body 0.0148 2 7 6001 
body 0.0101 1 3 2999 
body -0.0174 1 3 2999 
body 0.0157 1 3 2999 
body 0.0222 2 7 5999 
body -0.0038 3 9 8998 
body 0.0196 1 3 2999 
body -0.0348 1 4 3000 
body 0.0275 1 3 2999 
body 0.0422 1 3 2999 
body 0.0573 1 3 2999 
body 0.0491 1 3 2999 
body 0.0585 1 4 3071 
body -0.1203 1 4 3002 
body 0.0582 1 3 2999 
body 0.0242 2 7 5999 
body 0.0227 2 6 5998 
body 0.0078 1 3 2999 
body -0.0525 1 3 2999 
body -0.0308 2 9 7680 
body 0.0406 1 3 2999 
body 0.0428 1 3 2999 
body -0.0409 1 3 2999 
body 0.0068 3 14 9002 
body 0.0103 1 3 2999 
body 0.0534 1 3 2999 
body -0.0129 4 16 12078 
body -0.0413 1 3 2999 
body 0.0347 1 3 2939 
body -0.0259 2 8 6026 
body -0.0225 1 3 2999 
body 0.0232 1 3 2999 
body -0.0456 1 3 2999 
body -0.0142 1 3 2999 
body -0.0393 1 4 3000 
body -0.0331 1 3 2999 
body 0.0295 1 3 2999 
body 0.0159 2 6 5998 
body -0.0334 1 3 2999 
body -0.0274 1 3 2999 
body -0.0236 1 3 2999 
body 0.0292 1 3 2999 
body 0.0168 1 3 2999 
body -0.0242 1 3 2999 
body -0.0252 1 3 2999 
body -0.0272 1 4 3001 
body 0.0173 2 9 6001 
body 0.0146 3 12 9305 
body -0.0163 2 6 5998 
body 0.0001 1 3 2999 
body -0.0077 4 12 11996 
body 0.0315 1 3 2999 
body 0.0095 3 10 8998 
body -0.0230 1 3 2999 
body -0.0198 2 10 6031 
body -0.0095 3 9 8997 
body -0.0124 1 3 2999 
body -0.0181 1 3 2999 
body -0.0031 2 7 6001 
body 0.0276 1 3 2999 
body -0.0224 1 3 2999 
body 0.0261 2 6 5998 
body -0.0234 1 3 2999 
body 0.0127 1 4 3001 
body -0.0084 2 8 7502 
body -0.0113 1 5 3002 
body 0.0274 2 10 6020 
body -0.0161 1 6 3005 
body -0.0211 1 4 3010 
body -0.0145 2 9 6147 
body 0.0230 1 4 3004 
body -0.0094 2 10 6733 
body -0.0147 1 3 3059 
body 0.0142 2 6 5998 
body 0.0029 2 8 6100 
body 0.0120 2 7 6009 
body -0.0154 2 8 6516 
body -0.0066 3 9 8937 
body -0.0030 1 3 2999 
body -0.0008 5 20 15042 
body -0.0050 2 8 6056 
body 0.0040 3 11 9089 
body 0.0152 1 3 2999 
body 0.0046 1 3 2999 
body 0.0028 4 14 12069 
body -0.0155 1 3 2999 
body 0.0183 1 3 2999 
body 0.0181 1 3 2999 
body 0.0055 4 16 13771 
body -0.0040 1 7 3080 
body 0.0081 2 9 6045 
body 0.0266 1 4 3017 
body 0.0337 1 5 3044 
body 0.0015 3 9 8997 
body 0.0176 2 7 6000 
body -0.0215 1 5 3061 
body 0.0241 1 3 2999 
body -0.0051 2 7 5999 
body 0.0134 1 5 3017 
body 0.0133 3 11 8999 
body 0.0076 4 15 12013 
body 0.0059 2 6 5998 
body 0.0104 2 9 6032 
body -0.0103 1 3 2999 
body -0.0026 1 4 3000 
body -0.0130 1 5 3021 
body 0.0062 2 10 6015 
body 0.0064 2 8 6069 
body -0.0022 2 7 5999 
body 0.0099 1 3 2999 
body 0.0141 1 4 3001 
body -0.0009 4 13 12011 
body 0.0050 4 14 12012 
body 0.0136 1 4 3002 
body -0.0157 1 3 2999 
body 0.0299 1 3 3000 
body -0.0185 2 8 6030 
body 0.0027 1 3 3000 
body -0.0019 2 6 6001 
body 0.0182 1 3 3001 
body 0.0018 2 6 6000 
body 0.0185 1 3 3003 
body 0.0034 1 3 2999 
body -0.0043 3 11 9014 
body -0.0116 1 5 3003 
body 0.0111 2 8 6011 
body 0.0051 1 5 3059 
body 0.0231 1 6 5953 
body 0.0000 1 7 10080 
body -0.0035 2 6 5948 
body -0.0010 2 9 7771 
body 0.0288 1 7 3044 
body 0.0160 1 6 3035 
body -0.0288 1 6 3008 
body 0.0177 1 5 2944 
body -0.0212 2 7 6002 
body -0.0241 1 5 3003 
body 0.0220 3 9 9002 
body 0.0194 1 3 3000 
body 0.0238 1 4 3002 
body 0.0011 3 12 9013 
body 0.0213 1 3 3001 
body -0.0044 3 10 9018 
body 0.0037 2 7 6000 
body -0.0384 1 4 3002 
body -0.0018 1 4 3001 
body 0.0279 1 3 3061 
body -0.0205 1 3 3003 
body 0.0210 1 3 3002 
body 0.0044 2 8 6003 
body 0.0186 1 3 3002 
body 0.0139 1 5 4561 
body 0.0291 1 3 3003 
body 0.0310 1 3 3002 
body -0.0451 1 3 3001 
body -0.0367 1 3 3000 
body -0.0376 1 3 2999 
body -0.0083 1 3 2999 
body 0.0094 2 7 6034 
body 0.0216 1 5 3005 
body -0.0257 1 4 3001 
body -0.0239 1 3 2999 
body 0.0313 1 3 2999 
body -0.0126 3 10 9047 
body 0.0161 1 3 3009 
body 0.0240 1 3 3009 
body -0.0189 1 3 3009 
body 0.0154 1 3 3009 
body 0.0069 1 3 3009 
body -0.0097 1 3 2999 
body -0.0237 1 4 3000 
body -0.0282 1 3 2999 
body 0.0088 1 3 2999 
body 0.0164 1 3 2999 
body 0.0172 1 3 3010 
body -0.0173 1 5 4930 
body 0.0163 1 7 3156 
body 0.0057 2 6 5998 
body 0.0123 1 3 2999 
body 0.0043 1 3 2999 
body 0.0118 1 3 2999 
body -0.0206 1 3 2999 
body 0.0267 1 3 2999 
body 0.0105 1 3 3076 
body 0.0206 1 3 3074 
body -0.0135 1 3 3008 
body 0.0249 1 3 3008 
body -0.0080 1 3 3008 
body 0.0149 1 3 3009 
body -0.0357 1 3 3000 
body 0.0087 1 4 3001 
body -0.0024 1 3 3008 
body 0.0083 1 3 2999 
body -0.0194 1 3 2999 
body 0.0026 1 3 2999 
up 0.0107 5 25 21197 
up 0.0015 15 56 51296 
up 0.0065 7 33 22513 
up 0.0055 6 29 21040 
up 0.0016 14 68 58395 
up 0.0048 9 47 34394 
up 0.0039 11 49 37422 
up 0.0028 10 41 38470 
up 0.0112 2 10 8348 
up 0.0097 6 33 21641 
up 0.0042 8 37 25763 
up 0.0078 8 39 31346 
up 0.0067 8 39 30084 
up 0.0013 16 68 55258 
up 0.0105 4 18 13693 
up 0.0066 5 26 22283 
up 0.0038 13 65 53827 
up 0.0102 2 10 8052 
up 0.0019 13 62 45341 
up 0.0134 4 24 17549 
up 0.0154 2 14 8258 
up 0.0008 10 44 34341 
up 0.0032 11 52 43137 
up 0.0043 17 89 79453 
up 0.0045 8 33 27660 
up 0.0001 14 54 48440 
up 0.0068 11 64 45688 
up 0.0076 9 36 34447 
up 0.0027 11 45 42209 
up 0.0018 3 14 13477 
up 0.0064 7 31 24962 
up 0.0011 8 39 31958 
up 0.0109 4 16 15185 
up 0.0034 13 53 42368 
up 0.0046 9 41 33938 
up 0.0084 2 14 8829 
up 0.0009 17 70 56968 
up 0.0115 6 26 20502 
up 0.0017 15 59 52976 
up 0.0082 5 23 20825 
up 0.0010 9 36 30423 
up 0.0075 4 17 15985 
up 0.0087 4 24 23395 
up 0.0091 1 7 6853 
up 0.0041 4 23 15902 
up 0.0118 6 28 22341 
up 0.0044 7 33 25393 
up 0.0012 18 69 65010 
up 0.0116 5 27 18917 
up 0.0040 9 34 30693 
up 0.0092 6 30 21950 
up 0.0004 5 24 19264 
up 0.0002 8 31 29942 
up 0.0014 13 54 43243 
up 0.0071 7 26 25184 
up 0.0073 9 37 35248 
up 0.0000 6 30 31507 
up 0.0023 10 43 36488 
up 0.0146 3 19 14898 
up 0.0191 2 10 9229 
up 0.0050 11 49 42474 
up 0.0053 5 22 18654 
up 0.0072 6 23 21543 
up 0.0007 8 36 31929 
up 0.0026 17 67 60371 
up 0.0095 5 19 18440 
up 0.0051 5 25 18850 
up 0.0030 12 53 41830 
up 0.0035 8 33 30194 
up 0.0074 8 37 33084 
up 0.0062 8 32 29316 
up 0.0021 14 51 48661 
up 0.0036 13 54 45724 
up 0.0063 9 38 30969 
up 0.0054 12 56 45241 
up 0.0049 12 51 40331 
up 0.0005 13 62 55074 
up 0.0029 12 50 39560 
up 0.0153 3 13 12266 
up 0.0182 2 11 9100 
up 0.0006 10 42 36206 
up 0.0213 1 7 5951 
up 0.0025 9 32 30232 
up 0.0094 5 19 18573 
up 0.0185 1 7 5997 
up 0.0139 6 25 20626 
up 0.0148 1 7 5520 
up 0.0020 13 52 44547 
up 0.0086 4 16 15024 
up 0.0031 12 50 38665 
up 0.0126 1 7 5769 
up 0.0204 1 7 5441 
up 0.0052 12 48 38718 
up 0.0117 3 13 11772 
up 0.0129 3 17 12115 
up 0.0120 5 23 17652 
up 0.0159 2 10 8278 
up 0.0141 1 7 3071 
up 0.0060 4 16 12075 
up 0.0224 1 7 3058 
up 0.0104 2 10 6075 
up 0.0077 12 50 36238 
up 0.0081 4 20 12059 
up 0.0093 3 17 9097 
up 0.0123 1 7 3024 
up 0.0089 4 17 12053 
up 0.0133 1 7 3045 
up 0.0079 7 26 21088 
up 0.0140 1 7 3032 
up 0.0024 12 42 36035 
up 0.0172 1 7 3033 
up 0.0168 2 13 6057 
up 0.0100 4 13 12012 
up 0.0101 4 12 12056 
up 0.0096 1 3 2999 
up 0.0080 5 19 16741 
up 0.0022 13 43 38963 
up 0.0119 2 6 6007 
up 0.0033 10 35 30527 
up 0.0228 1 4 3000 
up 0.0037 5 18 15033 
up 0.0103 3 14 9043 
up 0.0122 3 11 9001 
up 0.0114 1 3 2999 
up 0.0099 1 3 2999 
up 0.0178 1 3 2999 
up 0.0090 2 7 5999 
up 0.0108 1 3 2999 
up 0.0047 8 29 24083 
up 0.0083 4 15 12010 
up 0.0057 5 17 15002 
up 0.0184 1 4 3018 
up 0.0142 1 3 2999 
up 0.0003 3 11 9789 
up 0.0124 3 9 9006 
up 0.0137 1 4 3000 
up 0.0070 3 10 8999 
up 0.0497 1 3 2999 
up 0.0313 1 4 3071 
up 0.0167 1 4 3002 
up 0.0660 1 3 2999 
up 0.0422 1 3 2999 
up 0.0195 1 4 3004 
up 0.0145 1 5 4609 
up 0.0227 2 9 7687 
up 0.0106 2 6 5998 
up 0.0202 1 3 2999 
up 0.0138 4 13 13624 
up 0.0088 3 11 9029 
up 0.0131 1 3 2999 
up 0.0207 1 4 3000 
up 0.0239 1 3 2999 
up 0.0058 5 15 15005 
up 0.0128 3 9 9016 
up 0.0149 2 7 6000 
up 0.0155 1 3 3028 
up 0.0174 2 6 5998 
up 0.0132 1 3 2999 
up 0.0110 5 19 14978 
up 0.0199 1 4 3002 
up 0.0493 1 3 2999 
up 0.0176 1 3 2999 
up 0.0135 1 4 3000 
up 0.0059 3 12 9007 
up 0.0165 1 5 3001 
up 0.0061 5 26 15113 
up 0.0210 1 3 2999 
up 0.0056 3 9 9006 
up 0.0085 2 7 5999 
up 0.0069 2 6 5946 
up 0.0372 1 7 4413 
up 0.0164 1 4 3001 
up 0.0151 1 5 3006 
up 0.0158 1 3 3000 
up 0.0244 1 3 2940 
up 0.0229 1 3 2999 
up 0.0098 1 5 3005 
up 0.0222 1 3 2999 
up 0.0152 1 3 3000 
down 0.0031 5 22 17341 
down 0.0015 15 66 57356 
down 0.0054 12 62 48730 
down 0.0063 7 28 24013 
down 0.0137 1 7 5408 
down 0.0033 6 25 20323 
down 0.0017 15 66 58032 
down 0.0040 15 62 57136 
down 0.0028 13 65 52708 
down 0.0003 14 65 48381 
down 0.0018 9 41 31152 
down 0.0126 1 7 5121 
down 0.0065 9 44 29293 
down 0.0013 15 63 53853 
down 0.0005 16 72 62460 
down 0.0029 11 48 39029 
down 0.0011 12 55 49139 
down 0.0044 11 48 38916 
down 0.0066 11 50 39783 
down 0.0090 3 20 17970 
down 0.0080 4 25 18036 
down 0.0092 2 10 8157 
down 0.0038 7 31 23258 
down 0.0039 9 32 29335 
down 0.0030 10 50 41847 
down 0.0010 10 44 33976 
down 0.0084 5 21 18540 
down 0.0098 2 10 9248 
down 0.0043 9 39 31033 
down 0.0102 5 26 24699 
down 0.0024 17 75 65285 
down 0.0020 15 73 57626 
down 0.0049 9 35 31123 
down 0.0071 12 53 42882 
down 0.0075 2 10 8905 
down 0.0012 11 44 36213 
down 0.0077 3 13 12309 
down 0.0095 4 19 15288 
down 0.0021 12 50 38821 
down 0.0007 10 52 38224 
down 0.0035 14 54 44850 
down 0.0108 4 26 14623 
down 0.0022 18 77 69414 
down 0.0019 11 51 38922 
down 0.0014 14 58 49848 
down 0.0134 2 10 9660 
down 0.0016 13 56 53739 
down 0.0093 8 41 32241 
down 0.0106 6 25 21980 
down 0.0006 8 32 31887 
down 0.0048 8 29 27852 
down 0.0109 5 23 22415 
down 0.0037 9 43 31017 
down 0.0026 14 64 49530 
down 0.0067 8 36 31118 
down 0.0100 5 23 19454 
down 0.0042 5 24 20571 
down 0.0059 7 25 25181 
down 0.0023 16 67 61698 
down 0.0000 5 24 25545 
down 0.0116 3 17 14752 
down 0.0027 15 66 55307 
down 0.0052 9 36 30802 
down 0.0158 1 7 5940 
down 0.0046 12 55 51616 
down 0.0082 3 17 12566 
down 0.0068 4 16 15643 
down 0.0057 17 65 57122 
down 0.0061 9 37 30838 
down 0.0001 9 40 32261 
down 0.0070 5 19 19354 
down 0.0032 8 34 27590 
down 0.0101 6 26 22046 
down 0.0091 4 18 15734 
down 0.0127 3 17 15145 
down 0.0050 9 41 32932 
down 0.0115 4 18 15170 
down 0.0053 8 38 30330 
down 0.0241 1 7 5690 
down 0.0047 6 25 20606 
down 0.0166 2 12 9042 
down 0.0069 7 26 23526 
down 0.0004 11 49 37073 
down 0.0099 3 17 11744 
down 0.0085 5 20 17979 
down 0.0034 6 32 23501 
down 0.0168 2 10 8856 
down 0.0189 1 7 5634 
down 0.0045 13 56 45241 
down 0.0060 9 33 29783 
down 0.0081 4 20 15039 
down 0.0055 4 21 16059 
down 0.0041 10 44 32843 
down 0.0088 6 24 18084 
down 0.0051 5 21 15104 
down 0.0119 3 13 9064 
down 0.0078 3 13 9084 
down 0.0076 6 22 18022 
down 0.0103 3 14 9042 
down 0.0096 6 28 18073 
down 0.0073 7 27 21051 
down 0.0086 4 16 12104 
down 0.0036 6 26 18204 
down 0.0142 3 14 9028 
down 0.0079 5 23 15185 
down 0.0072 2 11 7642 
down 0.0153 1 7 4347 
down 0.0235 1 5 3014 
down 0.0056 5 16 14936 
down 0.0002 8 27 24060 
down 0.0094 3 11 9118 
down 0.0009 13 44 39105 
down 0.0104 2 6 5998 
down 0.0089 4 14 12001 
down 0.0138 1 3 2999 
down 0.0074 5 20 15014 
down 0.0114 3 10 9058 
down 0.0025 7 23 21007 
down 0.0058 7 24 22432 
down 0.0064 4 14 13617 
down 0.0170 1 3 2999 
down 0.0143 1 3 2999 
down 0.0008 4 13 12001 
down 0.0062 5 18 15045 
down 0.0129 3 9 8998 
down 0.0113 5 17 15032 
down 0.0173 2 8 6000 
down 0.0123 2 7 6003 
down 0.0128 2 7 6000 
down 0.0124 1 3 2999 
down 0.0105 4 13 11997 
down 0.0111 3 9 8997 
down 0.0132 3 9 9000 
down 0.0083 5 18 15053 
down 0.0097 1 3 2999 
down 0.0151 3 13 9041 
down 0.0240 1 4 3004 
down 0.0225 1 3 2999 
down 0.0188 1 3 2999 
down 0.0140 1 3 2999 
down 0.0141 3 10 8998 
down 0.0159 1 3 2999 
down 0.0130 3 12 9001 
down 0.0087 3 9 8999 
down 0.0180 1 3 2999 
down 0.0216 1 3 2999 
down 0.0139 1 3 2999 
down 0.0144 2 8 6000 
down 0.0148 1 4 3000 
down 0.0118 2 6 5998 
down 0.0131 2 10 6002 
down 0.0145 2 9 6004 
down 0.0149 1 5 3152 
down 0.0161 2 8 6002 
down 0.0274 1 6 3094 
down 0.0117 1 4 3120 
down 0.0186 1 4 3003 
down 0.0107 1 5 3002 
down 0.0233 1 4 3001 
down 0.0120 2 8 6003 
down 0.0155 1 5 3002 
down 0.0227 1 3 3003 
down 0.0147 1 3 3003 
down 0.0156 1 3 3001 
down 0.0184 1 4 3002 
down 0.0193 1 3 2999 
down 0.0146 1 3 2999 
down 0.0178 1 3 2999 
down 0.0136 1 3 2999 
down 0.0187 1 3 2999 
down 0.0112 1 5 3689 
down 0.0154 1 3 3010 
down 0.0110 1 3 2999 
