open 0.5249 1 7 7571 
open 0.5328 1 7 7825 
open 0.5411 1 7 7760 
open 0.5404 1 7 7963 
open 0.5491 1 7 8021 
open 0.5483 1 7 8131 
open 0.5475 1 7 7989 
open 0.5537 1 7 7969 
open 0.5653 1 7 7794 
open 0.5658 1 7 7458 
open 0.5462 1 7 7198 
open 0.5492 1 7 6778 
open 0.5474 1 7 7018 
open 0.5510 1 7 6802 
open 0.5467 1 7 7130 
open 0.5567 1 7 7515 
open 0.5523 1 7 7194 
open 0.5616 1 7 7013 
open 0.5682 1 7 6834 
open 0.5748 1 7 6740 
open 0.5809 1 7 6956 
open 0.5756 1 7 6838 
open 0.5815 1 7 6670 
open 0.5768 1 7 7189 
open 0.5845 1 7 6817 
open 0.5852 1 7 6910 
open 0.5944 1 7 6733 
open 0.5874 1 7 6633 
open 0.5847 1 7 6872 
open 0.5824 1 7 6872 
open 0.5823 1 7 6640 
open 0.5789 1 7 6705 
open 0.5889 1 7 6980 
open 0.5882 1 7 6731 
open 0.5669 1 7 6788 
open 0.5674 1 7 6822 
open 0.5812 1 7 6871 
open 0.5836 1 7 6766 
open 0.5951 2 10 9673 
open 0.5998 1 7 6815 
open 0.5981 1 7 6702 
open 0.5936 1 7 6878 
open 0.6067 1 7 6986 
open 0.6110 1 7 6776 
open 0.6161 1 7 6971 
open 0.6253 2 10 9400 
open 0.6367 1 7 6612 
open 0.6413 1 7 6786 
open 0.6458 1 7 6875 
open 0.6474 1 7 6676 
open 0.6452 1 7 6868 
open 0.6469 2 12 11550 
open 0.6545 1 7 4505 
open 0.6705 1 7 3086 
open 0.6798 1 7 3101 
open 0.6709 2 10 6105 
open 0.6724 1 7 3084 
open 0.6813 2 11 6097 
open 0.7000 2 10 6108 
open 0.6994 2 10 6079 
open 0.6867 1 7 3065 
open 0.6676 1 7 3086 
open 0.6588 3 13 9068 
open 0.6500 1 7 3076 
open 0.6501 1 7 3019 
open 0.6677 2 10 6081 
open 0.6590 2 11 6087 
open 0.6343 1 7 3079 
open 0.6214 1 7 3076 
open 0.6228 1 7 3073 
open 0.6361 1 7 3078 
open 0.6115 1 7 3097 
open 0.6063 1 7 3089 
open 0.6218 1 7 3041 
open 0.6224 1 7 3032 
open 0.6209 2 10 6039 
open 0.6275 1 7 3036 
open 0.6246 1 7 3035 
open 0.6355 1 7 3049 
open 0.6566 1 7 3046 
open 0.6526 1 7 3039 
open 0.6387 1 7 3034 
open 0.6291 1 7 3033 
open 0.6460 1 7 3039 
open 0.6539 1 7 3036 
open 0.6637 1 7 3037 
open 0.6485 1 7 3037 
open 0.6546 1 7 3038 
open 0.6535 1 7 3039 
open 0.6569 1 7 3031 
open 0.6621 1 7 3033 
open 0.6696 1 7 3037 
open 0.6738 1 7 3035 
open 0.6772 1 7 3031 
open 0.6898 2 10 6042 
open 0.6874 1 7 3097 
open 0.6901 1 7 3044 
open 0.6842 1 7 3033 
open 0.7075 1 7 3045 
open 0.7110 1 7 3040 
open 0.7183 1 7 3040 
open 0.7145 1 7 3031 
open 0.7175 1 7 3034 
open 0.7111 2 12 6045 
open 0.7128 4 16 13352 
open 0.6988 1 7 3039 
open 0.7062 1 4 3015 
open 0.7014 1 3 2999 
open 0.7148 2 7 6007 
open 0.7141 2 6 5998 
open 0.7040 2 6 5998 
open 0.7131 1 3 2999 
open 0.7210 1 3 2999 
open 0.7267 2 6 6006 
open 0.7387 1 3 2999 
open 0.7447 2 6 5998 
open 0.7169 1 3 2939 
open 0.7082 1 3 2999 
open 0.7106 3 9 8937 
open 0.7264 1 4 3004 
open 0.7232 1 3 2999 
open 0.7330 1 3 2999 
open 0.7268 1 3 2999 
open 0.7127 1 3 2999 
open 0.6967 2 6 5998 
open 0.7135 2 6 5998 
open 0.7133 1 3 2999 
open 0.6722 1 3 2999 
open 0.6719 2 6 5998 
open 0.6785 1 3 2999 
open 0.6799 1 3 2999 
open 0.6908 1 3 2999 
open 0.6965 1 4 3000 
open 0.6952 1 3 2999 
open 0.6949 1 3 2999 
open 0.7078 1 3 3007 
open 0.7004 2 6 6008 
open 0.6902 1 3 2999 
open 0.6941 1 3 2999 
open 0.6970 2 6 5998 
open 0.7002 1 3 3059 
open 0.6919 3 11 9489 
open 0.6872 1 3 2999 
open 0.6846 1 3 2999 
open 0.6935 2 7 5999 
open 0.7038 1 3 2999 
open 0.7027 1 3 2999 
open 0.7065 1 3 2999 
open 0.6782 1 3 2999 
open 0.6805 1 3 2999 
open 0.6862 2 6 5998 
open 0.6856 1 3 2999 
open 0.6865 1 3 2999 
open 0.6841 1 4 3000 
open 0.6748 1 3 2999 
open 0.6736 2 7 5999 
open 0.6580 1 4 3000 
open 0.6652 1 3 2999 
open 0.6510 1 4 3003 
open 0.6463 1 3 2999 
open 0.6248 1 3 2939 
open 0.6048 1 3 2999 
open 0.6143 1 3 2999 
open 0.6243 1 3 3000 
open 0.6332 1 3 3000 
open 0.6302 1 3 2999 
open 0.6396 1 3 2999 
open 0.6244 1 4 3001 
open 0.6226 1 3 2999 
open 0.6351 2 7 5999 
open 0.6301 1 3 2999 
open 0.6230 1 3 2999 
open 0.6172 1 3 2999 
open 0.6042 1 3 2999 
open 0.6186 1 4 3000 
open 0.6250 1 3 2999 
open 0.6220 1 3 2999 
open 0.6317 1 4 3001 
open 0.6416 1 3 2999 
open 0.6363 1 3 2999 
open 0.6499 2 7 5999 
open 0.6543 1 3 2999 
open 0.6577 1 3 2999 
open 0.6567 1 3 2999 
open 0.6627 1 3 2999 
open 0.6632 3 10 9005 
open 0.6561 1 3 3059 
open 0.6718 1 3 2999 
open 0.6664 1 3 2999 
open 0.6592 1 3 3000 
open 0.6702 1 3 2999 
open 0.6776 2 7 6000 
open 0.6853 1 3 2999 
open 0.6930 1 3 2999 
open 0.6946 1 4 4380 
open 0.7019 4 13 13377 
open 0.7074 1 3 2999 
open 0.6870 1 3 2999 
open 0.6927 1 3 2999 
open 0.7011 1 3 2999 
open 0.6896 1 3 2999 
open 0.6880 3 11 9107 
open 0.6934 2 6 5998 
open 0.7061 1 3 2999 
open 0.7005 1 3 2999 
open 0.6784 1 3 2999 
open 0.7100 1 3 2999 
open 0.7211 1 3 2999 
open 0.7283 1 3 2999 
open 0.7475 2 9 6008 
open 0.7443 1 3 2999 
open 0.7374 1 3 2999 
open 0.7326 1 3 2999 
open 0.7329 1 3 2999 
open 0.7290 1 3 2999 
open 0.7303 1 3 2999 
open 0.7530 1 3 2999 
open 0.7487 1 3 2999 
open 0.7580 1 3 2999 
open 0.7636 1 3 2999 
open 0.7813 1 4 3007 
open 0.7815 1 3 2999 
open 0.7931 1 3 2999 
open 0.8012 1 3 2999 
open 0.7661 1 3 3002 
open 0.7698 1 3 2999 
open 0.7059 1 4 3018 
open 0.7068 2 7 6000 
open 0.7043 1 3 2999 
open 0.6879 1 3 2999 
open 0.7353 1 3 2999 
open 0.7441 1 3 2999 
open 0.7526 1 3 2999 
open 0.7625 1 4 3000 
open 0.7501 1 3 2999 
open 0.7556 1 3 3059 
open 0.7728 1 3 2999 
open 0.7693 1 3 2999 
open 0.7614 1 4 3000 
open 0.7519 1 4 3000 
open 0.7727 1 3 2999 
open 0.7722 1 4 3001 
open 0.7864 1 3 2999 
open 0.7537 1 5 4380 
open 0.7673 1 5 5819 
open 0.7739 1 4 3000 
open 0.7742 1 3 2999 
open 0.7692 2 7 6685 
open 0.7632 1 3 2999 
open 0.7823 1 3 2999 
open 0.7865 3 13 9017 
open 0.7837 1 3 2999 
open 0.7986 1 3 2999 
open 0.8153 2 6 5998 
open 0.8028 1 3 2999 
open 0.8063 1 3 2999 
open 0.7988 1 3 2999 
open 0.8044 1 3 2939 
open 0.7883 1 3 2999 
open 0.7967 1 3 2999 
open 0.7921 1 3 2999 
open 0.7937 1 3 2999 
open 0.7817 1 3 2999 
open 0.7760 1 4 3000 
open 0.7558 1 3 2999 
open 0.7769 1 3 2999 
open 0.7850 1 3 2999 
open 0.7695 1 3 2999 
open 0.7548 1 3 2999 
open 0.7586 1 3 2999 
open 0.7567 1 3 2999 
open 0.7597 1 3 2999 
open 0.7565 1 3 2999 
open 0.7706 1 3 2999 
open 0.7337 2 9 6020 
open 0.7198 1 3 2999 
open 0.7020 1 3 2999 
open 0.6839 1 3 2999 
open 0.6532 1 4 3000 
open 0.6598 1 3 2999 
open 0.6821 1 3 2999 
open 0.6728 2 6 5998 
open 0.6003 1 3 2999 
open 0.5966 1 3 2999 
open 0.5891 1 4 3071 
open 0.5799 1 4 3003 
open 0.5964 1 3 2999 
open 0.5560 1 3 2999 
open 0.5423 1 3 2999 
open 0.5507 1 3 2999 
open 0.5339 1 3 2999 
open 0.5432 1 3 2999 
open 0.5928 1 5 3116 
open 0.5740 1 5 4799 
open 0.5818 1 4 4377 
open 0.5912 1 3 2999 
open 0.5409 1 3 2999 
open 0.5335 1 3 2999 
open 0.5244 1 3 2999 
open 0.5080 1 3 2999 
open 0.5255 1 3 2999 
open 0.5105 1 3 2999 
open 0.5089 1 3 2999 
open 0.5045 1 3 2999 
open 0.5116 1 3 2999 
open 0.5445 1 3 2999 
open 0.5691 1 3 2939 
open 0.5664 1 4 3000 
open 0.5775 1 3 2999 
open 0.5800 1 3 2999 
open 0.5565 1 3 2999 
open 0.5637 1 3 2999 
open 0.5875 1 3 2999 
open 0.5922 1 5 3001 
open 0.6056 1 3 2999 
open 0.6156 1 3 2999 
open 0.6353 1 3 2999 
open 0.6329 1 3 2999 
open 0.6312 1 3 2999 
open 0.6389 1 3 2999 
open 0.6407 1 3 2999 
open 0.6486 1 3 2999 
open 0.6582 2 6 5998 
open 0.6482 1 3 2999 
open 0.6809 1 3 2999 
open 0.6737 1 3 2999 
open 0.6975 2 7 5999 
open 0.7123 1 3 2999 
open 0.7181 1 3 2999 
open 0.7235 3 11 9010 
open 0.7360 3 14 9215 
open 0.7425 2 7 5939 
open 0.7572 1 3 3059 
open 0.7218 2 7 6009 
open 0.7238 1 3 2999 
open 0.7397 1 3 2999 
open 0.7454 1 3 3028 
open 0.7320 1 3 2999 
open 0.7231 2 6 6000 
open 0.7223 2 6 5938 
open 0.7195 2 6 5998 
open 0.7037 2 7 7617 
open 0.7227 1 4 4618 
open 0.7372 2 9 6033 
open 0.7388 1 3 2999 
open 0.7219 1 3 2999 
open 0.7066 2 8 6002 
open 0.6977 1 3 2999 
open 0.6929 2 6 5998 
open 0.6940 1 3 2999 
open 0.7022 2 6 5949 
open 0.7067 1 3 2999 
open 0.7152 1 3 2999 
open 0.7097 1 5 3001 
open 0.7177 1 3 2999 
open 0.7247 1 3 2999 
open 0.6819 2 8 6019 
open 0.6673 1 3 2999 
open 0.6800 1 4 3000 
open 0.6976 1 3 2999 
open 0.7125 1 3 2999 
open 0.6851 1 3 2999 
open 0.7033 1 3 2999 
open 0.7213 1 4 3001 
open 0.7224 1 7 3003 
open 0.7295 1 6 3002 
open 0.7117 2 11 6009 
open 0.7132 1 6 3020 
open 0.7012 1 4 3000 
open 0.7272 3 12 9050 
open 0.7315 1 4 3003 
open 0.7516 2 9 6076 
open 0.7575 1 4 3003 
open 0.7523 1 5 3046 
open 0.7463 1 3 3059 
open 0.7802 1 3 2999 
open 0.7702 2 9 6004 
open 0.7604 1 6 3153 
open 0.7486 1 4 3001 
open 0.7469 1 7 3014 
open 0.7399 1 3 3000 
open 0.7411 1 7 3766 
open 0.7668 1 4 3271 
open 0.7574 1 5 3003 
open 0.7631 1 5 3027 
open 0.7653 1 5 3020 
open 0.7716 1 5 3003 
open 0.7732 1 4 3000 
open 0.7712 1 4 3001 
open 0.7541 1 4 3005 
open 0.7452 2 7 6001 
open 0.7423 1 3 2999 
open 0.7362 1 3 2999 
open 0.7618 1 4 3001 
open 0.7772 1 3 2999 
open 0.7873 1 7 3080 
open 0.7956 2 9 6030 
open 0.8020 1 4 3047 
open 0.7923 1 4 3041 
open 0.7907 1 3 2999 
open 0.7898 2 8 6006 
open 0.7976 1 3 2999 
open 0.8152 1 3 2999 
open 0.8223 1 3 2999 
open 0.8060 1 3 2999 
open 0.8142 1 3 2999 
open 0.8264 1 4 3262 
open 0.8270 1 3 2999 
open 0.8484 1 3 2999 
open 0.8583 1 3 2999 
open 0.8715 1 3 2999 
open 0.8656 1 4 3001 
open 0.8088 1 3 2999 
open 0.8354 1 3 2999 
open 0.8285 1 3 2999 
open 0.8525 1 6 3058 
open 0.8337 1 7 3090 
open 0.8184 1 7 3019 
open 0.7994 1 5 3040 
open 0.7744 1 4 3021 
open 0.7655 1 5 3052 
open 0.7953 1 6 3043 
open 0.7928 1 4 3003 
open 0.7991 1 5 3090 
open 0.7854 1 3 2999 
open 0.7789 2 10 6043 
open 0.7647 2 6 5998 
open 0.7396 1 4 3035 
open 0.7805 1 3 2999 
open 0.7492 1 3 2999 
open 0.7677 1 4 3420 
open 0.7869 1 3 2999 
open 0.7969 1 3 2999 
open 0.8023 1 3 2999 
open 0.8162 1 4 3000 
open 0.8324 1 3 2999 
open 0.8326 1 3 2999 
open 0.8322 2 9 6065 
open 0.8280 1 3 2999 
open 0.8344 1 3 2999 
open 0.8086 1 3 3008 
open 0.8117 1 3 2939 
open 0.8176 1 6 3020 
open 0.8151 1 4 3011 
open 0.8192 1 3 2999 
open 0.8156 1 3 2999 
open 0.8146 2 6 6007 
open 0.8074 1 3 2999 
open 0.7840 1 3 2999 
open 0.7524 1 3 2999 
open 0.7759 1 4 3001 
open 0.8003 1 3 2999 
open 0.7924 1 3 2999 
open 0.8034 1 3 2999 
open 0.7946 2 7 6009 
open 0.7999 1 3 3000 
open 0.7905 1 3 2999 
open 0.8084 1 4 3000 
open 0.8120 1 3 2999 
open 0.8066 1 3 2999 
open 0.8137 1 3 2999 
open 0.8010 1 6 3023 
open 0.8207 1 3 2999 
open 0.8296 1 3 2999 
open 0.8244 1 3 3000 
open 0.8208 1 4 3000 
open 0.8164 1 6 3023 
open 0.8209 1 5 3007 
open 0.8200 3 14 9070 
open 0.8213 1 4 3003 
open 0.8190 2 7 6000 
open 0.8102 1 3 2999 
open 0.8236 1 3 2999 
open 0.8290 1 4 3000 
open 0.8429 1 4 3004 
open 0.8341 1 7 4822 
open 0.8333 1 4 3000 
open 0.8392 1 3 2999 
open 0.8407 1 3 2999 
open 0.8416 1 5 3001 
open 0.8361 1 3 3001 
open 0.8387 1 5 3001 
open 0.8452 1 4 3000 
open 0.8360 1 4 3001 
open 0.8267 1 3 2999 
open 0.8273 1 4 3000 
open 0.8165 1 3 2999 
open 0.8256 1 4 3000 
open 0.8369 3 11 9066 
open 0.8415 1 3 2999 
open 0.8584 1 3 2999 
open 0.8442 1 3 2999 
open 0.8469 1 3 2999 
open 0.8504 1 3 2999 
open 0.8460 1 4 3000 
open 0.8240 1 3 2999 
open 0.8054 1 3 2999 
open 0.8094 1 3 2999 
open 0.7958 1 3 2999 
open 0.7952 1 4 3000 
open 0.7855 2 7 6000 
open 0.7773 2 7 6118 
open 0.7929 1 4 3725 
open 0.7970 2 9 6015 
open 0.7940 1 3 3000 
open 0.8037 1 3 3000 
open 0.7811 2 8 6015 
open 0.7893 2 8 6036 
open 0.8128 1 3 3000 
open 0.8364 1 5 3002 
open 0.8239 1 3 3000 
open 0.8307 1 3 3000 
open 0.8299 1 3 3000 
open 0.8420 1 4 3007 
open 0.8417 1 4 3063 
open 0.8263 1 3 3002 
open 0.8375 1 5 3013 
open 0.8283 1 5 3013 
open 0.8269 1 5 3008 
open 0.8147 1 4 3006 
open 0.8196 1 5 3003 
open 0.8255 1 3 3001 
open 0.8235 1 7 5882 
open 0.8171 1 6 4740 
open 0.8260 1 3 3002 
open 0.8331 1 3 3000 
open 0.8304 1 3 3002 
open 0.8214 1 5 3004 
open 0.8221 1 4 3005 
open 0.8317 1 3 3000 
open 0.8271 1 3 3000 
open 0.8308 1 3 3001 
open 0.8411 1 4 3001 
open 0.8515 1 3 2999 
open 0.8530 1 3 2999 
open 0.8597 1 5 2943 
open 0.8569 1 4 3002 
open 0.8713 1 4 3001 
open 0.8623 1 5 3003 
open 0.8606 1 3 3001 
open 0.8611 1 3 3000 
open 0.8650 1 3 3000 
open 0.8660 1 3 3000 
open 0.8571 1 4 3002 
open 0.8490 1 3 3001 
open 0.8423 1 3 3000 
open 0.8607 1 4 3001 
open 0.8717 1 4 3003 
open 0.8729 1 3 3000 
open 0.8768 1 4 3001 
open 0.8819 1 4 3001 
open 0.8712 1 3 3000 
open 0.8603 1 4 3001 
open 0.8483 1 3 3000 
open 0.8474 1 5 3006 
open 0.8480 1 6 3007 
open 0.8083 1 6 7384 
open 0.7801 2 14 11741 
open 0.7775 1 5 3010 
open 0.7870 1 6 3084 
open 0.7711 1 4 3007 
open 0.7838 1 7 3032 
open 0.7872 1 7 3036 
open 0.7748 1 6 3036 
open 0.7694 1 6 3275 
open 0.7729 1 6 5894 
open 0.7796 1 7 4468 
open 0.7776 1 6 3034 
open 0.7719 1 7 3036 
open 0.7566 1 7 3041 
open 0.7323 1 7 4408 
open 0.7363 1 6 3031 
open 0.7544 1 6 3033 
open 0.7570 1 6 3033 
open 0.7585 1 7 3045 
open 0.7308 3 11 9019 
open 0.7592 1 6 2945 
open 0.7440 1 3 3000 
open 0.7555 1 4 3001 
open 0.7589 1 5 3002 
open 0.7642 1 4 3002 
open 0.7613 1 4 3001 
open 0.7491 1 4 3003 
open 0.7535 1 3 3000 
open 0.7298 1 3 3000 
open 0.7256 1 5 3004 
open 0.7147 1 5 3004 
open 0.7055 2 8 7931 
open 0.6887 3 9 9009 
open 0.6707 1 5 3006 
open 0.6717 1 4 3002 
open 0.6579 1 3 3001 
open 0.6655 2 6 6002 
open 0.6516 1 4 3001 
open 0.6610 1 3 3000 
open 0.6591 1 4 3001 
open 0.6447 1 4 3001 
open 0.6364 1 3 3000 
open 0.6278 1 3 3000 
open 0.6341 1 3 3000 
open 0.6269 1 5 3004 
open 0.6385 1 4 3001 
open 0.6607 1 4 3001 
open 0.6794 1 4 3001 
open 0.6716 1 4 3062 
open 0.6682 1 3 3004 
open 0.6595 1 3 3003 
open 0.6557 1 4 3002 
open 0.6576 1 3 3001 
open 0.6640 1 4 3004 
open 0.6721 1 3 3003 
open 0.6801 2 7 5942 
open 0.6787 3 11 10508 
open 0.6836 1 4 4560 
open 0.6508 1 3 3002 
open 0.6436 1 3 3002 
open 0.6431 1 3 3001 
open 0.6659 1 4 3005 
open 0.6679 1 3 3002 
open 0.6630 1 3 3002 
open 0.6668 1 4 3002 
open 0.6636 1 3 3002 
open 0.6733 1 3 3001 
open 0.6711 1 3 2939 
open 0.6906 1 3 2999 
open 0.6825 1 3 2999 
open 0.6972 1 3 2999 
open 0.6924 1 3 2999 
open 0.6885 1 5 3004 
open 0.6751 1 6 3017 
open 0.6712 1 5 3015 
open 0.7130 1 4 3007 
open 0.7073 1 3 2999 
open 0.7161 2 7 5999 
open 0.7118 1 3 2999 
open 0.7260 1 3 2999 
open 0.6960 1 4 3239 
open 0.7150 2 8 6061 
open 0.7280 1 4 3001 
open 0.7263 1 3 2999 
open 0.7316 1 3 2999 
open 0.7243 1 3 2999 
open 0.7345 1 3 2999 
open 0.7049 1 3 3012 
open 0.7285 1 3 3009 
open 0.7279 1 3 3010 
open 0.7071 1 3 3010 
open 0.7081 1 3 3010 
open 0.7164 1 3 3009 
open 0.7116 1 3 3009 
open 0.6894 4 13 12805 
open 0.6969 1 3 3009 
open 0.7053 1 3 3008 
open 0.7122 1 3 3009 
open 0.7296 1 3 3009 
open 0.7278 1 3 3010 
open 0.7262 1 3 3010 
open 0.7220 1 3 3009 
open 0.7188 1 3 3010 
open 0.7142 1 3 3010 
open 0.6911 1 3 3009 
open 0.7013 1 3 3010 
open 0.7039 1 3 2949 
open 0.7031 1 3 2999 
open 0.6978 1 3 2999 
open 0.7034 1 3 2999 
open 0.6828 1 3 2999 
open 0.6939 1 3 2999 
open 0.7041 1 3 2999 
open 0.7076 1 4 3000 
open 0.7193 1 3 2999 
open 0.7249 1 3 2999 
open 0.7236 1 3 2999 
open 0.7305 1 4 3001 
open 0.7287 1 3 2999 
open 0.7248 1 6 3876 
open 0.7522 1 3 2999 
open 0.7417 1 3 2999 
open 0.7351 2 6 5998 
open 0.7203 2 8 6000 
open 0.7199 1 3 2999 
open 0.7250 1 3 2999 
open 0.7158 1 3 2999 
open 0.7092 1 3 2999 
open 0.7155 1 3 2999 
open 0.6963 1 3 3009 
open 0.6875 1 4 3011 
open 0.6877 1 3 3010 
open 0.6881 1 3 3010 
open 0.7009 1 5 4506 
open 0.7090 1 3 3010 
open 0.7196 1 3 3009 
open 0.7269 1 3 3009 
open 0.7364 1 7 3234 
open 0.7365 1 3 2999 
open 0.7204 1 3 2999 
open 0.7275 1 3 2999 
open 0.7311 1 4 3000 
open 0.7208 1 3 2999 
open 0.7317 1 3 2999 
open 0.7367 1 3 2999 
open 0.7322 1 3 2999 
open 0.7070 1 5 4252 
open 0.6993 1 3 3075 
open 0.6900 1 3 2999 
open 0.6920 1 3 3074 
open 0.6984 1 3 2999 
open 0.7023 1 3 2999 
open 0.6864 1 3 2999 
open 0.6802 1 3 2999 
open 0.6760 1 3 3008 
open 0.6753 1 3 3008 
open 0.6793 2 6 6018 
open 0.6837 1 3 3008 
open 0.6710 2 6 6017 
open 0.6559 3 9 9016 
open 0.6698 1 3 3008 
open 0.6633 1 3 3008 
open 0.6656 1 3 3008 
open 0.6513 1 3 3008 
open 0.6461 1 3 3008 
open 0.6536 1 3 3008 
open 0.6517 1 3 3068 
open 0.6520 1 3 3008 
open 0.6783 1 3 3009 
open 0.6795 2 6 6016 
open 0.6829 1 3 3008 
open 0.6868 1 3 3008 
open 0.6858 1 3 3009 
open 0.6767 1 4 3185 
open 0.6731 1 4 3187 
open 0.6653 1 3 3000 
open 0.6773 1 3 3009 
open 0.6857 1 4 3000 
open 0.6845 1 3 2999 
open 0.6765 1 3 2999 
open 0.6912 1 3 2999 
open 0.6788 1 3 2999 
open 0.6764 1 3 2999 
open 0.6723 1 3 2999 
open 0.6626 1 3 2999 
open 0.6492 1 3 2999 
open 0.6512 1 3 2999 
open 0.6624 1 3 2999 
open 0.6574 1 3 2999 
open 0.6554 1 3 2999 
open 0.6706 1 3 2999 
open 0.6643 1 3 2999 
open 0.6730 1 3 2999 
open 0.6697 1 3 2999 
hight 0.5332 1 7 7571 
hight 0.5419 1 7 7825 
hight 0.5538 1 7 7760 
hight 0.5525 1 7 7963 
hight 0.5515 1 7 8021 
hight 0.5526 1 7 8131 
hight 0.5557 1 7 7989 
hight 0.5678 1 7 7969 
hight 0.5677 1 7 7794 
hight 0.5671 1 7 7458 
hight 0.5560 1 7 7198 
hight 0.5546 1 7 6778 
hight 0.5559 1 7 7018 
hight 0.5527 1 7 6802 
hight 0.5576 1 7 7130 
hight 0.5620 1 7 7515 
hight 0.5619 1 7 7194 
hight 0.5743 1 7 7013 
hight 0.5820 1 7 6834 
hight 0.5884 1 7 6740 
hight 0.5867 1 7 6956 
hight 0.5842 1 7 6838 
hight 0.5831 1 7 6670 
hight 0.5869 2 14 13829 
hight 0.5885 1 7 6817 
hight 0.5964 1 7 6910 
hight 0.6018 1 7 6733 
hight 0.5945 1 7 6633 
hight 0.5852 1 7 6872 
hight 0.5932 1 7 6872 
hight 0.5899 1 7 6705 
hight 0.5914 1 7 6980 
hight 0.5895 1 7 6731 
hight 0.5803 1 7 6788 
hight 0.5865 1 7 6822 
hight 0.5893 1 7 6871 
hight 0.6006 1 7 6766 
hight 0.6011 1 7 6674 
hight 0.6014 1 7 6815 
hight 0.6038 1 7 6702 
hight 0.6073 1 7 6878 
hight 0.6153 1 7 6986 
hight 0.6191 1 7 6776 
hight 0.6277 1 7 6971 
hight 0.6393 1 7 6401 
hight 0.6463 2 10 9611 
hight 0.6508 1 7 6786 
hight 0.6492 1 7 6875 
hight 0.6519 1 7 6676 
hight 0.6500 1 7 6868 
hight 0.6545 1 7 8547 
hight 0.6744 2 10 7504 
hight 0.6869 1 7 3086 
hight 0.6798 2 10 6100 
hight 0.6797 1 7 3106 
hight 0.6843 1 7 3084 
hight 0.7016 1 7 3093 
hight 0.7097 2 14 6142 
hight 0.7034 3 13 9078 
hight 0.6948 2 10 6064 
hight 0.6842 1 7 3086 
hight 0.6610 1 7 3070 
hight 0.6644 1 7 3076 
hight 0.6686 2 10 6020 
hight 0.6703 1 7 3082 
hight 0.6639 2 10 6078 
hight 0.6481 1 7 3079 
hight 0.6323 1 7 3076 
hight 0.6380 1 7 3073 
hight 0.6366 1 7 3078 
hight 0.6122 1 7 3097 
hight 0.6230 1 7 3089 
hight 0.6373 1 7 3041 
hight 0.6343 1 7 3032 
hight 0.6397 1 7 3040 
hight 0.6313 1 7 3036 
hight 0.6434 2 10 6034 
hight 0.6572 1 7 3049 
hight 0.6620 1 7 3046 
hight 0.6609 1 7 3039 
hight 0.6439 1 7 3034 
hight 0.6476 1 7 3033 
hight 0.6564 1 7 3039 
hight 0.6682 1 7 3036 
hight 0.6743 1 7 3037 
hight 0.6589 1 7 3037 
hight 0.6558 1 7 3038 
hight 0.6635 1 7 3039 
hight 0.6650 1 7 3031 
hight 0.6707 2 11 6034 
hight 0.6785 1 7 3037 
hight 0.6863 2 11 6097 
hight 0.6933 1 7 3031 
hight 0.7051 1 7 3043 
hight 0.6909 2 10 6105 
hight 0.6966 1 7 3044 
hight 0.7148 2 10 6044 
hight 0.7206 1 7 3040 
hight 0.7265 3 15 9043 
hight 0.7197 1 7 3031 
hight 0.7204 2 11 6034 
hight 0.7246 1 7 3040 
hight 0.7192 2 12 7358 
hight 0.7088 1 7 3039 
hight 0.7072 2 8 6033 
hight 0.7191 1 3 2999 
hight 0.7180 1 4 3007 
hight 0.7150 1 3 2999 
hight 0.7177 1 3 2999 
hight 0.7300 1 3 2999 
hight 0.7293 2 6 5998 
hight 0.7411 1 3 3007 
hight 0.7460 1 3 2999 
hight 0.7447 2 10 7407 
hight 0.7188 1 3 2939 
hight 0.7158 4 12 11996 
hight 0.7286 1 4 3004 
hight 0.7334 1 3 2999 
hight 0.7346 1 3 2999 
hight 0.7375 1 3 2999 
hight 0.7276 1 3 2999 
hight 0.7147 1 3 2999 
hight 0.7163 1 3 2999 
hight 0.7170 1 3 2999 
hight 0.7159 2 6 5998 
hight 0.7189 1 3 2999 
hight 0.7144 1 3 2999 
hight 0.7011 1 3 2999 
hight 0.6870 1 3 2999 
hight 0.6794 1 3 2999 
hight 0.6883 1 3 2999 
hight 0.6919 2 6 5998 
hight 0.6970 1 3 2999 
hight 0.7107 1 4 3000 
hight 0.7013 1 3 2999 
hight 0.7006 1 3 2999 
hight 0.7118 1 3 2999 
hight 0.7105 1 3 2999 
hight 0.7083 2 7 6246 
hight 0.7007 1 3 2999 
hight 0.6984 1 3 2999 
hight 0.7012 1 3 2999 
hight 0.6992 2 6 5998 
hight 0.7068 1 3 2999 
hight 0.7086 2 6 6068 
hight 0.6946 1 3 2999 
hight 0.6908 1 3 2999 
hight 0.6938 3 9 9007 
hight 0.7070 1 3 2999 
hight 0.7198 2 7 5999 
hight 0.7117 1 3 2999 
hight 0.7081 1 3 2999 
hight 0.6845 1 3 2999 
hight 0.6899 1 3 2999 
hight 0.6977 1 3 2999 
hight 0.7000 1 3 2999 
hight 0.6880 1 3 2999 
hight 0.6894 2 6 5998 
hight 0.6916 2 9 6004 
hight 0.6833 1 3 2999 
hight 0.6749 2 7 6059 
hight 0.6668 1 4 3000 
hight 0.6683 2 6 5998 
hight 0.6517 1 4 3003 
hight 0.6293 1 3 2939 
hight 0.6175 1 3 2999 
hight 0.6242 1 3 2999 
hight 0.6355 1 3 3000 
hight 0.6369 1 3 3000 
hight 0.6443 1 3 2999 
hight 0.6329 1 4 3001 
hight 0.6360 1 3 2999 
hight 0.6427 2 7 5999 
hight 0.6352 1 3 2999 
hight 0.6342 1 3 2999 
hight 0.6248 1 3 2999 
hight 0.6179 1 3 2999 
hight 0.6120 1 3 2999 
hight 0.6188 1 3 2999 
hight 0.6280 1 4 3000 
hight 0.6272 1 3 2999 
hight 0.6234 1 3 2999 
hight 0.6322 1 3 2999 
hight 0.6436 1 4 3001 
hight 0.6503 1 3 2999 
hight 0.6576 1 3 2999 
hight 0.6554 1 4 3000 
hight 0.6655 2 6 5998 
hight 0.6719 1 3 2999 
hight 0.6640 2 6 6002 
hight 0.6657 1 3 2999 
hight 0.6692 1 4 3003 
hight 0.6745 1 3 2999 
hight 0.6670 1 3 2999 
hight 0.6720 1 3 3000 
hight 0.6821 1 3 2999 
hight 0.6904 1 3 2999 
hight 0.6986 1 3 2999 
hight 0.7035 1 4 4380 
hight 0.7095 2 7 7379 
hight 0.7074 2 8 7505 
hight 0.6973 1 3 2999 
hight 0.7033 1 3 2999 
hight 0.6905 1 3 2999 
hight 0.6952 1 3 2999 
hight 0.7065 1 3 2999 
hight 0.7120 1 3 2999 
hight 0.7030 1 3 2999 
hight 0.6983 1 3 2999 
hight 0.7109 1 4 3000 
hight 0.7201 1 3 2939 
hight 0.7237 1 3 2999 
hight 0.7311 1 3 2999 
hight 0.7491 1 3 2999 
hight 0.7481 2 6 5999 
hight 0.7482 1 3 2999 
hight 0.7398 1 3 2999 
hight 0.7402 1 3 2999 
hight 0.7340 1 3 2999 
hight 0.7308 3 10 9059 
hight 0.7564 1 3 2999 
hight 0.7636 1 3 2999 
hight 0.7631 2 9 6075 
hight 0.7689 1 3 2999 
hight 0.7838 1 3 2999 
hight 0.7877 1 4 3007 
hight 0.7943 2 10 6031 
hight 0.8106 1 3 2999 
hight 0.8017 1 3 2999 
hight 0.7714 1 3 3002 
hight 0.7700 1 3 2999 
hight 0.7270 1 4 3001 
hight 0.7099 1 3 2999 
hight 0.7365 1 3 2999 
hight 0.7484 1 3 2999 
hight 0.7666 2 7 6000 
hight 0.7671 1 3 2999 
hight 0.7756 2 9 8819 
hight 0.7599 1 3 2999 
hight 0.7736 1 3 3059 
hight 0.7890 1 3 2999 
hight 0.7818 1 3 2999 
hight 0.7665 1 4 3000 
hight 0.7758 2 7 5999 
hight 0.7749 1 3 2999 
hight 0.7933 2 7 6000 
hight 0.7872 1 3 2999 
hight 0.7694 2 11 7389 
hight 0.7785 3 13 9027 
hight 0.7931 1 3 2999 
hight 0.7760 1 3 2999 
hight 0.7913 1 3 2999 
hight 0.7965 1 3 2999 
hight 0.7955 1 3 2999 
hight 0.8020 1 3 2999 
hight 0.8211 1 3 2999 
hight 0.8181 1 3 2999 
hight 0.8084 1 3 2999 
hight 0.8210 1 3 2999 
hight 0.8099 2 6 5998 
hight 0.8065 1 3 2939 
hight 0.8003 1 3 2999 
hight 0.8022 1 3 2999 
hight 0.8031 1 3 2999 
hight 0.7944 1 3 2999 
hight 0.7767 1 4 3000 
hight 0.7806 1 3 2999 
hight 0.7919 1 3 2999 
hight 0.7889 1 3 2999 
hight 0.7702 1 3 2999 
hight 0.7595 2 10 6044 
hight 0.7645 2 6 5998 
hight 0.7661 1 3 2999 
hight 0.7614 1 3 2999 
hight 0.7725 1 3 2999 
hight 0.7466 1 3 2999 
hight 0.7362 2 6 5998 
hight 0.7215 1 3 2999 
hight 0.7214 1 3 2999 
hight 0.7066 2 6 5948 
hight 0.6879 2 6 6007 
hight 0.6716 1 4 3000 
hight 0.6949 2 6 5998 
hight 0.6902 1 3 2999 
hight 0.6740 1 3 2999 
hight 0.6345 1 3 2999 
hight 0.6258 1 3 2999 
hight 0.6013 1 4 3071 
hight 0.6126 1 4 3003 
hight 0.6042 1 3 2999 
hight 0.5757 1 3 2999 
hight 0.5585 1 3 2999 
hight 0.5544 1 3 2999 
hight 0.5498 1 3 2999 
hight 0.5952 1 3 2999 
hight 0.6077 1 5 3116 
hight 0.5887 1 5 4799 
hight 0.6032 1 4 4377 
hight 0.5965 1 3 2999 
hight 0.5543 1 3 2999 
hight 0.5371 1 3 2999 
hight 0.5254 1 3 2999 
hight 0.5443 1 3 2999 
hight 0.5313 1 3 2999 
hight 0.5192 1 3 2999 
hight 0.5127 1 3 2999 
hight 0.5142 1 3 2999 
hight 0.5468 1 3 2999 
hight 0.5745 1 3 2999 
hight 0.5800 2 6 5938 
hight 0.5979 1 4 3000 
hight 0.5931 1 3 2999 
hight 0.5775 1 3 2999 
hight 0.5875 1 3 2999 
hight 0.6125 1 3 2999 
hight 0.6110 1 5 3001 
hight 0.6259 1 3 2999 
hight 0.6590 1 3 2999 
hight 0.6417 1 3 2999 
hight 0.6467 1 3 2999 
hight 0.6485 1 3 2999 
hight 0.6548 1 3 2999 
hight 0.6414 1 3 2999 
hight 0.6510 2 6 6001 
hight 0.6626 1 3 2999 
hight 0.6632 1 3 2999 
hight 0.6759 1 3 2999 
hight 0.6812 1 3 2999 
hight 0.6884 1 3 2999 
hight 0.6893 1 3 2999 
hight 0.7005 1 3 2999 
hight 0.7151 1 4 3000 
hight 0.7307 1 3 2999 
hight 0.7269 1 3 2999 
hight 0.7396 1 3 2999 
hight 0.7451 1 5 3003 
hight 0.7632 1 4 3000 
hight 0.7600 1 3 3059 
hight 0.7367 1 3 2999 
hight 0.7459 1 3 2999 
hight 0.7521 1 3 2999 
hight 0.7462 1 3 3028 
hight 0.7320 1 3 2999 
hight 0.7298 1 3 3001 
hight 0.7316 1 3 2999 
hight 0.7199 1 3 2999 
hight 0.7228 2 9 7622 
hight 0.7388 1 4 4618 
hight 0.7436 2 6 6008 
hight 0.7439 1 3 2999 
hight 0.7231 1 3 2999 
hight 0.6998 1 3 2999 
hight 0.7077 1 3 2999 
hight 0.7059 1 3 2999 
hight 0.7014 1 3 2999 
hight 0.7176 1 3 2999 
hight 0.7171 1 3 2999 
hight 0.7130 1 3 2939 
hight 0.7101 1 3 2999 
hight 0.7253 2 8 6000 
hight 0.7323 2 6 5998 
hight 0.7294 1 3 2999 
hight 0.7190 2 9 6006 
hight 0.6875 1 3 2999 
hight 0.6860 1 3 2999 
hight 0.6897 1 4 3000 
hight 0.7018 1 3 2999 
hight 0.7153 2 9 6019 
hight 0.7049 2 6 5998 
hight 0.7252 1 3 2999 
hight 0.7301 2 7 5940 
hight 0.7393 2 8 6005 
hight 0.7354 2 10 6002 
hight 0.7342 2 9 6001 
hight 0.7133 1 4 3000 
hight 0.7254 1 5 3003 
hight 0.7392 1 4 3010 
hight 0.7414 1 5 3051 
hight 0.7404 1 4 3003 
hight 0.7546 1 6 3213 
hight 0.7641 1 4 3003 
hight 0.7559 1 5 3046 
hight 0.7883 1 3 3059 
hight 0.7973 2 10 6018 
hight 0.7871 2 7 6000 
hight 0.7834 1 5 3004 
hight 0.7625 1 6 3153 
hight 0.7574 1 7 3014 
hight 0.7688 1 7 3766 
hight 0.7811 1 4 3271 
hight 0.7644 1 5 3003 
hight 0.7733 1 5 3020 
hight 0.7822 1 5 3003 
hight 0.7719 1 4 3001 
hight 0.7653 1 4 3005 
hight 0.7551 1 4 3002 
hight 0.7471 1 3 2999 
hight 0.7453 2 6 5998 
hight 0.7445 2 9 6030 
hight 0.7634 1 3 2939 
hight 0.7805 1 4 3001 
hight 0.7926 1 3 2999 
hight 0.8006 1 7 3080 
hight 0.8104 2 8 6029 
hight 0.8117 1 4 3047 
hight 0.7971 1 4 3041 
hight 0.7989 1 3 2999 
hight 0.8012 1 3 2999 
hight 0.8261 3 12 8958 
hight 0.8229 1 3 2999 
hight 0.8299 1 3 2999 
hight 0.8191 2 6 5998 
hight 0.8264 1 3 2999 
hight 0.8327 1 4 3262 
hight 0.8497 1 3 2999 
hight 0.8585 1 3 2999 
hight 0.8764 1 3 2999 
hight 0.8841 1 3 2999 
hight 0.8657 1 4 3001 
hight 0.8422 1 3 2999 
hight 0.8376 1 3 2999 
hight 0.8570 1 3 2999 
hight 0.8543 1 6 3058 
hight 0.8380 1 7 3090 
hight 0.8339 2 10 6019 
hight 0.8005 1 5 3040 
hight 0.7830 1 4 3021 
hight 0.7994 1 5 3052 
hight 0.8066 1 6 3043 
hight 0.8107 1 4 3003 
hight 0.8240 2 11 6152 
hight 0.7996 2 6 5999 
hight 0.7915 1 6 3018 
hight 0.7682 1 3 2999 
hight 0.7820 1 4 3035 
hight 0.7836 1 4 3025 
hight 0.7876 1 3 2999 
hight 0.7773 1 3 2999 
hight 0.7780 1 4 3686 
hight 0.7905 1 4 3420 
hight 0.7974 1 3 2999 
hight 0.8079 2 6 5998 
hight 0.8354 2 7 6000 
hight 0.8404 2 6 5998 
hight 0.8419 1 3 2999 
hight 0.8426 1 3 2999 
hight 0.8469 2 6 6000 
hight 0.8278 1 3 2999 
hight 0.8285 1 3 3008 
hight 0.8238 1 4 3011 
hight 0.8316 2 6 6000 
hight 0.8195 1 3 2999 
hight 0.8233 1 3 2999 
hight 0.7900 1 3 2999 
hight 0.7679 1 3 2999 
hight 0.7707 1 3 3000 
hight 0.7807 1 4 3000 
hight 0.8004 2 7 6000 
hight 0.8014 1 3 2999 
hight 0.8062 1 3 2999 
hight 0.8073 1 3 2999 
hight 0.8052 1 3 3000 
hight 0.8141 1 3 2999 
hight 0.8221 1 4 3000 
hight 0.8149 1 3 2999 
hight 0.8142 1 3 2999 
hight 0.8184 1 3 2999 
hight 0.8040 1 6 3023 
hight 0.8234 1 4 3010 
hight 0.8351 1 3 2999 
hight 0.8334 1 3 2999 
hight 0.8263 1 4 3000 
hight 0.8224 1 6 3023 
hight 0.8228 1 5 3007 
hight 0.8306 1 4 3003 
hight 0.8201 1 3 2999 
hight 0.8200 1 3 2999 
hight 0.8248 1 3 3008 
hight 0.8292 1 3 2999 
hight 0.8450 1 4 3000 
hight 0.8474 1 4 3004 
hight 0.8364 1 7 4822 
hight 0.8394 2 8 6001 
hight 0.8407 1 4 3000 
hight 0.8458 1 3 2999 
hight 0.8438 1 3 2999 
hight 0.8444 1 5 3001 
hight 0.8459 1 5 3001 
hight 0.8531 1 4 3000 
hight 0.8415 1 4 3001 
hight 0.8347 1 3 2999 
hight 0.8311 1 4 3000 
hight 0.8277 1 3 2999 
hight 0.8446 1 3 2939 
hight 0.8591 1 3 2999 
hight 0.8674 1 3 2999 
hight 0.8488 1 3 2999 
hight 0.8583 1 3 2999 
hight 0.8554 1 3 2999 
hight 0.8478 1 4 3000 
hight 0.8269 1 3 2999 
hight 0.8168 1 3 2999 
hight 0.8123 1 3 2999 
hight 0.8134 1 4 3000 
hight 0.7887 1 3 2999 
hight 0.7851 1 4 3118 
hight 0.7957 1 3 3000 
hight 0.7967 1 4 3725 
hight 0.8010 1 5 3007 
hight 0.8055 1 5 3002 
hight 0.8160 1 3 3000 
hight 0.7925 1 3 3000 
hight 0.8133 1 4 3030 
hight 0.8381 1 3 3000 
hight 0.8433 1 5 3002 
hight 0.8348 1 3 3000 
hight 0.8443 2 7 6063 
hight 0.8540 1 4 3007 
hight 0.8412 1 3 3002 
hight 0.8393 1 5 3013 
hight 0.8403 2 9 6134 
hight 0.8274 1 5 3008 
hight 0.8257 1 4 3006 
hight 0.8332 1 5 3003 
hight 0.8318 1 3 3001 
hight 0.8235 1 7 5882 
hight 0.8241 1 6 4740 
hight 0.8429 1 3 3002 
hight 0.8357 1 3 3000 
hight 0.8336 1 3 3002 
hight 0.8255 1 5 3004 
hight 0.8367 1 4 3005 
hight 0.8391 1 3 3000 
hight 0.8343 1 3 3000 
hight 0.8430 1 3 3001 
hight 0.8524 1 4 3001 
hight 0.8638 1 3 2999 
hight 0.8618 1 3 2999 
hight 0.8699 1 5 2943 
hight 0.8724 1 4 3002 
hight 0.8744 1 4 3001 
hight 0.8646 1 5 3003 
hight 0.8635 1 3 3001 
hight 0.8778 1 3 3000 
hight 0.8676 1 3 3000 
hight 0.8693 1 3 3000 
hight 0.8586 1 4 3002 
hight 0.8515 1 3 3001 
hight 0.8624 1 3 3000 
hight 0.8734 1 4 3001 
hight 0.8745 1 4 3003 
hight 0.8790 1 3 3000 
hight 0.8827 1 4 3001 
hight 0.8834 1 4 3001 
hight 0.8718 1 3 3000 
hight 0.8621 1 4 3001 
hight 0.8533 1 3 3000 
hight 0.8490 1 5 3006 
hight 0.8513 1 6 3007 
hight 0.8427 1 4 3006 
hight 0.8349 1 6 3066 
hight 0.8227 1 5 3007 
hight 0.8176 1 6 7384 
hight 0.7859 1 7 8698 
hight 0.7922 1 5 3010 
hight 0.7992 1 4 3006 
hight 0.8032 1 5 3014 
hight 0.7976 1 6 3084 
hight 0.7878 1 5 3015 
hight 0.7904 1 4 3007 
hight 0.7924 1 7 3036 
hight 0.7831 1 6 3036 
hight 0.7864 1 7 3043 
hight 0.7794 1 6 3275 
hight 0.7846 1 6 5894 
hight 0.7808 1 7 4468 
hight 0.7863 1 6 3034 
hight 0.7888 1 7 3036 
hight 0.7582 1 7 3041 
hight 0.7571 1 6 3034 
hight 0.7572 1 6 3033 
hight 0.7611 1 6 3033 
hight 0.7545 1 5 3021 
hight 0.7662 1 6 2945 
hight 0.7628 1 3 3000 
hight 0.7615 1 4 3001 
hight 0.7739 1 5 3002 
hight 0.7743 1 4 3002 
hight 0.7639 1 4 3001 
hight 0.7557 1 4 3003 
hight 0.7562 1 3 3000 
hight 0.7055 1 3 3000 
hight 0.6976 2 8 6490 
hight 0.6922 1 3 3000 
hight 0.6748 1 5 3006 
hight 0.6769 1 4 3002 
hight 0.6652 1 3 3001 
hight 0.6737 2 6 6002 
hight 0.6672 1 3 3000 
hight 0.6645 2 8 6002 
hight 0.6504 1 4 3001 
hight 0.6420 1 3 3000 
hight 0.6376 1 3 3000 
hight 0.6453 1 3 3000 
hight 0.6402 1 5 3004 
hight 0.6813 1 4 3001 
hight 0.6886 1 4 3001 
hight 0.6790 1 3 3004 
hight 0.6575 1 4 3002 
hight 0.6603 1 5 3003 
hight 0.6786 1 4 3004 
hight 0.6831 1 3 3003 
hight 0.6834 1 4 3003 
hight 0.6881 1 5 4499 
hight 0.6865 1 4 4560 
hight 0.6664 2 6 6001 
hight 0.6557 2 6 6001 
hight 0.6696 1 3 3001 
hight 0.6750 1 4 3005 
hight 0.6724 1 3 3002 
hight 0.6773 1 3 3002 
hight 0.6817 1 4 3002 
hight 0.6779 1 3 3002 
hight 0.6872 1 3 3001 
hight 0.6963 1 3 2939 
hight 0.6964 1 3 2999 
hight 0.6951 1 3 2999 
hight 0.7052 2 6 5998 
hight 0.6981 1 3 2999 
hight 0.6846 1 4 3004 
hight 0.6805 1 6 3017 
hight 0.6828 1 5 3015 
hight 0.7134 1 5 3020 
hight 0.7146 1 4 3007 
hight 0.7187 1 3 2999 
hight 0.7296 3 9 8997 
hight 0.7239 1 3 2999 
hight 0.7341 1 4 3000 
hight 0.7317 1 4 3001 
hight 0.7378 1 3 2999 
hight 0.7483 1 3 2999 
hight 0.7480 1 3 2999 
hight 0.7368 1 3 2999 
hight 0.7366 1 3 2999 
hight 0.7309 2 7 5999 
hight 0.7243 2 6 6022 
hight 0.7261 2 8 6000 
hight 0.7401 1 3 3009 
hight 0.7304 1 3 3010 
hight 0.7108 1 3 3010 
hight 0.7167 1 3 3009 
hight 0.7165 1 3 3010 
hight 0.7236 1 3 3009 
hight 0.7121 1 3 3009 
hight 0.6928 2 7 6849 
hight 0.7217 1 3 3008 
hight 0.7305 1 3 3009 
hight 0.7348 1 3 3009 
hight 0.7372 1 3 3010 
hight 0.7263 1 3 3010 
hight 0.7240 1 3 3009 
hight 0.7149 1 3 3010 
hight 0.7047 1 3 3009 
hight 0.7087 1 3 3010 
hight 0.7050 1 3 2999 
hight 0.6967 2 6 6007 
hight 0.7056 1 3 2999 
hight 0.7116 1 3 2999 
hight 0.7318 1 3 2999 
hight 0.7337 1 3 2999 
hight 0.7344 1 4 3001 
hight 0.7386 1 6 3876 
hight 0.7527 1 3 2999 
hight 0.7556 1 3 2999 
hight 0.7335 2 6 5998 
hight 0.7431 1 3 2999 
hight 0.7351 1 3 2999 
hight 0.7242 1 5 3001 
hight 0.7164 1 3 2999 
hight 0.7202 1 3 2999 
hight 0.7168 1 3 2999 
hight 0.6971 1 3 3010 
hight 0.6978 1 3 3009 
hight 0.6892 1 4 3011 
hight 0.6943 1 5 3048 
hight 0.6913 1 3 3010 
hight 0.7026 1 3 3010 
hight 0.7032 1 3 3010 
hight 0.7129 1 5 4931 
hight 0.7223 1 3 3010 
hight 0.7329 2 6 6008 
hight 0.7418 1 6 3021 
hight 0.7403 1 7 3234 
hight 0.7377 2 6 6009 
hight 0.7433 1 3 2999 
hight 0.7353 1 3 2999 
hight 0.7332 1 4 3000 
hight 0.7319 1 3 2999 
hight 0.7394 1 3 2999 
hight 0.7093 1 5 4252 
hight 0.7045 1 3 3075 
hight 0.6985 1 3 2999 
hight 0.6972 1 3 2999 
hight 0.6996 1 3 3074 
hight 0.7058 1 3 2999 
hight 0.7054 1 3 2999 
hight 0.7043 1 3 2999 
hight 0.6802 1 3 2999 
hight 0.6856 1 3 3008 
hight 0.6838 1 3 3008 
hight 0.6840 1 3 3009 
hight 0.6848 1 3 3008 
hight 0.6796 2 7 6010 
hight 0.6710 1 3 3009 
hight 0.6715 1 3 3009 
hight 0.6725 2 6 6007 
hight 0.6713 1 3 3008 
hight 0.6613 1 4 3009 
hight 0.6642 1 3 3008 
hight 0.6697 1 3 3008 
hight 0.6663 1 3 3008 
hight 0.6513 1 3 3008 
hight 0.6599 1 3 3008 
hight 0.6605 1 3 3008 
hight 0.6571 1 3 3068 
hight 0.6809 1 3 3008 
hight 0.6807 2 6 6009 
hight 0.6885 1 3 3008 
hight 0.6877 1 3 3009 
hight 0.6788 1 4 3185 
hight 0.6739 1 4 3187 
hight 0.6847 1 3 3000 
hight 0.6910 1 3 3009 
hight 0.6850 1 3 3009 
hight 0.6891 1 3 3008 
hight 0.6901 1 4 3000 
hight 0.6851 1 3 2999 
hight 0.6871 1 3 2999 
hight 0.6921 1 3 2999 
hight 0.6936 1 3 2999 
hight 0.6835 1 3 2939 
hight 0.6781 1 3 2999 
hight 0.6726 1 3 2999 
hight 0.6651 1 3 2999 
hight 0.6612 1 3 2999 
hight 0.6581 1 3 2999 
hight 0.6679 1 3 2999 
hight 0.6586 1 3 2999 
hight 0.6691 1 3 2999 
hight 0.6718 1 3 2999 
hight 0.6787 1 3 2999 
hight 0.6705 1 3 2999 
low 0.5214 1 7 7571 
low 0.5296 1 7 7825 
low 0.5401 1 7 7760 
low 0.5404 1 7 7963 
low 0.5402 1 7 8021 
low 0.5458 1 7 8131 
low 0.5475 1 7 7989 
low 0.5527 2 10 10968 
low 0.5550 1 7 7794 
low 0.5461 1 7 7458 
low 0.5416 1 7 7198 
low 0.5455 2 14 13796 
low 0.5322 1 7 6802 
low 0.5430 1 7 7130 
low 0.5514 1 7 7515 
low 0.5500 1 7 7194 
low 0.5594 1 7 7013 
low 0.5660 1 7 6834 
low 0.5697 1 7 6740 
low 0.5717 1 7 6956 
low 0.5703 1 7 6838 
low 0.5713 1 7 6670 
low 0.5760 1 7 7189 
low 0.5799 1 7 6817 
low 0.5782 1 7 6910 
low 0.5834 1 7 6733 
low 0.5753 1 7 6633 
low 0.5677 1 7 6872 
low 0.5819 1 7 6872 
low 0.5757 1 7 6640 
low 0.5721 1 7 6705 
low 0.5822 1 7 6980 
low 0.5669 1 7 6731 
low 0.5633 1 7 6788 
low 0.5654 1 7 6822 
low 0.5784 1 7 6871 
low 0.5828 1 7 6766 
low 0.5858 1 7 6674 
low 0.5905 1 7 6815 
low 0.5911 1 7 6702 
low 0.5922 1 7 6878 
low 0.6059 1 7 6986 
low 0.6055 1 7 6776 
low 0.6116 1 7 6971 
low 0.6248 1 7 6401 
low 0.6350 1 7 6612 
low 0.6374 1 7 6786 
low 0.6427 1 7 6875 
low 0.6410 2 10 9678 
low 0.6395 1 7 6868 
low 0.6459 1 7 8547 
low 0.6524 1 7 4505 
low 0.6692 1 7 3086 
low 0.6520 1 7 3101 
low 0.6680 2 11 6109 
low 0.6635 1 7 3084 
low 0.6802 1 7 3093 
low 0.6961 1 7 3109 
low 0.6737 2 10 6019 
low 0.6618 1 7 3065 
low 0.6555 1 7 3086 
low 0.6339 1 7 3070 
low 0.6489 1 7 3076 
low 0.6416 1 7 3019 
low 0.6470 2 10 6081 
low 0.6301 1 7 3078 
low 0.6183 2 11 6080 
low 0.6182 1 7 3076 
low 0.6141 1 7 3073 
low 0.6015 2 10 6077 
low 0.5912 1 7 3097 
low 0.6016 1 7 3089 
low 0.6201 1 7 3041 
low 0.6159 1 7 3032 
low 0.6192 2 10 6039 
low 0.6191 1 7 3036 
low 0.6245 1 7 3035 
low 0.6345 1 7 3049 
low 0.6511 1 7 3046 
low 0.6360 2 10 6038 
low 0.6236 1 7 3034 
low 0.6287 1 7 3033 
low 0.6417 2 10 6040 
low 0.6517 1 7 3036 
low 0.6453 1 7 3037 
low 0.6461 1 7 3037 
low 0.6409 1 7 3038 
low 0.6498 2 10 6042 
low 0.6543 2 10 6040 
low 0.6621 3 14 9103 
low 0.6672 1 7 3037 
low 0.6711 1 7 3035 
low 0.6750 1 7 3031 
low 0.6848 1 7 3043 
low 0.6781 3 13 9104 
low 0.6820 1 7 3044 
low 0.6829 1 7 3033 
low 0.7012 1 7 3045 
low 0.7097 1 7 3040 
low 0.7017 1 7 3040 
low 0.6969 2 10 6030 
low 0.7071 1 7 3034 
low 0.7106 2 10 6039 
low 0.6947 1 7 4355 
low 0.6920 2 10 6038 
low 0.6903 2 7 6025 
low 0.7002 1 3 2999 
low 0.7090 1 4 3007 
low 0.6954 2 6 5998 
low 0.7032 2 7 7617 
low 0.7122 1 3 2999 
low 0.7183 1 3 2999 
low 0.7246 1 3 3007 
low 0.7350 2 7 5999 
low 0.7145 1 3 2999 
low 0.7040 1 3 2939 
low 0.7016 2 8 6003 
low 0.7100 1 3 2999 
low 0.7107 2 8 6065 
low 0.7192 1 3 2999 
low 0.7223 2 6 5998 
low 0.7256 1 3 2999 
low 0.7043 2 6 6000 
low 0.7062 1 3 2999 
low 0.6964 3 10 8998 
low 0.7030 1 3 2999 
low 0.7104 1 3 2999 
low 0.6966 3 9 8997 
low 0.6712 3 9 9007 
low 0.6684 1 3 2999 
low 0.6713 1 3 2999 
low 0.6770 1 3 2999 
low 0.6769 2 6 5998 
low 0.6875 1 3 2999 
low 0.6963 2 7 5999 
low 0.6919 2 6 5998 
low 0.6866 1 3 2999 
low 0.6937 1 3 2999 
low 0.7008 2 6 5998 
low 0.6952 1 3 3007 
low 0.6881 2 6 6008 
low 0.6912 1 3 2999 
low 0.6882 2 6 6073 
low 0.6913 1 3 3059 
low 0.6740 2 7 5999 
low 0.6778 1 3 2999 
low 0.6835 1 3 2999 
low 0.6931 1 3 2999 
low 0.7004 3 10 10378 
low 0.6702 1 3 2999 
low 0.6780 1 3 2999 
low 0.6831 1 3 2999 
low 0.6847 2 6 5998 
low 0.6761 3 9 9006 
low 0.6757 1 3 2999 
low 0.6709 1 3 2999 
low 0.6561 1 4 3000 
low 0.6570 1 4 3000 
low 0.6321 1 4 3003 
low 0.6178 1 3 2999 
low 0.5992 1 3 2939 
low 0.6012 1 3 2999 
low 0.6060 1 3 2999 
low 0.6151 2 6 5999 
low 0.6232 1 3 3000 
low 0.6268 1 3 2999 
low 0.6235 2 6 5999 
low 0.6142 1 3 2999 
low 0.6317 1 4 3000 
low 0.6227 1 3 2999 
low 0.6149 2 7 5999 
low 0.5927 1 3 2999 
low 0.5930 1 3 2999 
low 0.6023 1 3 2999 
low 0.6190 1 3 2999 
low 0.6143 1 3 2999 
low 0.6175 1 3 2999 
low 0.6275 1 4 3001 
low 0.6330 1 3 2999 
low 0.6440 1 3 2999 
low 0.6342 1 4 3000 
low 0.6532 1 3 2999 
low 0.6535 1 3 2999 
low 0.6486 1 3 2999 
low 0.6539 1 3 2999 
low 0.6545 1 3 2999 
low 0.6546 2 7 6005 
low 0.6531 1 3 3059 
low 0.6651 2 7 6186 
low 0.6574 1 3 2999 
low 0.6581 1 3 3000 
low 0.6675 1 3 2999 
low 0.6775 1 3 2999 
low 0.6841 2 6 5998 
low 0.6862 1 3 2999 
low 0.6927 1 4 4380 
low 0.6867 1 3 2999 
low 0.6811 1 3 2999 
low 0.6767 1 3 2999 
low 0.6801 1 3 2999 
low 0.6719 1 3 2999 
low 0.6754 2 6 5999 
low 0.6909 1 4 3000 
low 0.7077 2 6 5938 
low 0.7092 1 3 2999 
low 0.7188 2 6 5998 
low 0.7251 1 3 2999 
low 0.7363 1 3 2999 
low 0.7351 1 3 2999 
low 0.7323 1 3 2999 
low 0.7252 1 3 2999 
low 0.7245 2 9 6875 
low 0.7239 1 3 2999 
low 0.7285 1 3 2999 
low 0.7454 1 3 2999 
low 0.7481 1 3 2999 
low 0.7571 1 3 2999 
low 0.7625 1 3 2999 
low 0.7714 1 4 3007 
low 0.7790 1 3 2999 
low 0.7905 1 3 2999 
low 0.7530 1 3 2999 
low 0.7554 1 3 3002 
low 0.7049 1 3 2999 
low 0.6640 2 7 6017 
low 0.6869 1 4 3001 
low 0.6849 1 3 2999 
low 0.6824 1 3 2999 
low 0.7305 1 3 2999 
low 0.7438 1 3 2999 
low 0.7502 1 3 2999 
low 0.7395 1 4 3000 
low 0.7366 1 3 2999 
low 0.7523 1 3 3059 
low 0.7569 1 3 2999 
low 0.7436 1 3 2999 
low 0.7456 3 10 8999 
low 0.7487 1 4 3000 
low 0.7576 2 8 6003 
low 0.7681 2 7 6000 
low 0.7506 1 3 2999 
low 0.7535 2 9 7382 
low 0.7661 1 5 5819 
low 0.7611 1 4 3000 
low 0.7642 1 3 2999 
low 0.7384 2 6 5998 
low 0.7616 2 7 5999 
low 0.7751 1 3 2999 
low 0.7814 1 3 2999 
low 0.7835 1 3 2999 
low 0.7969 1 3 2999 
low 0.7923 1 3 2999 
low 0.7875 1 3 2999 
low 0.7921 1 3 2999 
low 0.7866 1 3 2999 
low 0.7781 1 3 2939 
low 0.7809 1 3 2999 
low 0.7825 1 3 2999 
low 0.7851 1 3 2999 
low 0.7725 1 3 2999 
low 0.7738 1 3 2999 
low 0.7553 1 4 3000 
low 0.7537 1 3 2999 
low 0.7759 3 13 14696 
low 0.7683 2 8 6014 
low 0.7501 2 9 6032 
low 0.7446 1 3 2999 
low 0.7544 1 3 2999 
low 0.7531 1 3 2999 
low 0.7482 1 3 2999 
low 0.7538 1 3 2999 
low 0.7423 3 9 8938 
low 0.7314 1 3 2999 
low 0.7163 2 7 6000 
low 0.6823 1 3 2999 
low 0.6944 1 3 2999 
low 0.6897 1 3 2999 
low 0.6733 1 3 2999 
low 0.6514 1 3 2999 
low 0.6436 1 4 3000 
low 0.6594 1 3 2999 
low 0.5789 1 3 2999 
low 0.5885 1 3 2999 
low 0.5813 1 3 2999 
low 0.5350 1 4 3071 
low 0.5746 1 4 3003 
low 0.5546 1 3 2999 
low 0.5410 1 3 2999 
low 0.5191 1 3 2999 
low 0.5249 1 3 2999 
low 0.5201 1 3 2999 
low 0.5417 1 3 2999 
low 0.5659 1 5 3116 
low 0.5727 1 5 4799 
low 0.5755 1 4 4377 
low 0.5388 1 3 2999 
low 0.5166 1 3 2999 
low 0.5171 1 3 2999 
low 0.4961 1 3 2999 
low 0.5049 1 3 2999 
low 0.5059 1 3 2999 
low 0.5008 1 3 2999 
low 0.4898 1 3 2999 
low 0.4913 1 3 2999 
low 0.5069 1 3 2999 
low 0.5397 1 3 2999 
low 0.5528 1 3 2939 
low 0.5635 1 4 3000 
low 0.5736 1 3 2999 
low 0.5486 1 3 2999 
low 0.5626 1 3 2999 
low 0.5856 1 3 2999 
low 0.5832 1 5 3001 
low 0.6119 1 3 2999 
low 0.6238 1 3 2999 
low 0.6254 1 3 2999 
low 0.6347 2 6 6001 
low 0.6195 1 3 2999 
low 0.6194 1 3 2999 
low 0.6387 1 3 2999 
low 0.6477 1 3 2999 
low 0.6476 1 3 2999 
low 0.6597 1 3 2999 
low 0.6641 1 3 2999 
low 0.6682 2 6 6000 
low 0.6718 2 6 6008 
low 0.6923 1 4 3000 
low 0.7015 1 3 2999 
low 0.7254 2 9 6004 
low 0.7196 1 3 3059 
low 0.7095 2 8 6004 
low 0.7157 1 3 2999 
low 0.7307 2 6 5998 
low 0.7199 2 7 6038 
low 0.7024 1 3 2999 
low 0.7154 1 3 2999 
low 0.6971 2 6 6008 
low 0.7194 1 4 4618 
low 0.7286 1 3 2999 
low 0.7185 3 9 8997 
low 0.7021 1 3 2999 
low 0.6806 2 6 5998 
low 0.6898 1 3 2999 
low 0.6870 1 3 2999 
low 0.6846 1 3 2999 
low 0.6850 2 6 5998 
low 0.6962 2 7 6006 
low 0.6993 2 6 5948 
low 0.7014 1 3 2939 
low 0.7005 1 5 3003 
low 0.7052 1 3 2999 
low 0.7068 1 5 3001 
low 0.7142 1 3 2999 
low 0.6657 1 3 3000 
low 0.6560 1 3 2999 
low 0.6626 1 3 2999 
low 0.6571 1 4 3000 
low 0.6695 1 3 2999 
low 0.6946 2 9 6019 
low 0.6840 1 3 2999 
low 0.6793 1 3 2999 
low 0.7022 1 3 2999 
low 0.7028 1 4 3001 
low 0.7190 2 14 6048 
low 0.7113 1 6 3002 
low 0.6995 1 6 3006 
low 0.7096 1 5 3003 
low 0.7213 1 5 3051 
low 0.7262 1 4 3003 
low 0.7304 1 6 3213 
low 0.7426 3 14 9084 
low 0.7404 1 5 3046 
low 0.7459 1 3 3059 
low 0.7736 1 5 3001 
low 0.7630 1 3 2999 
low 0.7396 1 6 3153 
low 0.7433 1 4 3001 
low 0.7371 2 13 6023 
low 0.7342 1 3 3000 
low 0.7410 1 7 3766 
low 0.7561 1 4 3271 
low 0.7549 2 12 6039 
low 0.7608 1 5 3027 
low 0.7524 1 5 3020 
low 0.7670 1 5 3003 
low 0.7665 2 8 6686 
low 0.7503 1 4 3001 
low 0.7382 1 4 3002 
low 0.7337 1 3 2999 
low 0.7118 1 3 2999 
low 0.7162 1 3 2999 
low 0.7580 1 4 3001 
low 0.7735 3 13 9035 
low 0.7820 1 7 3080 
low 0.7953 1 4 3028 
low 0.7864 2 7 6046 
low 0.7816 1 4 3041 
low 0.7754 1 3 2999 
low 0.7857 1 3 2999 
low 0.7965 1 3 2999 
low 0.8071 1 3 2999 
low 0.8031 1 3 2999 
low 0.7971 1 3 2999 
low 0.8007 1 3 2999 
low 0.8232 1 4 3262 
low 0.8109 1 3 2999 
low 0.8378 1 3 2999 
low 0.8537 1 3 2999 
low 0.8574 1 3 2999 
low 0.7964 1 4 3001 
low 0.8087 1 3 2999 
low 0.8161 3 11 9000 
low 0.8256 1 3 2999 
low 0.8204 1 6 3058 
low 0.8117 1 7 3090 
low 0.7993 1 7 3019 
low 0.7636 1 5 3040 
low 0.7467 1 4 3021 
low 0.7623 1 5 3052 
low 0.7859 2 9 6042 
low 0.7871 1 4 3003 
low 0.7855 1 5 3090 
low 0.7788 1 3 2999 
low 0.7624 1 6 3018 
low 0.7369 1 4 3035 
low 0.7722 1 4 3025 
low 0.7486 1 3 2999 
low 0.7460 1 3 2999 
low 0.7651 1 4 3420 
low 0.7773 1 3 2999 
low 0.7994 1 3 2999 
low 0.8154 2 11 7822 
low 0.8285 1 3 2999 
low 0.8248 2 7 5999 
low 0.8243 1 3 2999 
low 0.8262 1 3 2999 
low 0.8098 1 3 2999 
low 0.8067 1 3 2999 
low 0.8059 1 3 3008 
low 0.8057 1 3 2939 
low 0.8114 2 11 6028 
low 0.8119 1 4 3011 
low 0.8145 1 3 2999 
low 0.8086 2 6 5998 
low 0.8043 1 3 2999 
low 0.7811 1 3 2999 
low 0.7622 1 3 2999 
low 0.7480 1 3 2999 
low 0.7747 1 4 3001 
low 0.7842 1 3 2999 
low 0.7838 1 3 2999 
low 0.7927 1 3 2999 
low 0.7806 1 3 3000 
low 0.7891 1 3 2999 
low 0.8069 1 4 3000 
low 0.8035 1 3 2999 
low 0.8053 1 3 2999 
low 0.7999 1 3 2999 
low 0.7913 1 6 3023 
low 0.7937 1 4 3010 
low 0.8195 1 3 2999 
low 0.8181 1 3 2999 
low 0.8172 1 3 3000 
low 0.8144 1 4 3000 
low 0.8107 1 6 3023 
low 0.8099 1 5 3007 
low 0.8155 1 6 3062 
low 0.8175 1 4 3003 
low 0.8050 2 8 6003 
low 0.8132 1 3 3008 
low 0.8169 1 3 2999 
low 0.8281 1 4 3000 
low 0.8328 1 4 3004 
low 0.8211 1 4 3000 
low 0.8360 1 3 2999 
low 0.8332 1 3 2999 
low 0.8278 1 5 3001 
low 0.8341 1 3 3001 
low 0.8295 1 5 3001 
low 0.8325 1 4 3000 
low 0.8222 1 4 3001 
low 0.8191 2 7 6062 
low 0.8163 1 3 2999 
low 0.8349 1 3 2939 
low 0.8362 1 3 2999 
low 0.8376 1 3 2999 
low 0.8359 2 6 5998 
low 0.8468 1 3 2999 
low 0.8173 1 4 3000 
low 0.8047 1 3 2999 
low 0.8004 1 3 2999 
low 0.7926 1 3 2999 
low 0.7840 1 4 3000 
low 0.7705 1 4 3118 
low 0.7686 1 3 3000 
low 0.7729 1 4 3725 
low 0.7847 1 5 3007 
low 0.7924 1 4 3001 
low 0.7932 1 5 3002 
low 0.7839 1 3 3000 
low 0.7742 1 4 3001 
low 0.7720 1 3 3000 
low 0.7854 1 4 3030 
low 0.8093 1 3 3000 
low 0.8215 1 5 3002 
low 0.8193 1 3 3000 
low 0.8268 1 3 3000 
low 0.8230 2 8 6013 
low 0.8356 1 4 3007 
low 0.8208 1 3 3002 
low 0.8168 1 5 3013 
low 0.8082 1 4 3006 
low 0.8139 1 5 3003 
low 0.8174 1 3 3001 
low 0.8147 1 7 5882 
low 0.8115 1 6 4740 
low 0.8138 1 3 3001 
low 0.8205 1 3 3002 
low 0.8212 1 3 3000 
low 0.8176 1 3 3002 
low 0.8207 1 4 3005 
low 0.8263 1 3 3000 
low 0.8241 1 3 3000 
low 0.8291 1 3 3001 
low 0.8405 1 4 3001 
low 0.8510 1 3 2999 
low 0.8500 1 3 2999 
low 0.8545 1 5 2943 
low 0.8513 1 4 3002 
low 0.8577 1 4 3001 
low 0.8554 1 5 3003 
low 0.8515 1 3 3001 
low 0.8592 1 3 3000 
low 0.8602 1 3 3000 
low 0.8536 1 3 3000 
low 0.8469 1 4 3002 
low 0.8401 1 3 3001 
low 0.8420 1 3 3000 
low 0.8604 1 4 3001 
low 0.8661 1 4 3003 
low 0.8726 1 3 3000 
low 0.8712 1 4 3001 
low 0.8688 1 4 3001 
low 0.8601 1 3 3000 
low 0.8462 1 4 3001 
low 0.8423 1 3 3000 
low 0.8407 1 5 3006 
low 0.8363 1 6 3007 
low 0.8310 1 4 3006 
low 0.8286 1 4 3121 
low 0.8182 1 6 3066 
low 0.8076 1 5 3007 
low 0.7801 1 6 7384 
low 0.7713 1 5 3010 
low 0.7795 1 4 3006 
low 0.7861 1 5 3014 
low 0.7768 1 6 3084 
low 0.7659 1 4 3007 
low 0.7823 1 5 3017 
low 0.7764 1 7 3032 
low 0.7607 1 6 3036 
low 0.7684 1 7 3043 
low 0.7680 1 6 3275 
low 0.7728 1 6 5894 
low 0.7617 1 7 4468 
low 0.7689 1 6 3034 
low 0.7313 2 13 6075 
low 0.7175 1 7 4408 
low 0.7332 2 9 6030 
low 0.7421 1 6 3033 
low 0.7273 1 5 3021 
low 0.7390 1 6 2945 
low 0.7420 1 4 3001 
low 0.7583 1 5 3002 
low 0.7458 1 4 3001 
low 0.7319 1 4 3003 
low 0.7280 1 3 3000 
low 0.7211 1 3 3000 
low 0.7081 1 5 3004 
low 0.6879 1 3 3000 
low 0.6814 1 4 3001 
low 0.6707 1 3 3000 
low 0.6619 1 5 3006 
low 0.6563 2 7 6004 
low 0.6497 2 6 6003 
low 0.6554 2 6 6009 
low 0.6491 1 3 3000 
low 0.6472 1 4 3001 
low 0.6513 2 6 6001 
low 0.6241 1 4 3001 
low 0.6311 1 4 3001 
low 0.6243 1 3 3000 
low 0.6255 1 3 3000 
low 0.6267 1 5 3004 
low 0.6382 1 4 3001 
low 0.6585 1 4 3001 
low 0.6697 2 7 6000 
low 0.6572 1 3 3004 
low 0.6428 1 4 3002 
low 0.6465 1 5 3003 
low 0.6582 1 4 3004 
low 0.6690 2 6 6002 
low 0.6783 1 5 4499 
low 0.6624 1 4 4560 
low 0.6562 1 4 3005 
low 0.6565 1 3 3002 
low 0.6631 1 4 3002 
low 0.6575 1 3 3002 
low 0.6667 1 3 2939 
low 0.6758 1 3 2999 
low 0.6822 1 3 2999 
low 0.6858 2 6 5998 
low 0.6715 1 5 3004 
low 0.6724 2 7 6012 
low 0.6704 2 9 6026 
low 0.6674 1 5 3015 
low 0.6777 2 8 6019 
low 0.6967 2 6 6009 
low 0.6972 1 3 2999 
low 0.7056 3 9 8997 
low 0.7115 1 3 2999 
low 0.6953 3 10 9248 
low 0.7061 1 3 2999 
low 0.7086 1 4 3000 
low 0.7208 1 3 2999 
low 0.7203 1 3 2999 
low 0.7226 1 3 2999 
low 0.7233 1 3 2999 
low 0.7240 1 3 2999 
low 0.7222 1 3 2999 
low 0.7147 1 4 3000 
low 0.7041 1 4 3000 
low 0.7034 1 3 3012 
low 0.7108 1 5 3001 
low 0.7263 1 3 3009 
low 0.7037 1 3 3010 
low 0.6983 1 3 3010 
low 0.7046 1 3 3010 
low 0.7103 1 3 3009 
low 0.6860 2 7 6788 
low 0.6885 1 4 3489 
low 0.6948 1 3 3009 
low 0.7045 1 3 3008 
low 0.7117 1 3 3009 
low 0.7221 1 3 3009 
low 0.7241 1 3 3010 
low 0.7134 1 3 3010 
low 0.7129 1 3 3009 
low 0.7099 1 3 3010 
low 0.6889 1 3 3009 
low 0.6939 1 3 2999 
low 0.6908 1 3 2999 
low 0.6976 1 3 2999 
low 0.6871 2 6 5998 
low 0.6821 2 6 6009 
low 0.6817 2 6 6059 
low 0.6880 1 3 2999 
low 0.7006 1 3 2999 
low 0.7057 1 4 3000 
low 0.7172 1 3 2999 
low 0.7184 1 3 2999 
low 0.7234 1 3 2999 
low 0.7201 3 9 8937 
low 0.7409 1 3 2999 
low 0.7198 1 3 2999 
low 0.7131 1 3 2999 
low 0.7171 1 3 2999 
low 0.7166 1 3 2999 
low 0.7146 1 5 3001 
low 0.7087 1 3 2999 
low 0.6874 1 3 3010 
low 0.6844 1 3 3009 
low 0.6779 1 4 3011 
low 0.6852 1 5 3048 
low 0.6816 1 3 3010 
low 0.6987 1 5 4506 
low 0.7054 1 5 4931 
low 0.7073 1 3 3010 
low 0.7181 1 3 3009 
low 0.7244 2 6 6008 
low 0.7279 1 6 3021 
low 0.7209 1 7 3234 
low 0.7176 1 3 3010 
low 0.7306 1 3 2999 
low 0.7153 1 4 3000 
low 0.7187 1 3 2999 
low 0.7242 1 3 2999 
low 0.7302 1 3 2999 
low 0.6984 1 5 4252 
low 0.6928 1 3 3075 
low 0.6959 1 3 2999 
low 0.6973 1 3 2999 
low 0.6687 1 3 2999 
low 0.6748 1 3 3008 
low 0.6698 1 3 3009 
low 0.6529 1 3 3008 
low 0.6500 1 4 3009 
low 0.6537 1 3 3008 
low 0.6629 1 3 3008 
low 0.6504 1 3 3008 
low 0.6423 1 3 3008 
low 0.6454 1 3 3008 
low 0.6516 1 3 3008 
low 0.6464 1 3 3068 
low 0.6519 1 3 3008 
low 0.6752 1 3 3008 
low 0.6837 1 3 3008 
low 0.6826 1 3 3008 
low 0.6762 1 3 3009 
low 0.6705 1 4 3185 
low 0.6592 1 3 3000 
low 0.6706 1 4 3001 
low 0.6746 1 3 3009 
low 0.6765 1 3 3009 
low 0.6792 1 3 3008 
low 0.6756 1 4 3000 
low 0.6753 1 3 2999 
low 0.6743 1 3 2999 
low 0.6807 1 3 2999 
low 0.6785 1 3 2999 
low 0.6717 1 3 2999 
low 0.6580 1 3 2999 
low 0.6579 1 3 2999 
low 0.6525 1 3 2999 
low 0.6549 1 3 2999 
low 0.6490 1 3 2999 
low 0.6480 1 3 2999 
low 0.6493 1 3 2999 
low 0.6564 1 3 2999 
low 0.6487 1 3 2999 
low 0.6552 1 3 2999 
low 0.6655 1 3 2999 
low 0.6567 1 3 2999 
low 0.6642 1 3 2999 
low 0.6541 1 3 2999 
close 0.5328 1 7 7571 
close 0.5412 1 7 7825 
close 0.5404 1 7 7760 
close 0.5491 1 7 7963 
close 0.5483 1 7 8021 
close 0.5475 1 7 8131 
close 0.5537 1 7 7989 
close 0.5653 1 7 7969 
close 0.5659 1 7 7794 
close 0.5462 1 7 7458 
close 0.5492 1 7 7198 
close 0.5474 1 7 6778 
close 0.5511 1 7 7018 
close 0.5467 1 7 6802 
close 0.5567 1 7 7130 
close 0.5524 1 7 7515 
close 0.5617 1 7 7194 
close 0.5684 1 7 7013 
close 0.5748 1 7 6834 
close 0.5809 1 7 6740 
close 0.5756 1 7 6956 
close 0.5815 1 7 6838 
close 0.5770 1 7 6670 
close 0.5846 2 14 13822 
close 0.5852 1 7 6817 
close 0.5943 1 7 6910 
close 0.5870 1 7 6733 
close 0.5824 2 14 13744 
close 0.5790 1 7 6640 
close 0.5889 1 7 6705 
close 0.5883 1 7 6980 
close 0.5670 1 7 6731 
close 0.5675 1 7 6788 
close 0.5813 1 7 6822 
close 0.5836 1 7 6871 
close 0.5951 2 10 9765 
close 0.5999 1 7 6674 
close 0.5981 1 7 6815 
close 0.5936 1 7 6702 
close 0.6068 1 7 6878 
close 0.6110 1 7 6986 
close 0.6161 1 7 6776 
close 0.6252 1 7 6971 
close 0.6367 1 7 6401 
close 0.6415 1 7 6612 
close 0.6459 1 7 6786 
close 0.6474 1 7 6875 
close 0.6452 1 7 6676 
close 0.6469 1 7 6868 
close 0.6545 1 7 8547 
close 0.6705 1 7 4505 
close 0.6798 2 10 6085 
close 0.6710 4 19 12135 
close 0.6724 2 10 6105 
close 0.6813 2 12 6088 
close 0.7000 2 11 6093 
close 0.6993 2 12 7361 
close 0.6867 1 7 3080 
close 0.6676 1 7 3065 
close 0.6588 2 10 6085 
close 0.6499 2 10 6069 
close 0.6502 1 7 3076 
close 0.6677 1 7 3019 
close 0.6590 3 13 9089 
close 0.6343 1 7 3078 
close 0.6214 1 7 3079 
close 0.6228 1 7 3076 
close 0.6362 1 7 3073 
close 0.6115 1 7 3078 
close 0.6063 1 7 3097 
close 0.6218 1 7 3089 
close 0.6224 1 7 3041 
close 0.6209 2 10 6031 
close 0.6276 1 7 3040 
close 0.6245 1 7 3036 
close 0.6354 1 7 3035 
close 0.6566 1 7 3049 
close 0.6526 1 7 3046 
close 0.6388 1 7 3039 
close 0.6291 1 7 3034 
close 0.6458 1 7 3033 
close 0.6540 1 7 3039 
close 0.6636 1 7 3036 
close 0.6485 1 7 3037 
close 0.6546 1 7 3037 
close 0.6535 1 7 3038 
close 0.6568 1 7 3039 
close 0.6621 1 7 3031 
close 0.6696 1 7 3033 
close 0.6738 1 7 3037 
close 0.6772 1 7 3035 
close 0.6898 2 10 6030 
close 0.6874 1 7 3043 
close 0.6900 1 7 3097 
close 0.6842 1 7 3044 
close 0.7075 1 7 3033 
close 0.7110 1 7 3045 
close 0.7183 1 7 3040 
close 0.7146 2 12 6044 
close 0.7175 1 7 3031 
close 0.7111 2 11 6035 
close 0.7128 4 18 12058 
close 0.6988 1 7 4355 
close 0.7062 1 7 3039 
close 0.7014 2 7 6024 
close 0.7147 2 6 5998 
close 0.7140 1 4 3007 
close 0.7039 1 3 2999 
close 0.7132 2 9 6005 
close 0.7210 1 3 2999 
close 0.7267 2 7 6003 
close 0.7387 2 6 6006 
close 0.7447 1 3 2999 
close 0.7169 1 3 2999 
close 0.7082 1 3 2939 
close 0.7106 3 10 8998 
close 0.7265 1 3 2999 
close 0.7232 1 3 2999 
close 0.7331 1 3 2999 
close 0.7269 1 3 2999 
close 0.7127 1 3 2999 
close 0.7141 1 3 2999 
close 0.6967 2 6 5998 
close 0.7135 3 9 8997 
close 0.6994 1 3 2999 
close 0.6722 1 3 2999 
close 0.6718 3 9 9057 
close 0.6785 1 3 2999 
close 0.6908 1 3 2999 
close 0.6965 1 3 2999 
close 0.6952 1 3 2999 
close 0.6949 1 3 2999 
close 0.7040 2 6 6009 
close 0.7078 1 3 2999 
close 0.7004 1 3 3007 
close 0.6902 1 3 2999 
close 0.6941 1 3 2999 
close 0.6969 3 10 9487 
close 0.7002 1 3 2999 
close 0.6919 1 3 3059 
close 0.6873 1 3 2999 
close 0.6846 1 3 2999 
close 0.6935 2 6 5998 
close 0.7038 2 6 5998 
close 0.7028 1 3 2999 
close 0.7065 1 3 2999 
close 0.6782 1 3 2999 
close 0.6805 1 3 2999 
close 0.6862 3 9 8997 
close 0.6855 1 3 2999 
close 0.6865 1 3 2999 
close 0.6841 1 3 2999 
close 0.6747 1 4 3000 
close 0.6736 1 3 2999 
close 0.6580 1 4 3000 
close 0.6651 1 4 3000 
close 0.6509 1 3 2999 
close 0.6463 1 4 3003 
close 0.6248 1 3 2999 
close 0.6048 1 3 2939 
close 0.6143 1 3 2999 
close 0.6242 1 3 2999 
close 0.6332 1 3 3000 
close 0.6301 1 3 3000 
close 0.6396 1 3 2999 
close 0.6244 1 3 2999 
close 0.6225 1 4 3001 
close 0.6350 1 3 2999 
close 0.6351 1 4 3000 
close 0.6300 1 3 2999 
close 0.6230 1 3 2999 
close 0.6172 1 3 2999 
close 0.6042 1 3 2999 
close 0.6185 1 3 2999 
close 0.6249 1 4 3000 
close 0.6220 1 3 2999 
close 0.6317 1 3 2999 
close 0.6416 1 4 3001 
close 0.6363 1 3 2999 
close 0.6500 1 3 2999 
close 0.6544 1 4 3000 
close 0.6576 2 8 6002 
close 0.6567 1 3 2999 
close 0.6627 1 3 2999 
close 0.6632 2 6 6001 
close 0.6562 1 4 3003 
close 0.6664 1 3 2999 
close 0.6592 1 3 2999 
close 0.6702 1 3 3000 
close 0.6776 1 3 2999 
close 0.6853 1 3 2999 
close 0.6930 2 6 5998 
close 0.6946 1 3 2999 
close 0.7019 3 10 10378 
close 0.7074 1 4 4380 
close 0.6870 1 3 2999 
close 0.6927 2 6 5998 
close 0.7010 2 6 6009 
close 0.6896 2 6 6008 
close 0.6879 2 6 5998 
close 0.6934 1 3 2999 
close 0.7061 1 3 2999 
close 0.7005 1 3 2999 
close 0.6784 2 6 6007 
close 0.7101 1 3 2939 
close 0.7211 1 3 2999 
close 0.7283 1 3 2999 
close 0.7475 1 3 2999 
close 0.7443 1 3 2999 
close 0.7374 1 3 2999 
close 0.7326 1 3 2999 
close 0.7329 1 3 2999 
close 0.7290 1 3 2999 
close 0.7303 1 3 2999 
close 0.7531 1 3 2999 
close 0.7487 1 3 2999 
close 0.7581 1 3 2999 
close 0.7636 1 3 2999 
close 0.7813 1 3 2999 
close 0.7815 1 4 3007 
close 0.7931 1 3 2999 
close 0.8013 1 3 2999 
close 0.7661 1 3 2999 
close 0.7698 1 3 3002 
close 0.7060 1 3 2999 
close 0.7068 1 4 3018 
close 0.7042 1 4 3001 
close 0.7353 2 6 5998 
close 0.7441 1 3 2999 
close 0.7526 1 3 2999 
close 0.7626 1 3 2999 
close 0.7502 1 4 3000 
close 0.7557 2 7 5999 
close 0.7728 1 3 3059 
close 0.7692 2 6 5998 
close 0.7614 1 3 2999 
close 0.7519 1 4 3000 
close 0.7727 1 4 3000 
close 0.7722 1 3 2999 
close 0.7864 2 7 6060 
close 0.7536 1 3 2999 
close 0.7672 1 5 4380 
close 0.7740 1 5 5819 
close 0.7742 1 4 3000 
close 0.7693 1 3 2999 
close 0.7632 1 3 2999 
close 0.7824 1 3 2999 
close 0.7865 1 3 2999 
close 0.7837 2 8 6016 
close 0.7985 1 3 2999 
close 0.8153 1 3 2999 
close 0.8028 1 3 2999 
close 0.8063 1 3 2999 
close 0.7988 1 3 2999 
close 0.8045 1 3 2999 
close 0.7883 1 3 2939 
close 0.7968 1 3 2999 
close 0.7922 2 7 6046 
close 0.7937 1 3 2999 
close 0.7819 1 3 2999 
close 0.7759 2 7 5999 
close 0.7769 1 3 2999 
close 0.7851 1 3 2999 
close 0.7694 1 3 2999 
close 0.7548 1 3 2999 
close 0.7586 1 3 2999 
close 0.7568 1 3 2999 
close 0.7596 1 3 2999 
close 0.7565 2 10 6035 
close 0.7706 1 3 2999 
close 0.7446 1 3 2999 
close 0.7337 1 3 2999 
close 0.7198 1 3 2999 
close 0.7020 3 9 8997 
close 0.6838 1 3 2999 
close 0.6531 1 3 2999 
close 0.6599 1 4 3000 
close 0.6820 2 6 5999 
close 0.6729 2 7 5999 
close 0.6003 1 3 2999 
close 0.5966 1 3 2999 
close 0.5890 1 3 2999 
close 0.5799 1 4 3071 
close 0.5965 1 4 3003 
close 0.5559 1 3 2999 
close 0.5423 1 3 2999 
close 0.5506 1 3 2999 
close 0.5339 1 3 2999 
close 0.5432 1 3 2999 
close 0.5927 1 3 2999 
close 0.5740 1 5 3116 
close 0.5811 1 5 4799 
close 0.5911 1 4 4377 
close 0.5409 1 3 2999 
close 0.5335 1 3 2999 
close 0.5243 1 3 2999 
close 0.5080 1 3 2999 
close 0.5255 1 3 2999 
close 0.5105 1 3 2999 
close 0.5091 1 3 2999 
close 0.5045 1 3 2999 
close 0.5116 1 3 2999 
close 0.5445 1 3 2999 
close 0.5691 1 3 2999 
close 0.5664 1 3 2939 
close 0.5775 1 4 3000 
close 0.5800 1 3 2999 
close 0.5564 1 3 2999 
close 0.5638 1 3 2999 
close 0.5874 1 3 2999 
close 0.5922 1 3 2999 
close 0.6056 1 5 3001 
close 0.6156 1 3 2999 
close 0.6352 1 3 2999 
close 0.6329 1 3 2999 
close 0.6311 1 3 2999 
close 0.6389 1 3 2999 
close 0.6408 1 3 2999 
close 0.6253 1 3 2999 
close 0.6486 1 3 2999 
close 0.6582 2 6 5998 
close 0.6482 1 3 2999 
close 0.6709 1 3 2999 
close 0.6737 2 6 5998 
close 0.6810 1 3 2999 
close 0.6975 2 6 5998 
close 0.7123 1 4 3000 
close 0.7181 1 3 2999 
close 0.7235 2 6 6011 
close 0.7361 1 3 2999 
close 0.7425 2 8 6002 
close 0.7572 1 4 3000 
close 0.7219 2 6 6058 
close 0.7238 1 3 2999 
close 0.7397 1 3 2999 
close 0.7454 1 3 2999 
close 0.7320 1 3 3028 
close 0.7231 2 6 5998 
close 0.7224 1 3 3001 
close 0.7195 1 3 2999 
close 0.7227 1 4 4618 
close 0.7372 1 4 4618 
close 0.7066 2 6 5998 
close 0.6978 1 3 2999 
close 0.6929 1 3 2999 
close 0.6940 2 6 5998 
close 0.7022 2 6 6009 
close 0.7067 1 3 2939 
close 0.7152 1 5 3003 
close 0.7096 1 3 2999 
close 0.7177 1 5 3001 
close 0.7247 1 3 2999 
close 0.7148 1 3 2999 
close 0.6674 1 3 2999 
close 0.6800 2 6 5998 
close 0.6976 1 3 2999 
close 0.7125 2 6 5998 
close 0.6852 1 3 2999 
close 0.7033 1 3 2999 
close 0.7213 1 3 2999 
close 0.7225 1 5 3005 
close 0.7294 2 10 6012 
close 0.7117 2 10 6002 
close 0.7012 1 6 3020 
close 0.7218 1 5 3003 
close 0.7272 3 10 9008 
close 0.7316 1 5 3051 
close 0.7359 1 4 3003 
close 0.7516 1 6 3213 
close 0.7574 1 6 3076 
close 0.7523 2 7 6002 
close 0.7463 1 5 3046 
close 0.7802 1 5 3001 
close 0.7702 2 6 5999 
close 0.7604 1 5 3004 
close 0.7486 1 6 3153 
close 0.7470 1 4 3001 
close 0.7399 1 7 3014 
close 0.7412 1 3 3000 
close 0.7669 1 7 3766 
close 0.7573 1 4 3271 
close 0.7630 1 5 3003 
close 0.7652 1 5 3027 
close 0.7716 1 5 3020 
close 0.7732 1 5 3003 
close 0.7712 2 9 6015 
close 0.7541 1 4 3001 
close 0.7452 2 7 6004 
close 0.7423 1 4 3002 
close 0.7363 2 10 7407 
close 0.7194 2 7 5999 
close 0.7618 1 3 2939 
close 0.7772 2 8 6119 
close 0.7873 1 3 2999 
close 0.7956 2 10 6080 
close 0.8020 1 4 3028 
close 0.7907 1 4 3041 
close 0.7897 1 3 2999 
close 0.7976 1 3 2999 
close 0.8151 2 9 6019 
close 0.8224 1 3 2999 
close 0.8060 1 3 2999 
close 0.8141 1 3 2999 
close 0.8263 2 7 6062 
close 0.8270 1 4 3262 
close 0.8483 2 7 6000 
close 0.8583 2 6 5998 
close 0.8714 1 3 2999 
close 0.8656 1 3 2999 
close 0.8087 1 4 3001 
close 0.8353 1 3 2999 
close 0.8285 1 3 2999 
close 0.8524 1 3 2999 
close 0.8337 1 6 3058 
close 0.8184 1 7 3090 
close 0.7994 1 7 3019 
close 0.7744 1 5 3040 
close 0.7655 1 4 3021 
close 0.7953 1 5 3052 
close 0.7927 1 6 3043 
close 0.7991 1 4 3003 
close 0.7855 1 5 3090 
close 0.7788 1 3 2999 
close 0.7647 2 9 6017 
close 0.7396 1 3 2999 
close 0.7789 1 4 3035 
close 0.7805 1 4 3025 
close 0.7492 1 3 2999 
close 0.7678 1 4 3686 
close 0.7869 1 4 3420 
close 0.7969 1 3 2999 
close 0.8022 1 3 2999 
close 0.8163 2 7 5999 
close 0.8324 1 4 3000 
close 0.8327 1 3 2999 
close 0.8321 1 3 2999 
close 0.8280 1 3 2999 
close 0.8344 1 3 2999 
close 0.8152 1 3 2999 
close 0.8086 1 3 2999 
close 0.8117 1 3 3008 
close 0.8176 1 3 2939 
close 0.8193 1 4 3011 
close 0.8157 1 3 2999 
close 0.8146 2 6 5998 
close 0.8073 1 3 2999 
close 0.7839 1 3 2999 
close 0.7515 1 3 2999 
close 0.8003 1 4 3001 
close 0.7925 1 3 2999 
close 0.8033 1 3 2999 
close 0.7947 2 9 6022 
close 0.7998 1 3 2999 
close 0.7905 1 3 3000 
close 0.8084 2 8 6006 
close 0.8120 1 4 3000 
close 0.8066 1 3 2999 
close 0.8136 1 3 2999 
close 0.8010 1 3 2999 
close 0.8207 1 4 3010 
close 0.8297 1 3 2999 
close 0.8244 1 3 2999 
close 0.8208 1 3 3000 
close 0.8209 1 6 3023 
close 0.8200 3 17 10813 
close 0.8212 1 6 3062 
close 0.8191 1 4 3003 
close 0.8101 1 3 2999 
close 0.8236 1 3 3008 
close 0.8291 1 3 2999 
close 0.8429 1 4 3000 
close 0.8341 1 4 3004 
close 0.8190 1 7 4822 
close 0.8333 1 4 3001 
close 0.8392 1 4 3000 
close 0.8408 1 3 2999 
close 0.8417 2 7 6006 
close 0.8361 1 5 3001 
close 0.8388 1 3 3001 
close 0.8452 1 5 3001 
close 0.8360 1 4 3000 
close 0.8267 1 4 3001 
close 0.8272 2 6 5999 
close 0.8165 1 4 3000 
close 0.8256 2 8 6002 
close 0.8369 1 4 3000 
close 0.8415 1 3 2939 
close 0.8442 1 3 2999 
close 0.8469 1 3 2999 
close 0.8504 1 3 2999 
close 0.8461 1 3 2999 
close 0.8239 2 9 6002 
close 0.8054 1 3 2999 
close 0.8094 1 3 2999 
close 0.7957 1 3 2999 
close 0.7952 1 3 2999 
close 0.7854 1 4 3000 
close 0.7773 1 3 2999 
close 0.7930 1 3 3000 
close 0.7898 1 4 3725 
close 0.7970 1 5 3007 
close 0.7940 1 4 3001 
close 0.8038 1 5 3002 
close 0.7856 1 3 3000 
close 0.7812 1 4 3001 
close 0.7892 1 3 3000 
close 0.8128 1 4 3030 
close 0.8364 1 3 3000 
close 0.8307 1 3 3000 
close 0.8299 1 3 3000 
close 0.8419 1 3 3000 
close 0.8375 1 3 3002 
close 0.8284 1 5 3013 
close 0.8268 1 5 3013 
close 0.8147 1 5 3008 
close 0.8196 1 4 3006 
close 0.8235 1 3 3001 
close 0.8171 1 7 5882 
close 0.8260 1 3 3001 
close 0.8330 1 3 3002 
close 0.8304 1 3 3000 
close 0.8213 1 3 3002 
close 0.8221 1 5 3004 
close 0.8316 1 4 3005 
close 0.8309 1 3 3000 
close 0.8411 1 3 3001 
close 0.8515 1 4 3001 
close 0.8529 1 3 2999 
close 0.8597 1 3 2999 
close 0.8570 1 5 2943 
close 0.8713 1 4 3002 
close 0.8622 1 4 3001 
close 0.8606 2 8 6003 
close 0.8611 1 3 3001 
close 0.8650 1 3 3000 
close 0.8660 1 3 3000 
close 0.8572 1 3 3000 
close 0.8489 1 4 3002 
close 0.8423 1 3 3001 
close 0.8718 1 4 3001 
close 0.8729 1 4 3003 
close 0.8768 1 3 3000 
close 0.8820 1 4 3001 
close 0.8712 1 4 3001 
close 0.8603 1 3 3000 
close 0.8473 1 3 3000 
close 0.8480 1 5 3006 
close 0.8370 2 10 6013 
close 0.8322 1 4 3121 
close 0.7807 1 6 7384 
close 0.7775 2 14 13166 
close 0.7893 1 5 3010 
close 0.7971 1 4 3006 
close 0.7870 1 5 3014 
close 0.7811 1 6 3084 
close 0.7866 1 4 3007 
close 0.7872 1 7 3032 
close 0.7748 1 7 3036 
close 0.7801 1 6 3036 
close 0.7695 1 7 3043 
close 0.7729 1 6 3275 
close 0.7794 1 6 5894 
close 0.7720 1 6 3034 
close 0.7322 2 10 6040 
close 0.7371 1 6 3031 
close 0.7544 1 6 3034 
close 0.7570 1 6 3033 
close 0.7583 1 6 3033 
close 0.7308 3 13 9043 
close 0.7474 1 5 3021 
close 0.7592 1 6 3009 
close 0.7439 1 6 2945 
close 0.7555 1 3 3000 
close 0.7588 1 4 3001 
close 0.7641 1 5 3002 
close 0.7613 1 4 3002 
close 0.7491 1 4 3001 
close 0.7535 1 4 3003 
close 0.7297 1 3 3000 
close 0.7256 1 3 3000 
close 0.7055 1 5 3004 
close 0.6922 1 3 3000 
close 0.6886 2 7 6000 
close 0.6708 1 3 3000 
close 0.6717 2 9 6007 
close 0.6578 1 4 3002 
close 0.6631 3 10 10569 
close 0.6656 2 6 6008 
close 0.6516 1 3 3000 
close 0.6608 2 8 6002 
close 0.6591 1 3 3000 
close 0.6446 1 4 3001 
close 0.6365 1 4 3001 
close 0.6283 1 3 3000 
close 0.6342 1 3 3000 
close 0.6269 1 3 3000 
close 0.6385 1 5 3004 
close 0.6794 1 4 3001 
close 0.6683 1 4 3062 
close 0.6593 1 3 3004 
close 0.6557 1 3 3003 
close 0.6470 1 4 3002 
close 0.6639 1 3 3001 
close 0.6721 1 4 3004 
close 0.6803 1 3 3003 
close 0.6786 2 8 6004 
close 0.6834 1 5 4499 
close 0.6508 1 3 3002 
close 0.6436 1 3 3002 
close 0.6433 1 3 3002 
close 0.6657 1 3 3001 
close 0.6681 1 4 3005 
close 0.6655 1 3 3002 
close 0.6669 1 3 3002 
close 0.6637 1 4 3002 
close 0.6730 2 6 6001 
close 0.6711 1 3 3001 
close 0.6904 1 3 2939 
close 0.6829 1 3 2999 
close 0.6903 1 3 2999 
close 0.6972 1 3 2999 
close 0.6885 1 3 2999 
close 0.6751 1 4 3004 
close 0.6821 1 5 3015 
close 0.7073 1 4 3007 
close 0.7162 1 3 2999 
close 0.7120 1 3 2999 
close 0.7260 1 3 2999 
close 0.6957 1 3 2999 
close 0.7064 1 4 3239 
close 0.7281 1 4 3000 
close 0.7264 1 4 3001 
close 0.7317 2 6 5998 
close 0.7244 1 3 2999 
close 0.7345 1 3 2999 
close 0.7160 1 4 3000 
close 0.7050 1 4 3000 
close 0.7150 1 5 3001 
close 0.7285 1 4 3061 
close 0.7278 1 3 3009 
close 0.7071 1 3 3010 
close 0.7006 1 3 3010 
close 0.7081 1 3 3009 
close 0.7164 1 3 3010 
close 0.7116 1 3 3009 
close 0.6917 1 4 3789 
close 0.7053 2 8 7515 
close 0.7122 1 3 3008 
close 0.7277 1 3 3009 
close 0.7263 1 3 3010 
close 0.7220 1 3 3010 
close 0.7188 1 3 3009 
close 0.7144 1 3 3010 
close 0.6913 1 3 3010 
close 0.7032 1 3 2949 
close 0.6977 1 3 2999 
close 0.7037 1 3 2999 
close 0.6894 2 6 6007 
close 0.6828 1 3 2999 
close 0.7041 1 3 2999 
close 0.7076 1 3 2999 
close 0.7248 2 6 5998 
close 0.7237 1 3 2999 
close 0.7304 1 3 2999 
close 0.7287 1 4 3001 
close 0.7360 1 6 3876 
close 0.7522 1 3 2999 
close 0.7417 1 3 2999 
close 0.7203 2 6 5998 
close 0.7199 1 3 2999 
close 0.7250 1 3 2999 
close 0.7351 1 3 2999 
close 0.7157 1 5 3001 
close 0.7093 1 3 2999 
close 0.7156 1 3 2999 
close 0.6881 2 7 6010 
close 0.6887 1 3 3060 
close 0.6963 1 3 3010 
close 0.6875 1 3 3009 
close 0.6878 1 5 3048 
close 0.6882 1 3 3010 
close 0.7091 1 5 4931 
close 0.7196 1 3 3010 
close 0.7268 1 3 3009 
close 0.7338 1 3 3009 
close 0.7362 1 6 3021 
close 0.7234 1 7 3234 
close 0.7364 1 3 3010 
close 0.7204 1 3 2999 
close 0.7275 1 3 2999 
close 0.7310 1 3 2999 
close 0.7222 1 4 3000 
close 0.7209 1 3 2939 
close 0.7366 1 3 2999 
close 0.7070 1 3 2999 
close 0.6932 1 3 3075 
close 0.6921 1 3 2999 
close 0.6984 1 3 3074 
close 0.7036 1 3 2999 
close 0.6804 1 3 2999 
close 0.6760 1 3 2999 
close 0.6752 1 3 3008 
close 0.6793 2 6 6016 
close 0.6837 1 3 3009 
close 0.6560 1 3 3009 
close 0.6698 2 6 6008 
close 0.6559 2 7 6008 
close 0.6513 2 6 6007 
close 0.6461 1 3 3008 
close 0.6536 1 3 3008 
close 0.6517 1 3 3008 
close 0.6519 1 3 3068 
close 0.6797 1 3 3009 
close 0.6831 1 3 3008 
close 0.6868 1 3 3008 
close 0.6856 1 3 3008 
close 0.6766 1 3 3009 
close 0.6732 1 4 3185 
close 0.6653 1 4 3187 
close 0.6787 1 3 3000 
close 0.6775 2 6 6009 
close 0.6891 1 3 3009 
close 0.6795 1 3 3009 
close 0.6857 1 3 3008 
close 0.6844 1 4 3000 
close 0.6765 1 3 2999 
close 0.6911 1 3 2999 
close 0.6788 1 3 2939 
close 0.6764 1 3 2999 
close 0.6625 1 3 2999 
close 0.6492 1 3 2999 
close 0.6623 1 3 2999 
close 0.6574 1 3 2999 
close 0.6553 1 3 2999 
close 0.6678 1 3 2999 
close 0.6706 1 3 2999 
close 0.6642 1 3 2999 
close 0.6548 1 3 2999 
body 0.0079 4 16 16568 
body 0.0084 2 10 10834 
body -0.0007 6 26 22827 
body 0.0087 2 10 10962 
body -0.0008 6 27 28166 
body 0.0062 2 10 10997 
body 0.0116 4 18 16971 
body 0.0006 6 34 26902 
body -0.0196 1 7 7458 
body 0.0030 2 14 10229 
body -0.0018 4 17 15777 
body 0.0037 3 13 13019 
body -0.0043 6 27 26315 
body 0.0100 5 23 22832 
body 0.0094 4 16 16194 
body 0.0068 3 13 13012 
body 0.0066 2 10 9833 
body 0.0061 2 14 9777 
body -0.0053 2 10 9955 
body 0.0059 4 17 15776 
body -0.0045 7 30 28369 
body 0.0078 4 17 16193 
body 0.0007 5 21 18879 
body 0.0091 6 26 25877 
body -0.0074 3 13 12739 
body -0.0028 5 21 18647 
body -0.0023 2 10 9871 
body 0.0000 3 14 12871 
body -0.0033 3 15 12703 
body -0.0006 2 10 9979 
body -0.0212 1 7 6731 
body 0.0139 3 14 12831 
body 0.0024 3 13 12870 
body 0.0115 2 10 9766 
body 0.0048 2 14 13286 
body -0.0017 4 18 15816 
body 0.0132 2 10 9877 
body 0.0043 1 7 6986 
body 0.0051 2 10 9775 
body 0.0114 2 12 9406 
body 0.0046 2 10 9725 
body 0.0016 7 28 24900 
body -0.0022 3 14 12680 
body 0.0017 2 14 9908 
body 0.0076 2 10 11557 
body 0.0160 1 7 4505 
body 0.0093 3 14 10462 
body -0.0088 6 27 18199 
body 0.0015 3 16 9111 
body 0.0089 4 16 12082 
body 0.0187 2 11 6094 
body -0.0127 2 10 6079 
body -0.0191 1 7 3065 
body -0.0089 7 28 21098 
body 0.0002 4 17 12150 
body 0.0176 1 7 3019 
body -0.0087 4 17 12022 
body -0.0247 1 7 3078 
body -0.0129 1 7 3079 
body 0.0014 5 19 15085 
body 0.0134 3 15 9074 
body -0.0246 1 7 3078 
body -0.0052 4 17 12107 
body 0.0155 2 11 6096 
body -0.0015 4 19 12058 
body 0.0067 4 19 14858 
body -0.0030 2 11 6037 
body 0.0108 2 10 6034 
body 0.0211 2 10 6048 
body -0.0040 2 10 6045 
body -0.0138 1 7 3039 
body -0.0096 1 7 3034 
body 0.0167 2 10 6032 
body 0.0080 2 12 6040 
body 0.0097 3 13 9034 
body -0.0152 2 10 6036 
body -0.0011 1 7 3038 
body 0.0033 3 14 9039 
body 0.0052 6 25 18033 
body 0.0075 2 10 6041 
body 0.0042 3 14 9047 
body 0.0034 2 14 6067 
body 0.0126 2 10 6030 
body -0.0024 4 16 12040 
body 0.0026 3 16 9138 
body -0.0059 4 19 12126 
body 0.0233 2 10 6032 
body 0.0035 8 32 24315 
body 0.0073 4 17 13418 
body -0.0037 2 10 6039 
body -0.0064 4 20 14914 
body -0.0140 2 10 7354 
body 0.0074 4 16 12036 
body -0.0048 4 13 12022 
body 0.0133 1 3 2999 
body -0.0102 3 10 8999 
body 0.0092 2 7 6000 
body 0.0057 7 22 20994 
body 0.0120 2 6 6007 
body 0.0060 4 14 12002 
body -0.0278 1 3 2999 
body 0.0159 2 6 5998 
body 0.0003 4 14 12002 
body -0.0035 3 10 9183 
body 0.0099 4 13 11998 
body -0.0061 2 6 6074 
body -0.0141 1 3 2999 
body -0.0174 1 3 2999 
body 0.0168 2 6 5998 
body -0.0139 4 13 12000 
body -0.0272 1 3 2999 
body -0.0004 2 6 5998 
body 0.0013 4 15 12031 
body 0.0109 4 14 12012 
body -0.0003 4 13 12007 
body 0.0038 4 12 11997 
body 0.0039 4 12 12007 
body 0.0028 2 6 5998 
body -0.0083 2 6 6068 
body -0.0046 2 8 6000 
body -0.0026 4 20 17741 
body 0.0103 3 9 9009 
body -0.0010 6 18 17995 
body -0.0283 1 3 2999 
body 0.0023 3 10 9796 
body 0.0107 2 8 6002 
body -0.0115 2 6 5998 
body 0.0009 2 7 6017 
body -0.0094 2 7 6000 
body -0.0012 4 12 12008 
body -0.0156 2 7 5999 
body 0.0071 4 15 13797 
body -0.0143 2 6 6007 
body -0.0047 4 14 12125 
body -0.0215 1 3 2999 
body -0.0200 1 3 2939 
body 0.0095 2 7 6004 
body -0.0031 4 15 12736 
body -0.0019 4 13 12018 
body 0.0124 2 6 5998 
body -0.0051 1 3 2999 
body -0.0071 2 7 5999 
body -0.0058 2 6 5998 
body -0.0221 3 10 8998 
body 0.0143 2 7 6000 
body 0.0063 4 16 12024 
body -0.0041 3 12 9015 
body 0.0011 2 6 5998 
body 0.0137 1 3 2999 
body 0.0045 3 13 8962 
body -0.0039 4 12 11996 
body 0.0044 7 27 22570 
body -0.0070 2 11 6017 
body 0.0157 2 6 6059 
body -0.0054 2 6 5998 
body -0.0072 6 20 18003 
body 0.0110 1 3 3000 
body 0.0077 4 12 12006 
body 0.0055 3 10 10378 
body -0.0204 1 3 2999 
body 0.0083 4 16 12088 
body 0.0054 4 13 12007 
body 0.0127 2 6 5998 
body -0.0056 4 15 12031 
body 0.0151 1 3 2999 
body 0.0171 1 4 3000 
body -0.0005 3 9 8937 
body 0.0111 4 14 11999 
body 0.0072 5 17 15022 
body 0.0192 3 10 9418 
body -0.0032 4 12 12006 
body -0.0069 2 6 5998 
body 0.0228 1 3 2999 
body 0.0056 3 11 9001 
body 0.0177 1 3 2999 
body 0.0082 4 14 12003 
body -0.0351 1 3 2999 
body -0.0638 1 3 2999 
body -0.0164 2 6 5998 
body 0.0227 1 3 2999 
body 0.0247 1 3 2999 
body 0.0088 1 3 2999 
body 0.0085 2 6 5998 
body -0.0123 1 4 3000 
body 0.0172 3 12 9102 
body -0.0036 3 9 8998 
body -0.0079 1 3 2999 
body -0.0095 2 8 6271 
body 0.0208 1 4 3000 
body 0.0142 1 4 3001 
body -0.0328 2 6 5999 
body 0.0135 2 9 7441 
body -0.0049 1 3 2999 
body -0.0060 4 14 12043 
body 0.0148 2 7 5999 
body -0.0125 2 8 6001 
body -0.0075 1 3 2999 
body -0.0161 2 6 5938 
body -0.0118 2 9 6152 
body -0.0203 1 4 3000 
body -0.0147 1 3 2999 
body 0.0029 3 12 10738 
body 0.0141 2 6 6009 
body -0.0260 1 3 2999 
body -0.0110 3 14 9010 
body -0.0178 2 9 6001 
body -0.0109 2 6 5999 
body -0.0181 2 6 5999 
body -0.0308 1 3 2999 
body 0.0222 1 3 2999 
body -0.0092 6 22 18082 
body -0.0725 1 3 2999 
body -0.0076 1 3 2999 
body 0.0166 2 9 6024 
body -0.0405 1 3 2999 
body -0.0137 2 6 5998 
body -0.0168 2 6 5998 
body 0.0495 1 3 2999 
body -0.0188 2 11 6174 
body -0.0503 1 3 2999 
body 0.0175 2 6 5998 
body -0.0150 2 6 6008 
body -0.0014 3 10 9624 
body -0.0044 4 12 12016 
body 0.0329 1 3 2999 
body 0.0246 1 3 2999 
body -0.0027 3 11 8882 
body 0.0025 3 12 9022 
body -0.0236 1 3 2999 
body 0.0237 1 3 2999 
body 0.0047 2 8 7498 
body 0.0196 1 3 2999 
body 0.0019 1 3 2999 
body -0.0154 3 14 9098 
body 0.0096 1 3 2999 
body -0.0100 3 11 9012 
body 0.0236 2 6 5999 
body 0.0238 1 3 2999 
body 0.0058 2 9 6075 
body 0.0065 3 16 11898 
body 0.0147 1 4 3000 
body -0.0353 1 3 3059 
body 0.0020 1 3 2999 
body -0.0134 1 3 3028 
body -0.0157 1 3 2999 
body 0.0190 1 4 4618 
body 0.0145 1 4 4618 
body -0.0169 1 3 2999 
body -0.0153 3 16 9034 
body -0.0090 1 3 2999 
body -0.0113 1 3 2999 
body -0.0001 2 7 6117 
body 0.0086 1 5 3003 
body 0.0070 4 16 12003 
body -0.0099 2 8 6014 
body -0.0145 2 7 6000 
body 0.0248 1 3 2999 
body 0.0149 1 3 2999 
body -0.0273 1 3 2999 
body 0.0182 1 3 2999 
body 0.0180 1 3 2999 
body -0.0120 3 13 9029 
body 0.0105 1 4 3000 
body 0.0101 3 11 9001 
body 0.0156 1 6 3213 
body 0.0401 1 3 3059 
body -0.0063 2 11 6024 
body -0.0098 3 13 9051 
body -0.0016 3 12 9043 
body 0.0258 1 7 3766 
body 0.0021 3 11 9025 
body -0.0020 2 7 6001 
body -0.0171 1 4 3001 
body -0.0029 2 8 6004 
body 0.0230 1 3 2999 
body 0.0193 2 6 5878 
body 0.0154 1 4 3001 
body 0.0064 5 16 15100 
body -0.0163 1 3 2999 
body 0.0081 3 10 9003 
body 0.0121 1 3 2999 
body 0.0213 1 3 2999 
body 0.0131 2 7 5999 
body -0.0569 1 4 3001 
body 0.0265 1 3 2999 
body 0.0239 1 3 2999 
body -0.0190 1 7 3019 
body -0.0250 1 5 3040 
body 0.0298 1 5 3052 
body -0.0136 1 5 3090 
body -0.0066 1 3 2999 
body -0.0142 2 9 6017 
body -0.0251 1 3 2999 
body 0.0393 1 4 3035 
body -0.0313 1 3 2999 
body 0.0200 1 3 2999 
body 0.0053 2 9 6035 
body 0.0140 1 3 2999 
body 0.0162 2 7 5999 
body -0.0042 4 12 12008 
body -0.0192 1 3 2999 
body -0.0067 3 9 8999 
body 0.0031 1 3 3008 
body -0.0025 1 6 3020 
body -0.0073 2 6 5998 
body -0.0235 1 3 2999 
body -0.0193 1 3 2999 
body -0.0124 3 13 9037 
body -0.0009 2 8 6006 
body 0.0186 2 6 6012 
body 0.0244 1 4 3001 
body -0.0078 2 7 6186 
body 0.0179 1 3 2999 
body 0.0036 3 12 10939 
body 0.0261 1 4 3010 
body 0.0090 2 6 6007 
body 0.0012 3 13 9073 
body -0.0151 1 7 4822 
body 0.0010 4 15 12006 
body -0.0055 1 5 3001 
body 0.0027 3 9 9010 
body -0.0093 1 4 3001 
body 0.0005 3 9 9010 
body -0.0108 1 4 3000 
body 0.0113 1 4 3000 
body -0.0186 1 3 2999 
body 0.0040 3 13 10415 
body -0.0082 3 11 9002 
body 0.0235 1 4 3030 
body 0.0112 3 12 9877 
body -0.0091 3 12 9016 
body -0.0122 3 15 9075 
body 0.0049 3 10 9004 
body 0.0104 3 11 9249 
body 0.0144 1 4 3002 
body 0.0183 1 3 3000 
body -0.0107 1 4 3001 
body 0.0001 1 4 3006 
body -0.0116 1 5 3007 
body -0.0276 1 6 7384 
body 0.0118 2 9 6010 
body -0.0106 1 7 3043 
body -0.0021 2 10 7467 
body -0.0244 1 7 3041 
body 0.0008 1 6 3031 
body -0.0277 1 7 3045 
body 0.0117 1 6 3009 
body -0.0238 1 3 3000 
body -0.0133 2 6 5999 
body -0.0179 1 3 3000 
body -0.0081 1 3 3000 
body 0.0223 1 4 3001 
body -0.0077 4 15 13251 
body -0.0038 2 6 6011 
body -0.0205 1 4 4560 
body 0.0226 1 3 3001 
body 0.0022 2 7 6014 
body -0.0062 1 4 3004 
body 0.0309 1 5 3020 
body -0.0057 2 7 6006 
body -0.0303 1 3 2999 
body 0.0209 1 3 2999 
body -0.0180 1 3 2999 
body -0.0112 2 7 5999 
body -0.0111 1 4 3000 
body -0.0085 1 5 3001 
body -0.0208 1 3 3010 
body -0.0065 2 6 6009 
body -0.0220 1 3 3009 
body 0.0050 1 4 3489 
body 0.0069 2 6 6017 
body -0.0229 1 3 3010 
body 0.0102 1 3 2999 
body -0.0105 1 3 2999 
body -0.0148 1 3 2999 
body -0.0274 1 3 2999 
body -0.0002 1 5 3048 
body 0.0106 1 3 3010 
body -0.0130 1 7 3234 
body 0.0129 1 3 3010 
body -0.0104 1 3 2999 
body -0.0252 1 3 2999 
body 0.0264 1 3 3008 
body -0.0119 1 3 3009 
body -0.0013 2 7 5939 
body -0.0080 1 3 2999 
body -0.0050 1 3 2999 
body -0.0149 1 3 2999 
up 0.0004 5 20 19597 
up 0.0007 16 65 53445 
up 0.0127 1 7 7760 
up 0.0034 11 40 38031 
up 0.0024 10 38 35063 
up 0.0043 9 44 36240 
up 0.0020 6 23 22997 
up 0.0025 15 58 57931 
up 0.0018 13 63 47847 
up 0.0013 10 39 38193 
up 0.0068 4 16 16195 
up 0.0054 11 46 36835 
up 0.0048 8 34 31676 
up 0.0017 14 53 45840 
up 0.0009 11 48 37245 
up 0.0053 6 23 22512 
up 0.0002 6 25 22226 
up 0.0059 4 16 15950 
up 0.0072 2 10 9843 
up 0.0075 3 14 12739 
up 0.0058 9 38 36657 
up 0.0027 16 64 51913 
up 0.0016 18 79 67386 
up 0.0023 10 48 37374 
up 0.0033 13 49 42846 
up 0.0021 18 71 61093 
up 0.0074 5 22 18762 
up 0.0071 5 29 18771 
up 0.0005 16 63 55874 
up 0.0108 4 20 15894 
up 0.0046 5 23 18673 
up 0.0010 13 53 42787 
up 0.0128 3 13 12787 
up 0.0052 12 52 42936 
up 0.0057 11 48 40915 
up 0.0055 8 30 27783 
up 0.0012 12 52 41345 
up 0.0030 9 45 31129 
up 0.0026 12 57 40463 
up 0.0049 4 20 15865 
up 0.0045 11 40 36640 
up 0.0031 14 55 45944 
up 0.0000 15 57 53538 
up 0.0039 10 41 31737 
up 0.0073 5 19 15112 
up 0.0097 3 15 9156 
up 0.0040 9 35 27085 
up 0.0081 6 24 18068 
up 0.0166 1 7 3086 
up 0.0022 14 57 43509 
up 0.0142 3 13 9074 
up 0.0138 2 10 6078 
up 0.0095 4 16 12023 
up 0.0149 3 16 9159 
up 0.0119 1 7 3032 
up 0.0121 4 17 13418 
up 0.0038 9 40 29741 
up 0.0080 3 13 9033 
up 0.0006 11 39 33061 
up 0.0083 1 7 3039 
up 0.0106 4 19 12119 
up 0.0067 5 21 15053 
up 0.0029 10 41 31630 
up 0.0011 15 54 45893 
up 0.0047 10 39 31544 
up 0.0091 2 10 6034 
up 0.0035 7 25 21026 
up 0.0153 1 7 3043 
up 0.0065 5 23 15321 
up 0.0082 3 13 9038 
up 0.0118 1 7 3040 
up 0.0064 2 10 7354 
up 0.0044 5 16 15006 
up 0.0032 8 25 24007 
up 0.0090 4 14 12000 
up 0.0019 14 51 43030 
up 0.0015 12 42 36046 
up 0.0008 12 37 36289 
up 0.0148 1 3 2999 
up 0.0085 6 22 17957 
up 0.0107 1 4 3000 
up 0.0078 5 16 15054 
up 0.0003 11 34 33019 
up 0.0066 3 10 9001 
up 0.0084 5 20 16493 
up 0.0036 8 29 24464 
up 0.0160 1 3 2999 
up 0.0037 11 38 33012 
up 0.0076 7 28 22800 
up 0.0001 9 30 28636 
up 0.0041 9 32 28856 
up 0.0014 4 14 12000 
up 0.0077 2 6 5998 
up 0.0079 4 13 11997 
up 0.0028 12 45 36152 
up 0.0060 8 31 24003 
up 0.0051 6 20 18001 
up 0.0050 8 28 24074 
up 0.0062 5 18 15018 
up 0.0093 6 22 22383 
up 0.0202 1 4 3001 
up 0.0056 5 18 15020 
up 0.0140 2 6 5998 
up 0.0131 2 7 5999 
up 0.0042 3 9 8998 
up 0.0162 1 3 2999 
up 0.0125 3 9 8997 
up 0.0069 8 28 24016 
up 0.0189 1 3 2999 
up 0.0089 1 3 2999 
up 0.0100 1 3 2999 
up 0.0147 3 10 9060 
up 0.0094 2 6 6009 
up 0.0116 4 14 12012 
up 0.0086 3 10 9029 
up 0.0117 1 4 3000 
up 0.0129 2 6 5998 
up 0.0342 1 3 2999 
up 0.0292 1 3 2999 
up 0.0122 1 4 3071 
up 0.0161 1 4 3003 
up 0.0197 1 3 2999 
up 0.0134 2 7 6000 
up 0.0188 1 3 2999 
up 0.0087 3 12 9032 
up 0.0109 2 6 5938 
up 0.0204 1 4 3000 
up 0.0137 1 3 2999 
up 0.0203 1 3 2999 
up 0.0103 1 3 2999 
up 0.0238 1 3 2999 
up 0.0096 2 6 6007 
up 0.0126 3 12 9016 
up 0.0063 6 24 18038 
up 0.0088 2 8 6687 
up 0.0168 2 8 6013 
up 0.0120 3 13 9030 
up 0.0098 3 13 9062 
up 0.0132 1 5 3004 
up 0.0180 1 4 3001 
up 0.0105 1 7 3014 
up 0.0143 1 4 3271 
up 0.0133 1 5 3027 
up 0.0112 2 7 6005 
up 0.0099 2 7 6004 
up 0.0110 2 6 5999 
up 0.0155 1 7 3019 
up 0.0113 1 6 3043 
up 0.0249 1 5 3090 
up 0.0104 2 6 6001 
up 0.0124 1 3 2999 
up 0.0101 2 8 6002 
up 0.0061 3 11 9016 
up 0.0141 1 3 2999 
up 0.0182 1 4 3000 
up 0.0123 1 3 3000 
up 0.0102 2 11 5952 
up 0.0169 1 7 3036 
up 0.0070 2 9 5944 
up 0.0092 1 4 3001 
up 0.0139 1 3 3001 
up 0.0135 1 3 2999 
up 0.0114 1 3 2999 
down 0.0035 9 34 31598 
down 0.0032 15 66 50374 
down 0.0003 14 52 47668 
down 0.0000 5 29 25074 
down 0.0081 7 27 26142 
down 0.0017 13 55 47841 
down 0.0010 12 53 51094 
down 0.0103 2 10 10793 
down 0.0001 15 70 58845 
down 0.0046 8 34 32025 
down 0.0019 15 58 54179 
down 0.0145 1 7 6802 
down 0.0037 12 49 40186 
down 0.0023 14 51 46303 
down 0.0022 13 62 48491 
down 0.0051 5 21 18684 
down 0.0039 10 41 37720 
down 0.0053 7 31 24990 
down 0.0057 9 41 34575 
down 0.0008 14 58 53829 
down 0.0070 5 21 18910 
down 0.0036 10 43 39460 
down 0.0093 3 21 16404 
down 0.0147 2 10 9871 
down 0.0005 9 40 35946 
down 0.0033 15 58 50415 
down 0.0068 7 32 24783 
down 0.0061 8 31 28011 
down 0.0020 7 27 24763 
down 0.0028 8 38 27924 
down 0.0076 5 19 18811 
down 0.0025 10 42 33887 
down 0.0014 10 41 34190 
down 0.0055 9 35 30819 
down 0.0045 9 36 31042 
down 0.0031 14 56 46033 
down 0.0042 9 42 30717 
down 0.0021 15 52 46521 
down 0.0013 18 75 56695 
down 0.0190 1 7 3101 
down 0.0029 14 52 42125 
down 0.0089 4 16 12084 
down 0.0011 16 62 48205 
down 0.0130 1 7 3080 
down 0.0058 7 30 21134 
down 0.0160 1 7 3070 
down 0.0085 5 19 15015 
down 0.0120 1 7 3082 
down 0.0087 3 13 9072 
down 0.0100 1 7 3078 
down 0.0151 1 7 3097 
down 0.0047 8 29 24083 
down 0.0050 5 20 15037 
down 0.0054 3 14 9036 
down 0.0015 14 49 43461 
down 0.0004 15 58 46692 
down 0.0043 5 23 15183 
down 0.0024 14 59 44893 
down 0.0126 1 7 3038 
down 0.0026 8 37 24545 
down 0.0027 12 43 36260 
down 0.0063 7 27 22481 
down 0.0129 2 12 6060 
down 0.0176 1 7 3031 
down 0.0040 3 13 9033 
down 0.0041 8 30 25363 
down 0.0111 2 8 6022 
down 0.0012 14 46 45090 
down 0.0009 13 50 40320 
down 0.0066 7 27 21017 
down 0.0006 11 43 37460 
down 0.0157 2 8 6004 
down 0.0084 3 9 8997 
down 0.0065 5 18 15007 
down 0.0098 3 12 9009 
down 0.0034 10 40 31311 
down 0.0030 10 30 30060 
down 0.0002 13 45 40503 
down 0.0083 9 30 26995 
down 0.0052 5 19 15016 
down 0.0121 3 9 9026 
down 0.0133 2 9 6057 
down 0.0080 2 6 5998 
down 0.0095 1 3 2999 
down 0.0007 10 36 31809 
down 0.0142 1 4 3003 
down 0.0056 7 30 22907 
down 0.0092 4 14 12000 
down 0.0069 4 16 12033 
down 0.0073 4 12 11996 
down 0.0038 8 30 24110 
down 0.0059 12 45 36164 
down 0.0049 2 9 5944 
down 0.0016 7 34 26745 
down 0.0018 4 15 12063 
down 0.0112 2 6 5998 
down 0.0079 2 6 6008 
down 0.0074 3 13 9030 
down 0.0099 3 10 9006 
down 0.0131 1 3 2999 
down 0.0107 2 7 6002 
down 0.0419 1 4 3018 
down 0.0173 1 4 3001 
down 0.0102 4 12 11936 
down 0.0048 5 16 14997 
down 0.0135 3 10 8999 
down 0.0123 4 16 12032 
down 0.0178 2 6 5998 
down 0.0146 1 3 2999 
down 0.0128 1 4 3000 
down 0.0248 1 3 2999 
down 0.0072 5 17 15061 
down 0.0105 3 9 8997 
down 0.0153 1 3 2999 
down 0.0067 10 38 30236 
down 0.0122 4 16 12004 
down 0.0097 3 11 9007 
down 0.0094 1 3 2999 
down 0.0197 1 3 2999 
down 0.0096 3 11 9010 
down 0.0214 1 3 2999 
down 0.0077 3 9 9015 
down 0.0449 1 4 3071 
down 0.0232 1 3 2999 
down 0.0090 7 29 21229 
down 0.0138 1 3 2999 
down 0.0169 2 7 6724 
down 0.0119 1 3 2999 
down 0.0132 1 3 2999 
down 0.0136 1 3 2939 
down 0.0078 4 13 12001 
down 0.0108 2 8 6039 
down 0.0075 5 16 14996 
down 0.0158 3 14 10467 
down 0.0106 4 15 12004 
down 0.0207 1 3 2999 
down 0.0181 1 3 3001 
down 0.0086 5 16 15010 
down 0.0124 2 6 5998 
down 0.0044 3 10 8939 
down 0.0140 1 3 2999 
down 0.0163 1 3 3000 
down 0.0114 1 3 2999 
down 0.0091 3 10 9042 
down 0.0143 1 3 2999 
down 0.0161 1 3 2999 
down 0.0082 2 6 6000 
down 0.0188 1 4 3021 
down 0.0060 4 12 11948 
down 0.0101 2 9 6008 
down 0.0193 1 3 2999 
down 0.0205 2 7 6001 
down 0.0116 1 5 3013 
down 0.0062 4 15 12072 
down 0.0164 1 5 3004 
down 0.0141 1 6 3036 
down 0.0148 2 10 7407 
down 0.0118 1 7 3045 
down 0.0104 1 6 3009 
down 0.0172 1 4 3003 
down 0.0088 2 9 6006 
down 0.0071 1 3 2999 
down 0.0064 2 7 5999 
