open 0.9506 1 7 3173 
open 0.9440 1 7 3213 
open 0.9423 1 5 3083 
open 0.9345 1 7 3292 
open 0.9262 1 7 3157 
open 0.9310 1 7 3246 
open 0.9204 1 7 3514 
open 0.9105 1 7 3217 
open 0.9182 1 7 3350 
open 0.9337 1 7 3304 
open 0.9146 1 7 3170 
open 0.9110 1 7 3204 
open 0.8931 1 7 3185 
open 0.8967 1 7 3186 
open 0.8887 1 7 3747 
open 0.8828 1 7 3083 
open 0.8945 1 7 3245 
open 0.8930 2 14 8494 
open 0.8846 1 7 3219 
open 0.8779 1 7 3232 
open 0.8644 1 7 3385 
open 0.8553 1 7 3206 
open 0.8536 1 7 3252 
open 0.8530 1 7 3168 
open 0.8538 1 7 3188 
open 0.8634 1 7 3131 
open 0.8474 1 7 3467 
open 0.8551 1 7 3310 
open 0.8602 1 7 3398 
open 0.8728 1 7 3547 
open 0.8762 2 14 8878 
open 0.8763 2 14 8648 
open 0.9022 1 7 3317 
open 0.9175 2 14 6794 
open 0.9119 1 7 3538 
open 0.8878 1 7 3357 
open 0.9087 1 7 3362 
open 0.9268 1 7 3325 
open 0.9227 1 7 3454 
open 0.9133 1 7 3240 
open 0.9076 1 7 3282 
open 0.8902 1 7 3321 
open 0.9043 1 7 3232 
open 0.8942 1 7 3426 
open 0.8810 1 7 3465 
open 0.8830 1 7 4897 
open 0.8831 1 7 4833 
open 0.8903 1 7 4735 
open 0.8923 1 7 4935 
open 0.9027 1 7 6112 
open 0.8800 1 7 8253 
open 0.8890 1 7 4939 
open 0.8835 1 7 5242 
open 0.8864 1 7 5077 
open 0.8648 1 7 5067 
open 0.8671 1 7 5194 
open 0.8636 1 7 5034 
open 0.8713 1 7 5061 
open 0.8753 1 7 5032 
open 0.8816 1 7 5134 
open 0.8766 1 7 5121 
open 0.8794 1 7 5467 
open 0.8801 1 7 5681 
open 0.8818 1 7 5717 
open 0.8881 1 7 5656 
open 0.9002 1 7 5712 
open 0.9134 1 7 5358 
open 0.9019 1 7 5266 
open 0.9185 1 7 5358 
open 0.9282 1 7 5075 
open 0.9393 1 7 5080 
open 0.9477 1 7 4896 
open 0.9522 1 7 5004 
open 0.9827 2 14 10495 
open 0.9841 2 14 9444 
open 0.9926 1 7 4788 
open 1.0110 1 7 4543 
open 0.9909 1 7 4469 
open 0.9837 1 7 4545 
open 0.9643 1 7 4900 
open 0.9786 1 7 4860 
open 0.9829 1 7 5072 
open 0.9955 1 7 5055 
open 0.9749 1 7 5126 
open 0.9735 1 7 5067 
open 0.9819 1 7 5140 
open 0.9820 1 7 5464 
open 0.9790 1 7 5681 
open 0.9815 1 7 5734 
open 0.9771 1 7 5720 
open 0.9987 1 7 5316 
open 1.0123 1 7 5444 
open 1.0031 1 7 5736 
open 0.9935 1 7 6225 
open 0.9963 1 7 5890 
open 1.0074 1 7 5245 
open 1.0268 1 7 5571 
open 1.0320 1 7 7586 
open 1.0476 1 7 6207 
open 1.0409 1 7 5265 
open 1.0554 1 7 5837 
open 1.0722 2 10 9004 
open 1.0822 1 7 5684 
open 1.0884 1 7 5724 
open 1.0735 1 7 5848 
open 1.0682 1 7 5756 
open 1.0754 1 7 5962 
open 1.0955 1 7 5671 
open 1.1035 1 7 5124 
open 1.0642 2 11 7849 
open 1.0653 1 7 5193 
open 1.0943 1 7 4946 
open 1.0716 1 7 5234 
open 1.0794 1 7 5589 
open 1.0960 1 7 5117 
open 1.1064 1 7 5052 
open 1.1424 1 7 4910 
open 1.1529 1 7 4792 
open 1.1733 1 7 5090 
open 1.1811 1 7 4591 
open 1.1734 1 7 4914 
open 1.1677 2 10 8162 
open 1.1782 1 7 4848 
open 1.1498 1 7 5102 
open 1.1562 1 7 5285 
open 1.1313 1 7 4830 
open 1.1177 2 11 7603 
open 1.1321 1 7 4839 
open 1.1445 1 7 4873 
open 1.1393 2 11 8025 
open 1.1273 3 13 10846 
open 1.1132 1 7 4686 
open 1.0869 1 7 5078 
open 1.0812 1 7 4518 
open 1.1220 2 10 7651 
open 1.1172 1 7 4502 
open 1.1436 1 7 4468 
open 1.1668 1 7 4564 
open 1.1776 2 10 7599 
open 1.1729 1 7 4516 
open 1.1663 1 7 4571 
open 1.1675 1 7 4711 
open 1.1490 1 7 4846 
open 1.1512 1 7 4435 
open 1.1961 1 7 4559 
open 1.1793 1 7 4775 
open 1.2102 1 7 4540 
open 1.2248 1 7 4365 
open 1.2332 1 7 4781 
open 1.2401 2 14 9960 
open 1.2565 1 7 5905 
open 1.2726 1 7 3047 
open 1.2765 1 7 3054 
open 1.2595 1 7 3034 
open 1.2638 1 7 3036 
open 1.2544 1 7 3050 
open 1.2679 2 14 6105 
open 1.2843 1 7 3051 
open 1.2211 2 10 6055 
open 1.2309 1 7 3052 
open 1.2270 2 10 6055 
open 1.2351 1 7 2980 
open 1.2179 1 7 3043 
open 1.2126 1 7 3053 
open 1.1929 1 7 3037 
open 1.1844 1 7 3041 
open 1.1924 1 7 3048 
open 1.2098 1 7 3048 
open 1.1875 1 7 3038 
open 1.1943 1 7 3059 
open 1.2095 1 7 3029 
open 1.2241 1 7 3023 
open 1.2256 2 10 6035 
open 1.2161 1 7 3021 
open 1.2118 1 7 3023 
open 1.2092 1 7 3024 
open 1.2280 1 7 3019 
open 1.2328 1 7 3033 
open 1.2331 1 7 3022 
open 1.2059 1 7 3021 
open 1.2050 1 7 3030 
open 1.2232 1 7 3029 
open 1.2341 1 7 3029 
open 1.2080 1 7 3025 
open 1.2172 1 7 3025 
open 1.2094 1 7 3018 
open 1.2258 1 7 3022 
open 1.2324 1 7 3030 
open 1.2316 2 14 6056 
open 1.2310 1 7 3031 
open 1.2513 1 7 3017 
open 1.2760 1 7 3086 
open 1.2740 1 7 3023 
open 1.2896 1 7 3020 
open 1.2956 1 7 3017 
open 1.3083 1 7 3029 
open 1.3286 1 7 3025 
open 1.3422 1 7 3021 
open 1.3288 1 7 3023 
open 1.3362 1 7 3023 
open 1.3611 3 15 10350 
open 1.3270 2 10 6022 
open 1.3115 1 5 3005 
open 1.3015 1 3 2999 
open 1.2971 1 4 3006 
open 1.3041 2 6 5998 
open 1.2759 1 3 2999 
open 1.3017 1 3 2999 
open 1.3253 1 3 2999 
open 1.3182 1 3 3008 
open 1.3346 1 3 2999 
open 1.3306 1 3 2999 
open 1.3082 2 7 5939 
open 1.2934 2 8 6005 
open 1.2854 1 3 2999 
open 1.2911 1 4 3004 
open 1.3060 1 3 2999 
open 1.2981 1 3 2999 
open 1.2883 1 3 2999 
open 1.2882 1 3 2999 
open 1.2597 1 3 2999 
open 1.2564 1 3 2999 
open 1.2305 1 3 2999 
open 1.2275 2 6 6006 
open 1.2021 1 3 2999 
open 1.2170 2 9 7763 
open 1.2069 1 3 2999 
open 1.1925 1 3 2999 
open 1.2226 1 3 2999 
open 1.2026 1 3 2999 
open 1.2012 2 6 5998 
open 1.2189 1 3 2999 
open 1.2374 1 3 2999 
open 1.2346 1 4 3000 
open 1.2229 1 3 2999 
open 1.2454 1 3 2999 
open 1.2114 1 3 2999 
open 1.2014 2 6 5998 
open 1.1915 1 3 2999 
open 1.1981 1 3 2999 
open 1.1946 1 3 2999 
open 1.2108 2 6 5998 
open 1.2034 1 3 2999 
open 1.1779 1 3 2999 
open 1.1717 1 3 2999 
open 1.1819 2 6 5998 
open 1.1765 2 6 6007 
open 1.1933 1 3 2999 
open 1.1858 1 3 2999 
open 1.1827 1 3 2999 
open 1.2057 1 4 3000 
open 1.2112 1 3 2999 
open 1.2268 1 3 2999 
open 1.2140 1 3 3000 
open 1.1984 1 3 2999 
open 1.1911 1 4 3000 
open 1.1906 1 3 3000 
open 1.1926 1 3 2999 
open 1.1884 1 4 3004 
open 1.2005 1 3 2999 
open 1.2257 1 3 2999 
open 1.2143 1 3 3000 
open 1.2363 1 3 3000 
open 1.2426 1 3 2999 
open 1.2613 1 3 2999 
open 1.2764 1 3 2999 
open 1.2846 1 4 3000 
open 1.2779 1 4 3000 
open 1.2861 1 3 2999 
open 1.2818 1 3 2999 
open 1.2542 1 3 2999 
open 1.2586 1 3 2999 
open 1.2567 1 3 2999 
open 1.2787 1 3 2999 
open 1.2763 2 6 5998 
open 1.2498 1 4 3001 
open 1.2579 1 3 2999 
open 1.2815 1 3 2999 
open 1.2771 1 3 2999 
open 1.2786 1 4 3001 
open 1.2808 3 9 8998 
open 1.2825 1 3 2999 
open 1.2819 1 4 3000 
open 1.2688 1 3 2999 
open 1.2674 1 3 2999 
open 1.2682 2 6 5998 
open 1.2731 1 3 2999 
open 1.2528 1 3 2999 
open 1.2541 1 4 3002 
open 1.2554 1 3 3059 
open 1.2781 1 3 2999 
open 1.2845 1 3 2999 
open 1.3189 1 4 3000 
open 1.3313 2 6 5999 
open 1.3283 1 3 2999 
open 1.3195 2 7 7379 
open 1.3101 1 4 4380 
open 1.3277 2 6 5998 
open 1.2992 1 3 2999 
open 1.2915 1 3 2999 
open 1.3019 1 3 2999 
open 1.2962 1 3 2999 
open 1.2983 1 3 2999 
open 1.3034 1 3 2999 
open 1.3134 1 3 2999 
open 1.3237 1 3 2999 
open 1.3126 1 3 2999 
open 1.3193 1 4 3000 
open 1.3315 1 3 2939 
open 1.3358 1 3 2999 
open 1.3323 1 4 3000 
open 1.3427 1 3 2999 
open 1.3568 1 3 2999 
open 1.3631 1 3 2999 
open 1.3598 1 3 2999 
open 1.3537 1 3 2999 
open 1.3591 1 3 2999 
open 1.3448 1 3 2999 
open 1.3443 1 3 2999 
open 1.3516 1 3 2999 
open 1.3303 2 7 6000 
open 1.3420 2 6 5998 
open 1.3444 1 3 2999 
open 1.3609 1 4 3007 
open 1.3754 1 3 2999 
open 1.3787 1 3 2999 
open 1.3823 2 7 5939 
open 1.3667 1 3 3002 
open 1.3738 1 4 3000 
open 1.3530 1 4 3016 
open 1.3453 1 4 3000 
open 1.3596 1 3 2999 
open 1.3615 1 3 2999 
open 1.3833 2 9 6150 
open 1.3977 1 3 2999 
open 1.4145 1 3 2999 
open 1.4149 1 3 2999 
open 1.4103 1 3 2999 
open 1.4173 2 6 5998 
open 1.4252 1 4 3060 
open 1.4437 1 3 2999 
open 1.4562 1 3 2999 
open 1.4614 1 3 2999 
open 1.4834 1 4 3000 
open 1.4828 1 4 3000 
open 1.4762 1 4 3001 
open 1.4655 1 3 2999 
open 1.4407 1 5 4380 
open 1.4397 1 5 5819 
open 1.4593 1 3 2999 
open 1.4706 1 3 2999 
open 1.4780 1 3 2999 
open 1.4667 1 3 2999 
open 1.4766 1 3 2999 
open 1.4645 1 3 2999 
open 1.4576 1 3 2999 
open 1.4726 1 3 2999 
open 1.5010 1 3 2999 
open 1.5199 1 3 2999 
open 1.5340 1 3 2999 
open 1.5636 1 3 2999 
open 1.5625 1 3 2939 
open 1.5614 1 3 2999 
open 1.5690 1 3 2999 
open 1.5781 1 3 2999 
open 1.5980 1 3 2999 
open 1.5565 1 3 2999 
open 1.5533 1 4 3000 
open 1.5470 1 3 2999 
open 1.5644 1 3 2999 
open 1.5689 1 3 2999 
open 1.5447 1 3 2999 
open 1.5459 1 3 2999 
open 1.5516 1 3 2999 
open 1.5566 1 3 2999 
open 1.5787 1 3 2999 
open 1.5663 1 3 2999 
open 1.5896 1 3 2999 
open 1.5788 1 3 2999 
open 1.5587 1 3 2999 
open 1.5460 1 5 3001 
open 1.4912 1 3 2999 
open 1.4771 1 3 2999 
open 1.4644 1 3 2999 
open 1.4513 1 3 2999 
open 1.4146 1 3 3000 
open 1.4133 1 3 2999 
open 1.4685 1 3 2999 
open 1.4097 1 3 2999 
open 1.3583 1 3 2999 
open 1.3055 1 4 3073 
open 1.2807 1 4 3002 
open 1.2990 1 3 2999 
open 1.2508 1 3 2999 
open 1.2633 1 4 3006 
open 1.3052 1 3 2999 
open 1.2716 1 3 2999 
open 1.2922 1 3 2999 
open 1.4049 1 4 3004 
open 1.3924 1 5 4657 
open 1.4108 2 8 7677 
open 1.3502 1 4 3001 
open 1.3179 2 8 6060 
open 1.2862 2 6 5938 
open 1.3181 1 3 2999 
open 1.3011 1 3 2999 
open 1.2906 1 3 2999 
open 1.2577 1 3 2999 
open 1.2867 1 3 2999 
open 1.2540 1 3 2999 
open 1.2703 1 3 2999 
open 1.3033 1 3 2999 
open 1.3493 1 3 2939 
open 1.3242 1 4 3000 
open 1.2930 1 3 2999 
open 1.3129 2 6 5998 
open 1.3644 1 4 3000 
open 1.3628 1 4 3000 
open 1.3988 1 3 2999 
open 1.4303 1 3 2999 
open 1.4056 1 3 2999 
open 1.3828 1 3 2999 
open 1.4072 1 3 2999 
open 1.4038 1 3 2999 
open 1.3913 2 7 6001 
open 1.3968 1 3 2999 
open 1.4214 1 3 2999 
open 1.4160 1 3 2999 
open 1.4400 1 3 2999 
open 1.4151 1 3 2999 
open 1.4126 1 3 2999 
open 1.4300 1 3 2999 
open 1.4217 1 3 2999 
open 1.4502 2 6 5998 
open 1.4660 1 3 2999 
open 1.4792 1 3 2999 
open 1.4584 1 3 2999 
open 1.4714 1 5 3001 
open 1.4845 1 3 2999 
open 1.4930 1 3 3059 
open 1.4805 1 3 2999 
open 1.4715 1 3 2999 
open 1.4984 1 3 2999 
open 1.4864 1 3 3027 
open 1.4962 1 3 2999 
open 1.5075 1 3 2999 
open 1.4703 1 3 2999 
open 1.4535 1 3 2999 
open 1.4251 1 4 4618 
open 1.4347 1 4 4617 
open 1.4363 1 3 2999 
open 1.4489 1 3 2999 
open 1.4284 1 3 2999 
open 1.4075 1 3 2999 
open 1.3964 1 3 2999 
open 1.3789 1 3 2999 
open 1.3759 2 6 6000 
open 1.3514 1 3 2999 
open 1.3606 1 3 2999 
open 1.3599 1 3 2999 
open 1.3762 1 3 2999 
open 1.3489 1 3 2939 
open 1.3397 1 4 3000 
open 1.3613 1 4 3002 
open 1.3433 1 5 3001 
open 1.3170 1 3 2999 
open 1.2965 1 3 2999 
open 1.2631 2 7 6000 
open 1.2182 1 3 2999 
open 1.2343 1 3 2999 
open 1.2233 3 12 10252 
open 1.1966 1 3 2999 
open 1.2314 1 3 2999 
open 1.2184 1 3 2999 
open 1.2614 1 3 2999 
open 1.2718 1 4 3001 
open 1.2890 1 5 3005 
open 1.2988 2 10 6034 
open 1.3222 2 12 6019 
open 1.3183 1 5 3001 
open 1.2874 1 5 3021 
open 1.2683 1 5 3004 
open 1.2675 1 3 3009 
open 1.3251 1 5 3024 
open 1.3567 1 6 3137 
open 1.3737 2 10 6047 
open 1.3855 1 3 3059 
open 1.4029 1 5 3004 
open 1.3763 1 4 3000 
open 1.3483 1 4 3001 
open 1.3378 1 5 3151 
open 1.2979 1 4 3000 
open 1.3262 2 9 6011 
open 1.3376 1 5 3003 
open 1.3097 1 5 3515 
open 1.3102 1 5 3521 
open 1.3308 1 4 3002 
open 1.2972 1 4 3004 
open 1.3383 1 5 3041 
open 1.3680 1 4 3000 
open 1.3820 1 4 3000 
open 1.3625 2 7 6000 
open 1.3486 1 5 3010 
open 1.3653 1 4 3000 
open 1.3773 1 3 2999 
open 1.3903 1 3 2999 
open 1.3972 1 3 2999 
open 1.4186 1 3 2939 
open 1.4216 1 4 3001 
open 1.4473 1 6 3050 
open 1.4334 1 5 3057 
open 1.4686 1 3 3008 
open 1.4831 1 5 3080 
open 1.4410 1 3 2999 
open 1.4265 1 3 2999 
open 1.4096 1 3 2999 
open 1.4426 1 4 3000 
open 1.4682 1 3 2999 
open 1.4445 1 3 2999 
open 1.4378 1 3 2999 
open 1.4356 1 4 3262 
open 1.4423 1 3 2999 
open 1.3965 1 3 2999 
open 1.4171 1 3 2999 
open 1.4376 1 4 3001 
open 1.4394 1 3 2999 
open 1.4433 1 3 2999 
open 1.4431 1 5 3040 
open 1.4001 1 7 3080 
open 1.3678 2 9 6045 
open 1.3687 1 4 3017 
open 1.3582 1 5 3044 
open 1.3322 1 4 3026 
open 1.3642 1 7 3070 
open 1.3731 1 3 2999 
open 1.3901 1 5 3093 
open 1.3654 1 3 2999 
open 1.3826 1 4 3015 
open 1.3524 1 4 3001 
open 1.3515 1 3 2999 
open 1.3329 1 5 3061 
open 1.3401 1 3 2999 
open 1.3031 1 3 2999 
open 1.3079 2 7 6684 
open 1.3065 1 4 3420 
open 1.3049 1 3 2999 
open 1.2769 1 3 2999 
open 1.2738 1 3 2999 
open 1.3029 1 4 3000 
open 1.3087 1 3 2999 
open 1.3259 2 6 5999 
open 1.3229 2 7 5939 
open 1.3458 1 3 2999 
open 1.3110 1 3 2999 
open 1.3080 1 3 3008 
open 1.3318 2 8 6014 
open 1.3077 1 3 2999 
open 1.3124 1 3 2999 
open 1.3234 1 3 2999 
open 1.2991 1 3 2999 
open 1.2732 1 3 2999 
open 1.2676 1 3 2999 
open 1.2477 1 4 3001 
open 1.2448 1 3 2999 
open 1.2510 1 5 3006 
open 1.2488 1 4 3000 
open 1.2600 1 3 2999 
open 1.2250 1 3 2999 
open 1.2284 1 3 3000 
open 1.2064 1 3 2999 
open 1.2293 1 3 2999 
open 1.2390 1 3 2999 
open 1.2318 1 3 2999 
open 1.2466 1 3 2999 
open 1.2562 2 10 6033 
open 1.2853 2 6 5998 
open 1.2900 1 3 3000 
open 1.2916 1 5 3001 
open 1.2872 1 5 3017 
open 1.3094 1 5 3010 
open 1.2982 1 5 3061 
open 1.2964 1 4 3003 
open 1.2701 1 3 2999 
open 1.2812 1 4 3011 
open 1.2935 1 3 2999 
open 1.3092 1 3 2999 
open 1.3006 1 3 2999 
open 1.3221 1 7 4767 
open 1.3206 1 3 2999 
open 1.3297 1 3 2999 
open 1.3485 1 3 3001 
open 1.3576 1 4 3000 
open 1.3449 1 3 2999 
open 1.3384 1 4 3001 
open 1.3062 1 3 2999 
open 1.3044 1 3 2999 
open 1.3027 1 3 2999 
open 1.2858 1 3 2999 
open 1.2823 1 3 2999 
open 1.3174 1 3 2999 
open 1.3000 1 4 3000 
open 1.3168 1 3 2999 
open 1.3074 1 4 3001 
open 1.2932 1 3 2999 
open 1.2913 1 3 2999 
open 1.3076 2 7 6117 
open 1.3312 1 4 3000 
open 1.3385 1 3 2999 
open 1.2975 1 3 3000 
open 1.2780 1 5 3727 
open 1.3148 1 4 3003 
open 1.3217 1 4 3005 
open 1.3258 1 3 3000 
open 1.3417 1 4 3001 
open 1.3389 1 3 3000 
open 1.3169 1 4 3031 
open 1.3354 1 4 3001 
open 1.3470 1 3 3000 
open 1.3522 1 3 3000 
open 1.3589 1 3 3000 
open 1.3525 1 4 3006 
open 1.3776 1 4 3063 
open 1.3743 1 3 3002 
open 1.3472 1 4 3004 
open 1.3432 1 5 3010 
open 1.3536 1 6 3016 
open 1.3570 1 5 3008 
open 1.3584 1 3 3001 
open 1.3765 1 5 4442 
open 1.3664 1 6 4741 
open 1.3764 1 4 4441 
open 1.3612 1 3 3001 
open 1.3672 1 3 3001 
open 1.3557 1 3 3002 
open 1.3652 1 4 3004 
open 1.3511 1 4 3005 
open 1.3636 1 4 3003 
open 1.3758 1 3 3003 
open 1.3744 1 3 3001 
open 1.3853 1 3 2999 
open 1.3930 1 3 2999 
open 1.3792 2 7 6001 
open 1.3813 1 3 3001 
open 1.3805 1 4 3003 
open 1.3810 1 3 3000 
open 1.3923 1 3 3000 
open 1.3702 1 3 3000 
open 1.3701 1 4 3001 
open 1.3634 1 3 3001 
open 1.3543 1 4 3002 
open 1.3545 1 5 3006 
open 1.3603 1 3 3000 
open 1.3566 1 4 3001 
open 1.3464 1 3 3000 
open 1.3407 1 3 3000 
open 1.3367 1 4 3003 
open 1.3366 1 7 3009 
open 1.3319 1 4 3004 
open 1.3166 1 4 3121 
open 1.3131 1 5 3057 
open 1.2950 1 6 5948 
open 1.2626 2 12 13151 
open 1.2666 1 5 3007 
open 1.2643 1 4 3010 
open 1.2709 1 6 3089 
open 1.2734 1 6 3019 
open 1.2550 1 4 3007 
open 1.2473 1 3 3011 
open 1.2531 1 7 3036 
open 1.2472 1 6 3030 
open 1.2382 1 6 3042 
open 1.2376 1 7 3038 
open 1.2509 1 6 3039 
open 1.2101 1 7 5837 
open 1.1874 1 6 3037 
open 1.1775 1 7 3041 
open 1.1553 1 7 3044 
open 1.1369 1 7 4411 
open 1.1468 2 12 6156 
open 1.1315 2 9 6044 
open 1.1408 1 6 3033 
open 1.1337 2 10 6038 
open 1.1176 1 7 3047 
open 1.0686 1 6 3032 
open 1.0592 1 5 3007 
open 1.0911 1 6 2947 
open 1.0738 1 6 3003 
open 1.0823 1 4 3001 
open 1.0649 1 4 3001 
open 1.0736 1 5 3003 
open 1.0972 1 5 3002 
open 1.1214 2 7 6000 
open 1.1145 1 3 3000 
open 1.0885 1 5 3003 
open 1.1151 2 9 6184 
open 1.1274 1 4 3001 
open 1.1244 1 4 3001 
open 1.1169 1 3 3000 
open 1.1128 1 5 3003 
open 1.1002 1 5 3003 
open 1.1011 2 8 6243 
open 1.0934 1 3 3000 
open 1.1060 1 3 3000 
open 1.0888 2 10 6064 
open 1.1042 1 4 3001 
open 1.1026 1 3 3000 
open 1.1527 1 4 3001 
open 1.1295 2 6 5999 
open 1.1205 1 4 3001 
open 1.1270 1 4 3001 
open 1.1127 1 3 3001 
open 1.1253 1 4 3002 
open 1.1265 1 4 3001 
open 1.1384 1 5 3002 
open 1.1350 1 4 3062 
open 1.1044 1 3 3003 
open 1.0961 1 3 3003 
open 1.0720 1 4 3004 
open 1.0640 1 3 3001 
open 1.0634 1 3 3002 
open 1.0890 1 3 3003 
open 1.0929 1 3 3002 
open 1.0953 1 4 4498 
open 1.0921 1 5 4561 
open 1.0753 1 3 3002 
open 1.0846 1 3 3001 
open 1.0909 1 3 3001 
open 1.0866 2 6 6001 
open 1.0920 1 3 3002 
open 1.1287 1 3 3003 
open 1.1140 1 3 3002 
open 1.1015 1 3 3002 
open 1.1004 1 5 3004 
open 1.1106 1 3 3002 
open 1.1215 1 3 2940 
open 1.1290 2 6 5998 
open 1.1376 1 3 2999 
open 1.1381 1 3 2999 
open 1.1357 1 3 2999 
open 1.1501 1 5 3005 
open 1.1372 1 3 2999 
open 1.1309 1 6 3016 
open 1.1136 1 5 3014 
open 1.1133 2 9 6025 
open 1.1356 1 4 3007 
open 1.1208 1 3 2999 
open 1.1248 1 3 2999 
open 1.1073 1 3 2999 
open 1.1063 1 3 2999 
open 1.1055 1 3 2999 
open 1.0987 1 3 2999 
open 1.1218 1 4 3000 
open 1.1114 1 3 3000 
open 1.1303 1 3 2999 
open 1.1146 1 3 2999 
open 1.1243 1 3 2999 
open 1.1213 1 4 3000 
open 1.1216 1 4 3000 
open 1.1203 1 4 3000 
open 1.1057 1 3 3011 
open 1.0977 1 4 3000 
open 1.1056 1 3 3009 
open 1.1024 1 3 3009 
open 1.0625 1 3 3009 
open 1.0651 1 3 3010 
open 1.0717 1 3 3009 
open 1.0622 1 3 3009 
open 1.0386 1 4 3789 
open 1.0454 1 4 3489 
open 1.0404 1 3 3008 
open 1.0553 1 3 3009 
open 1.0710 1 3 3008 
open 1.0728 1 3 3009 
open 1.0796 1 3 3009 
open 1.0678 1 3 3009 
open 1.0573 1 3 3009 
open 1.0534 1 3 3009 
open 1.0574 1 3 3009 
open 1.0564 1 3 3009 
open 1.0605 1 3 3009 
open 1.0808 1 3 2948 
open 1.0813 1 3 2999 
open 1.0675 1 3 2999 
open 1.0603 1 3 2999 
open 1.0729 1 3 2999 
open 1.0927 1 3 2999 
open 1.0928 1 3 2999 
open 1.0882 1 3 2999 
open 1.1094 1 3 2999 
open 1.1185 1 3 2999 
open 1.1171 1 4 3001 
open 1.1276 1 3 2999 
open 1.1207 1 3 2999 
open 1.1339 1 4 3000 
open 1.1352 2 6 5998 
open 1.1549 1 4 3000 
open 1.1645 3 9 9007 
open 1.1805 1 3 2999 
open 1.1759 1 3 2999 
open 1.1735 1 3 2999 
open 1.1762 1 3 2999 
open 1.1973 1 3 2999 
open 1.1919 1 3 2999 
open 1.1968 1 3 2999 
open 1.1994 1 3 2999 
open 1.1787 1 3 2999 
open 1.1741 1 3 2999 
open 1.1809 1 3 2999 
open 1.1767 1 3 2999 
open 1.1763 1 3 3060 
open 1.1586 1 3 3009 
open 1.1794 1 4 3010 
open 1.1737 1 4 3028 
open 1.1838 2 9 7537 
open 1.1823 1 3 3009 
open 1.1739 1 3 3010 
open 1.1855 1 5 4931 
open 1.2056 1 3 3009 
open 1.1935 1 3 3009 
open 1.2297 1 5 3018 
open 1.2373 1 4 3034 
open 1.2347 1 3 2999 
open 1.2333 1 3 2999 
open 1.2424 1 3 2999 
open 1.2392 1 3 2999 
open 1.2242 1 4 2940 
open 1.2406 1 3 2999 
open 1.2274 1 3 2999 
open 1.2362 1 3 2999 
open 1.2369 1 3 2999 
open 1.1987 1 3 3076 
open 1.1866 1 3 2999 
open 1.1785 1 3 3074 
open 1.1537 1 3 2999 
open 1.1723 1 3 2999 
open 1.1747 1 3 2999 
open 1.1585 1 3 2999 
open 1.1658 1 3 3009 
open 1.1732 1 3 3008 
open 1.1655 1 3 3008 
open 1.1680 1 3 3008 
open 1.1686 1 3 3008 
open 1.1598 1 3 3008 
open 1.1347 1 3 3009 
open 1.1572 1 3 3008 
open 1.1693 1 3 3008 
open 1.1581 1 3 3008 
open 1.1600 1 4 3009 
open 1.1550 1 3 3008 
open 1.1494 1 3 3008 
open 1.1573 1 3 3008 
open 1.1469 1 3 3068 
open 1.1342 1 3 3009 
open 1.1425 1 3 3009 
open 1.1289 2 6 6017 
open 1.1367 1 3 3009 
open 1.1341 1 3 3008 
open 1.1364 1 4 3186 
open 1.1463 1 3 3000 
open 1.1440 1 3 3000 
open 1.1410 1 3 3000 
open 1.1359 1 3 3009 
open 1.1431 1 3 3009 
open 1.1403 1 3 3009 
open 1.1325 1 3 3008 
open 1.1392 1 3 2999 
open 1.1301 1 4 3000 
open 1.1288 1 3 2999 
open 1.1201 1 3 2999 
open 1.1263 1 3 2999 
open 1.1283 1 3 2999 
open 1.1190 1 3 2999 
open 1.1202 2 6 5998 
open 1.1162 1 3 2999 
open 1.1166 1 3 2999 
open 1.1255 1 3 2999 
open 1.1328 1 3 2999 
open 1.1196 1 3 2999 
open 1.1366 1 3 2999 
open 1.1211 1 3 2999 
open 1.1150 1 3 2999 
hight 0.9591 1 7 3173 
hight 0.9575 1 7 3213 
hight 0.9499 1 5 3083 
hight 0.9369 1 7 3292 
hight 0.9442 1 7 3157 
hight 0.9347 1 7 3246 
hight 0.9236 1 7 3514 
hight 0.9204 1 7 3217 
hight 0.9377 1 7 3350 
hight 0.9370 1 7 3304 
hight 0.9207 1 7 3170 
hight 0.9120 1 7 3204 
hight 0.8983 1 7 3185 
hight 0.9086 1 7 3186 
hight 0.8940 1 7 3747 
hight 0.9077 1 7 3083 
hight 0.9051 1 7 3245 
hight 0.9004 1 7 3276 
hight 0.8918 1 7 3219 
hight 0.8877 1 7 3232 
hight 0.8659 1 7 3385 
hight 0.8588 1 7 3206 
hight 0.8565 1 7 3252 
hight 0.8671 1 7 3168 
hight 0.8649 1 7 3188 
hight 0.8657 1 7 3131 
hight 0.8571 1 7 3467 
hight 0.8639 1 7 3310 
hight 0.8784 1 7 3398 
hight 0.8821 1 7 3547 
hight 0.8873 1 7 3671 
hight 0.9034 1 7 3585 
hight 0.9199 1 7 3317 
hight 0.9238 1 7 3559 
hight 0.9195 1 7 3538 
hight 0.9167 1 7 3357 
hight 0.9329 1 7 3362 
hight 0.9323 1 7 3325 
hight 0.9241 1 7 3454 
hight 0.9239 1 7 3235 
hight 0.9155 1 7 3240 
hight 0.9088 1 7 3282 
hight 0.9098 1 7 3321 
hight 0.9116 1 7 3232 
hight 0.9048 1 7 3426 
hight 0.8861 1 7 3465 
hight 0.8834 1 7 4897 
hight 0.8977 1 7 4833 
hight 0.8950 2 14 9953 
hight 0.9076 1 7 4935 
hight 0.9028 1 7 6112 
hight 0.8891 1 7 8253 
hight 0.9061 1 7 4939 
hight 0.8870 1 7 5242 
hight 0.8887 1 7 5077 
hight 0.8726 1 7 5067 
hight 0.8797 1 7 5194 
hight 0.8778 1 7 5063 
hight 0.8779 1 7 5207 
hight 0.8724 1 7 5034 
hight 0.8836 1 7 5061 
hight 0.8868 1 7 5032 
hight 0.8857 1 7 5134 
hight 0.8818 1 7 5121 
hight 0.8853 1 7 5467 
hight 0.8842 1 7 5681 
hight 0.8920 1 7 5717 
hight 0.9041 1 7 5656 
hight 0.9186 1 7 5712 
hight 0.9163 1 7 5358 
hight 0.9226 1 7 5266 
hight 0.9302 1 7 5358 
hight 0.9449 1 7 5075 
hight 0.9488 1 7 5080 
hight 0.9523 1 7 4896 
hight 0.9828 1 7 5004 
hight 0.9987 1 7 4691 
hight 0.9949 1 7 4849 
hight 1.0144 1 7 4788 
hight 1.0199 1 7 4543 
hight 1.0064 1 7 4469 
hight 0.9914 1 7 4545 
hight 0.9844 2 14 9760 
hight 0.9889 1 7 4595 
hight 0.9971 1 7 5072 
hight 0.9986 1 7 5055 
hight 0.9836 1 7 5126 
hight 0.9873 1 7 5067 
hight 0.9896 1 7 5140 
hight 0.9908 1 7 5464 
hight 0.9924 1 7 5681 
hight 0.9833 1 7 5734 
hight 0.9863 1 7 5720 
hight 1.0039 1 7 5804 
hight 1.0168 1 7 5316 
hight 1.0139 1 7 5444 
hight 1.0042 1 7 5736 
hight 0.9999 1 7 6225 
hight 1.0137 1 7 5890 
hight 1.0332 1 7 5245 
hight 1.0323 1 7 5571 
hight 1.0490 1 7 7586 
hight 1.0493 2 11 9996 
hight 1.0594 1 7 5265 
hight 1.0730 1 7 5837 
hight 1.0905 2 14 11679 
hight 1.0934 1 7 5724 
hight 1.0855 1 7 5848 
hight 1.0843 1 7 5756 
hight 1.0963 1 7 5962 
hight 1.1081 1 7 5671 
hight 1.1055 2 10 8124 
hight 1.0718 1 7 4847 
hight 1.0944 1 7 5193 
hight 1.0957 1 7 4946 
hight 1.0827 1 7 5234 
hight 1.1001 1 7 5589 
hight 1.1082 1 7 5117 
hight 1.1452 1 7 5052 
hight 1.1619 1 7 4910 
hight 1.1737 1 7 4792 
hight 1.1932 1 7 5090 
hight 1.1912 1 7 4591 
hight 1.1886 1 7 4914 
hight 1.1928 1 7 5154 
hight 1.1800 1 7 4848 
hight 1.1621 1 7 5102 
hight 1.1567 1 7 5285 
hight 1.1391 2 13 7856 
hight 1.1371 1 7 4601 
hight 1.1547 1 7 4839 
hight 1.1450 1 7 4873 
hight 1.1424 1 7 4838 
hight 1.1336 1 7 4908 
hight 1.1141 1 7 4686 
hight 1.1013 1 7 5078 
hight 1.1237 1 7 4518 
hight 1.1321 1 7 4652 
hight 1.1524 1 7 4502 
hight 1.1734 1 7 4468 
hight 1.1810 1 7 4564 
hight 1.1858 1 7 4600 
hight 1.1744 1 7 4516 
hight 1.1855 2 10 7581 
hight 1.1754 1 7 4711 
hight 1.1542 1 7 4846 
hight 1.1971 1 7 4435 
hight 1.1975 1 7 4559 
hight 1.2109 1 7 4775 
hight 1.2272 2 14 7566 
hight 1.2358 3 17 10394 
hight 1.2444 1 7 4781 
hight 1.2565 2 11 9774 
hight 1.2808 1 7 5905 
hight 1.2895 1 7 3047 
hight 1.2786 2 14 6104 
hight 1.2773 1 7 3034 
hight 1.2642 1 7 3036 
hight 1.2890 1 7 3055 
hight 1.2926 1 7 3051 
hight 1.2704 2 11 6051 
hight 1.2456 1 7 3056 
hight 1.2385 1 7 3052 
hight 1.2430 1 7 3056 
hight 1.2365 1 7 2980 
hight 1.2386 2 14 6072 
hight 1.2216 1 7 3053 
hight 1.2076 1 7 3037 
hight 1.1944 1 7 3041 
hight 1.2115 3 17 9068 
hight 1.2177 1 7 3048 
hight 1.2059 1 7 3038 
hight 1.2123 1 7 3059 
hight 1.2293 2 10 6038 
hight 1.2349 1 7 3023 
hight 1.2166 1 7 3021 
hight 1.2226 1 7 3023 
hight 1.2333 1 7 3024 
hight 1.2433 1 7 3019 
hight 1.2458 1 7 3033 
hight 1.2347 2 10 6021 
hight 1.2315 1 7 3030 
hight 1.2377 1 7 3029 
hight 1.2191 1 7 3025 
hight 1.2217 1 7 3025 
hight 1.2306 1 7 3018 
hight 1.2345 1 7 3022 
hight 1.2440 1 7 3028 
hight 1.2429 1 7 3031 
hight 1.2530 1 7 3028 
hight 1.2838 1 7 3017 
hight 1.2830 1 7 3086 
hight 1.2984 1 7 3023 
hight 1.3002 1 7 3020 
hight 1.3101 1 7 3017 
hight 1.3329 1 7 3029 
hight 1.3467 1 7 3025 
hight 1.3430 3 16 9545 
hight 1.3438 1 7 3023 
hight 1.3641 2 10 6022 
hight 1.3663 1 7 4333 
hight 1.3300 1 7 3023 
hight 1.3289 2 8 6004 
hight 1.3116 1 3 2999 
hight 1.3121 1 4 3006 
hight 1.3091 1 3 2999 
hight 1.3048 1 3 2999 
hight 1.3266 1 3 2999 
hight 1.3277 1 3 2999 
hight 1.3359 1 3 3008 
hight 1.3477 1 3 2999 
hight 1.3436 1 3 2999 
hight 1.3084 1 4 2940 
hight 1.3054 1 3 2999 
hight 1.3014 1 3 2999 
hight 1.3075 1 4 3004 
hight 1.3120 1 3 2999 
hight 1.2985 1 3 2999 
hight 1.2987 1 3 2999 
hight 1.2907 2 6 5998 
hight 1.2688 1 3 2999 
hight 1.2616 1 3 2999 
hight 1.2338 1 3 2999 
hight 1.2350 1 3 2999 
hight 1.2281 1 3 2999 
hight 1.2202 2 6 5998 
hight 1.2116 1 3 2999 
hight 1.2253 1 3 2999 
hight 1.2230 1 3 2999 
hight 1.2247 2 6 5998 
hight 1.2412 2 6 5998 
hight 1.2482 1 3 2999 
hight 1.2366 2 7 6000 
hight 1.2343 1 3 2999 
hight 1.2586 1 3 2999 
hight 1.2534 1 3 2999 
hight 1.2324 2 7 6007 
hight 1.2266 1 3 2999 
hight 1.2087 1 3 2999 
hight 1.2119 1 3 2999 
hight 1.2170 1 3 3059 
hight 1.2081 1 3 2999 
hight 1.1793 1 3 2999 
hight 1.1834 1 3 2999 
hight 1.1899 1 3 2999 
hight 1.1816 1 3 2999 
hight 1.1983 1 3 2999 
hight 1.2058 1 3 2999 
hight 1.1908 1 3 2999 
hight 1.2028 2 7 6003 
hight 1.2178 1 3 2999 
hight 1.2172 1 4 3000 
hight 1.2319 1 3 2999 
hight 1.2320 2 6 5999 
hight 1.2161 1 3 3000 
hight 1.2023 1 3 2999 
hight 1.1972 1 4 3000 
hight 1.1966 1 3 3000 
hight 1.2091 1 3 2999 
hight 1.2205 1 3 2999 
hight 1.2112 1 3 2939 
hight 1.2273 1 3 2999 
hight 1.2328 1 3 2999 
hight 1.2436 1 3 3000 
hight 1.2687 1 3 2999 
hight 1.2784 1 3 2999 
hight 1.2970 1 3 2999 
hight 1.2915 1 4 3000 
hight 1.2904 1 4 3000 
hight 1.2976 1 3 2999 
hight 1.2835 1 3 2999 
hight 1.2668 1 3 2999 
hight 1.2676 1 3 2999 
hight 1.2819 1 3 2999 
hight 1.2857 1 3 2999 
hight 1.2776 1 3 2999 
hight 1.2826 1 3 2999 
hight 1.2910 1 3 2999 
hight 1.2936 1 4 3001 
hight 1.2848 1 3 2999 
hight 1.2876 2 6 5998 
hight 1.2829 1 4 3000 
hight 1.2750 1 3 2999 
hight 1.2828 1 3 2999 
hight 1.2762 2 9 6088 
hight 1.2737 1 3 2999 
hight 1.2575 2 6 6010 
hight 1.2639 1 4 3002 
hight 1.2780 1 3 3059 
hight 1.2816 1 3 2999 
hight 1.2897 1 3 2999 
hight 1.2851 2 6 5999 
hight 1.3206 1 3 2999 
hight 1.3364 1 4 3000 
hight 1.3361 1 3 2999 
hight 1.3285 1 3 2999 
hight 1.3243 1 4 4380 
hight 1.3294 2 7 7379 
hight 1.3288 1 3 2999 
hight 1.3013 1 3 2999 
hight 1.3042 2 6 5998 
hight 1.3034 1 3 2999 
hight 1.3061 1 3 2999 
hight 1.3187 1 3 2999 
hight 1.3257 1 3 2999 
hight 1.3237 1 3 2999 
hight 1.3220 1 3 2999 
hight 1.3337 1 4 3000 
hight 1.3409 1 3 2939 
hight 1.3397 1 3 2999 
hight 1.3452 1 4 3000 
hight 1.3592 2 8 6023 
hight 1.3678 1 3 2999 
hight 1.3624 1 3 2999 
hight 1.3606 1 3 2999 
hight 1.3607 1 3 2999 
hight 1.3517 2 6 5998 
hight 1.3551 1 3 2999 
hight 1.3536 1 3 2999 
hight 1.3434 2 6 5998 
hight 1.3475 1 3 2999 
hight 1.3636 1 3 2999 
hight 1.3781 1 4 3007 
hight 1.3811 1 3 2999 
hight 1.3849 1 3 2999 
hight 1.3823 3 11 8999 
hight 1.3836 1 3 3002 
hight 1.3542 1 4 3016 
hight 1.3682 1 4 3000 
hight 1.3716 1 3 2999 
hight 1.3845 1 3 2999 
hight 1.3985 1 3 2999 
hight 1.4151 1 3 2999 
hight 1.4280 2 6 5998 
hight 1.4198 2 6 5998 
hight 1.4240 1 3 2999 
hight 1.4346 1 3 2999 
hight 1.4439 2 7 6059 
hight 1.4568 1 3 2999 
hight 1.4749 1 3 2999 
hight 1.4848 1 3 2999 
hight 1.4964 1 4 3000 
hight 1.4856 3 10 8998 
hight 1.4768 1 4 3001 
hight 1.4746 1 3 2999 
hight 1.4421 2 8 7379 
hight 1.4726 1 5 5819 
hight 1.4822 1 3 2999 
hight 1.4919 1 3 2999 
hight 1.4795 1 3 2999 
hight 1.4948 1 3 2999 
hight 1.4668 1 3 2999 
hight 1.4754 1 3 2999 
hight 1.5045 2 6 5998 
hight 1.5271 1 3 2999 
hight 1.5492 1 3 2999 
hight 1.5901 1 3 2999 
hight 1.5782 1 3 2999 
hight 1.5893 1 3 2939 
hight 1.5796 1 3 2999 
hight 1.5910 1 3 2999 
hight 1.6016 1 3 2999 
hight 1.5995 1 3 2999 
hight 1.5641 1 3 2999 
hight 1.5568 1 4 3000 
hight 1.5677 1 3 2999 
hight 1.5816 1 3 2999 
hight 1.5757 1 3 2999 
hight 1.5841 1 3 2999 
hight 1.5584 1 3 2999 
hight 1.5649 1 3 2999 
hight 1.5833 1 3 2999 
hight 1.5907 1 3 2999 
hight 1.6036 1 3 2999 
hight 1.5944 1 3 2999 
hight 1.5795 1 3 2999 
hight 1.5697 1 3 2999 
hight 1.5513 1 5 3001 
hight 1.4977 1 3 2999 
hight 1.4906 1 3 2999 
hight 1.4808 1 3 2999 
hight 1.4541 1 3 2999 
hight 1.4478 1 3 3000 
hight 1.4864 1 3 2999 
hight 1.4765 1 3 2999 
hight 1.4171 1 3 2999 
hight 1.3782 1 3 2999 
hight 1.3685 1 3 3015 
hight 1.3067 1 4 3073 
hight 1.3293 1 4 3002 
hight 1.3113 1 3 2999 
hight 1.3078 2 8 6426 
hight 1.3052 1 3 2999 
hight 1.2998 1 3 2999 
hight 1.4144 2 8 7677 
hight 1.4716 1 4 3004 
hight 1.4360 1 5 4657 
hight 1.3795 2 8 6018 
hight 1.3384 1 3 2999 
hight 1.3325 1 3 2999 
hight 1.3322 3 11 9005 
hight 1.3090 2 6 5998 
hight 1.2994 1 3 2999 
hight 1.2989 1 3 2999 
hight 1.2896 1 3 2999 
hight 1.2820 1 3 2999 
hight 1.3069 2 8 6000 
hight 1.3735 1 3 2999 
hight 1.3648 2 6 5940 
hight 1.3580 1 4 3000 
hight 1.3390 1 3 2999 
hight 1.3298 2 7 6004 
hight 1.3704 1 3 3000 
hight 1.3719 1 4 3000 
hight 1.4048 1 4 3000 
hight 1.4329 1 3 2999 
hight 1.4335 1 3 2999 
hight 1.4175 1 3 2999 
hight 1.4105 1 3 2999 
hight 1.4149 1 3 2999 
hight 1.4069 1 3 2999 
hight 1.4274 1 3 2999 
hight 1.4300 1 3 2999 
hight 1.4441 1 3 2999 
hight 1.4444 1 3 2999 
hight 1.4324 1 3 2999 
hight 1.4373 1 3 2999 
hight 1.4404 1 3 2999 
hight 1.4532 1 3 2999 
hight 1.4683 1 3 2999 
hight 1.4818 1 3 2999 
hight 1.4841 1 3 2999 
hight 1.4760 1 3 2999 
hight 1.4873 1 5 3001 
hight 1.4991 1 3 2999 
hight 1.5060 1 3 3059 
hight 1.5018 1 3 2999 
hight 1.4997 1 3 3027 
hight 1.5143 1 3 2999 
hight 1.5137 1 3 2999 
hight 1.4779 1 3 2999 
hight 1.4587 1 3 2999 
hight 1.4455 1 4 4618 
hight 1.4481 1 4 4617 
hight 1.4553 1 3 2999 
hight 1.4577 1 3 2999 
hight 1.4287 1 3 2999 
hight 1.4094 1 3 2999 
hight 1.4023 1 3 2999 
hight 1.3809 2 8 7441 
hight 1.3786 1 3 2999 
hight 1.3680 1 3 2999 
hight 1.3733 1 3 2999 
hight 1.3793 1 3 2999 
hight 1.3815 1 3 2999 
hight 1.3535 1 3 2939 
hight 1.3589 1 3 2999 
hight 1.3689 1 4 3000 
hight 1.3676 1 4 3002 
hight 1.3444 1 5 3001 
hight 1.3339 1 3 2999 
hight 1.2736 2 6 5999 
hight 1.2670 1 3 2999 
hight 1.2450 1 3 2999 
hight 1.2464 1 3 2999 
hight 1.2395 1 3 2999 
hight 1.2659 1 3 2999 
hight 1.3026 1 4 3001 
hight 1.3043 1 5 3005 
hight 1.3259 1 5 3001 
hight 1.3331 1 6 3002 
hight 1.3183 2 9 6001 
hight 1.2919 1 5 3021 
hight 1.2775 1 4 3000 
hight 1.2916 1 5 3004 
hight 1.3030 1 3 3009 
hight 1.3283 1 5 3033 
hight 1.3856 2 10 6152 
hight 1.4026 1 6 3151 
hight 1.4155 1 4 3002 
hight 1.4077 1 6 3046 
hight 1.4055 1 3 3059 
hight 1.4279 1 5 3004 
hight 1.3783 1 4 3001 
hight 1.3418 1 5 3151 
hight 1.3420 1 4 3000 
hight 1.3496 1 6 3011 
hight 1.3376 1 5 3003 
hight 1.3271 1 5 3515 
hight 1.3462 1 4 3004 
hight 1.3701 1 5 3041 
hight 1.3840 1 4 3000 
hight 1.3859 1 4 3000 
hight 1.3741 1 4 3000 
hight 1.3713 1 5 3010 
hight 1.3852 1 4 3000 
hight 1.4033 1 3 2999 
hight 1.4011 1 3 2999 
hight 1.4246 1 3 2999 
hight 1.4217 1 3 2939 
hight 1.4266 1 3 2999 
hight 1.4516 1 4 3001 
hight 1.4517 1 6 3050 
hight 1.4711 1 5 3057 
hight 1.4899 1 3 3008 
hight 1.4937 1 5 3080 
hight 1.4342 1 3 2999 
hight 1.4434 1 3 2999 
hight 1.4693 1 4 3000 
hight 1.4689 1 3 2999 
hight 1.4446 1 3 2999 
hight 1.4571 1 4 3262 
hight 1.4464 1 3 2999 
hight 1.4523 1 3 2999 
hight 1.4533 1 3 2999 
hight 1.4399 1 3 2999 
hight 1.4474 1 4 3001 
hight 1.4514 1 3 2999 
hight 1.4546 1 3 2999 
hight 1.4466 1 5 3040 
hight 1.4130 1 7 3080 
hight 1.3934 1 6 3045 
hight 1.3687 1 5 3044 
hight 1.3695 2 7 6026 
hight 1.3912 1 7 3070 
hight 1.3957 1 3 2999 
hight 1.4245 1 5 3093 
hight 1.3865 1 3 2999 
hight 1.3611 1 4 3001 
hight 1.3529 1 3 2999 
hight 1.3545 2 9 6065 
hight 1.3457 1 3 2999 
hight 1.3129 1 3 2999 
hight 1.3194 1 4 3685 
hight 1.3070 1 3 2999 
hight 1.3060 1 3 2999 
hight 1.3219 1 4 3000 
hight 1.3267 1 3 2999 
hight 1.3318 1 3 2999 
hight 1.3290 1 3 2999 
hight 1.3484 1 4 3000 
hight 1.3483 2 6 5999 
hight 1.3262 1 3 3008 
hight 1.3383 2 6 5939 
hight 1.3378 1 5 3015 
hight 1.3231 1 6 3017 
hight 1.3210 1 3 2999 
hight 1.3222 1 3 2999 
hight 1.3281 2 8 6060 
hight 1.3238 1 3 2999 
hight 1.3001 1 3 2999 
hight 1.2822 1 3 2999 
hight 1.2684 1 3 2999 
hight 1.2539 1 4 3001 
hight 1.2666 1 3 2999 
hight 1.2745 1 5 3006 
hight 1.2740 1 3 2999 
hight 1.2690 1 4 3000 
hight 1.2605 1 3 2999 
hight 1.2314 2 6 6008 
hight 1.2387 1 3 2999 
hight 1.2441 1 3 2999 
hight 1.2400 1 3 2999 
hight 1.2485 1 3 2999 
hight 1.2587 1 3 2999 
hight 1.2634 1 5 3012 
hight 1.2869 1 5 3021 
hight 1.3169 1 3 2999 
hight 1.3083 1 3 2999 
hight 1.2965 1 3 3000 
hight 1.3097 1 5 3017 
hight 1.3137 1 5 3010 
hight 1.3020 1 5 3061 
hight 1.3018 1 4 3003 
hight 1.2874 1 3 2999 
hight 1.2827 1 3 2999 
hight 1.3006 1 4 3011 
hight 1.3106 1 3 2999 
hight 1.3124 1 3 2999 
hight 1.3236 2 7 6002 
hight 1.3306 1 7 4767 
hight 1.3297 1 3 2999 
hight 1.3401 1 3 2999 
hight 1.3396 1 3 2999 
hight 1.3494 1 3 2999 
hight 1.3708 1 3 3001 
hight 1.3593 1 4 3000 
hight 1.3431 1 4 3001 
hight 1.3159 1 3 2999 
hight 1.3132 1 3 2999 
hight 1.3104 1 3 2999 
hight 1.3046 1 3 2999 
hight 1.2875 1 3 2939 
hight 1.3100 2 7 6117 
hight 1.3199 1 3 2999 
hight 1.3197 1 3 2999 
hight 1.3240 1 3 2999 
hight 1.3192 1 4 3001 
hight 1.2940 1 3 2999 
hight 1.2995 1 3 2999 
hight 1.3105 1 3 2999 
hight 1.3315 1 3 2999 
hight 1.3413 3 14 9008 
hight 1.3029 1 3 3000 
hight 1.3204 1 5 3727 
hight 1.3342 1 3 3000 
hight 1.3398 1 4 3001 
hight 1.3449 1 3 3000 
hight 1.3425 1 4 3001 
hight 1.3395 1 3 3000 
hight 1.3278 1 4 3031 
hight 1.3566 1 4 3001 
hight 1.3585 2 7 6002 
hight 1.3643 1 3 3000 
hight 1.3602 1 3 3000 
hight 1.3789 1 4 3006 
hight 1.3830 1 4 3063 
hight 1.3779 1 3 3002 
hight 1.3541 1 5 3010 
hight 1.3575 1 6 3016 
hight 1.3619 1 5 3008 
hight 1.3792 1 3 3001 
hight 1.3803 1 3 3001 
hight 1.3889 1 6 4741 
hight 1.3773 1 4 4441 
hight 1.3697 1 3 3001 
hight 1.3674 1 3 3001 
hight 1.3737 1 3 3002 
hight 1.3683 1 4 3004 
hight 1.3681 2 7 6005 
hight 1.3768 1 4 3003 
hight 1.3771 1 3 3003 
hight 1.3822 1 3 3001 
hight 1.3913 1 4 3001 
hight 1.3965 1 3 2999 
hight 1.3931 1 3 2999 
hight 1.3824 1 4 2940 
hight 1.3818 1 4 3001 
hight 1.3903 1 3 3000 
hight 1.3862 1 3 3001 
hight 1.3877 1 4 3003 
hight 1.3949 1 3 3000 
hight 1.3991 1 3 3000 
hight 1.3732 1 3 3000 
hight 1.3721 1 4 3001 
hight 1.3675 1 3 3000 
hight 1.3640 1 5 3006 
hight 1.3649 1 5 3002 
hight 1.3569 1 4 3001 
hight 1.3443 1 3 3000 
hight 1.3218 1 4 3121 
hight 1.3157 1 5 3057 
hight 1.2990 1 5 3006 
hight 1.2978 1 6 5948 
hight 1.2626 1 7 10080 
hight 1.2697 1 5 3071 
hight 1.2787 1 5 3007 
hight 1.2878 1 4 3010 
hight 1.2768 1 6 3019 
hight 1.2596 1 7 3036 
hight 1.2529 1 6 3030 
hight 1.2454 1 6 3042 
hight 1.2568 1 7 3038 
hight 1.2514 1 6 3039 
hight 1.2220 1 6 4764 
hight 1.2106 1 7 5837 
hight 1.1894 1 6 3037 
hight 1.1844 2 10 6040 
hight 1.1676 1 7 3044 
hight 1.1531 1 7 4411 
hight 1.1497 2 10 6047 
hight 1.1446 2 9 6035 
hight 1.1448 2 9 6042 
hight 1.1386 1 7 3039 
hight 1.1184 1 7 3047 
hight 1.0715 1 6 3032 
hight 1.1027 1 5 3007 
hight 1.1050 1 6 2947 
hight 1.1034 2 10 6005 
hight 1.0885 1 4 3001 
hight 1.0847 1 4 3001 
hight 1.0989 1 5 3003 
hight 1.1288 1 5 3002 
hight 1.1390 1 4 3002 
hight 1.1464 1 4 3001 
hight 1.1205 1 3 3000 
hight 1.1190 1 5 3003 
hight 1.1377 1 6 3185 
hight 1.1379 1 4 3001 
hight 1.1434 1 4 3001 
hight 1.1276 2 6 5999 
hight 1.1168 1 5 3003 
hight 1.1213 1 5 3003 
hight 1.1127 1 3 3000 
hight 1.1112 1 3 3000 
hight 1.1083 1 5 3002 
hight 1.1209 1 4 3001 
hight 1.1702 1 3 3000 
hight 1.1555 1 4 3001 
hight 1.1298 1 3 3000 
hight 1.1366 1 4 3001 
hight 1.1458 1 4 3001 
hight 1.1292 2 6 6000 
hight 1.1316 1 4 3002 
hight 1.1408 2 7 6010 
hight 1.1493 1 5 3002 
hight 1.1375 1 4 3062 
hight 1.1091 1 3 3003 
hight 1.0966 3 9 9006 
hight 1.0828 1 4 3004 
hight 1.0760 1 3 3001 
hight 1.0686 1 4 3002 
hight 1.0978 1 3 3002 
hight 1.1057 2 7 6244 
hight 1.1008 1 3 3002 
hight 1.0990 1 4 4498 
hight 1.0942 1 5 4561 
hight 1.0983 1 3 3001 
hight 1.0973 1 3 3001 
hight 1.1334 1 3 3002 
hight 1.1373 1 3 3003 
hight 1.1177 1 3 3002 
hight 1.1066 1 3 3002 
hight 1.1214 2 8 6003 
hight 1.1340 1 3 3002 
hight 1.1301 1 3 2940 
hight 1.1436 1 3 2999 
hight 1.1463 1 3 2999 
hight 1.1389 1 3 2999 
hight 1.1394 1 3 2999 
hight 1.1614 1 3 2999 
hight 1.1526 1 5 3005 
hight 1.1445 1 3 2999 
hight 1.1314 1 6 3016 
hight 1.1215 1 5 3014 
hight 1.1414 1 4 3007 
hight 1.1380 1 3 2999 
hight 1.1426 1 3 2999 
hight 1.1183 1 3 2999 
hight 1.1124 1 3 2999 
hight 1.1163 1 3 2999 
hight 1.1232 1 3 2999 
hight 1.1219 1 4 3000 
hight 1.1320 1 3 3000 
hight 1.1364 1 3 2999 
hight 1.1338 1 3 2999 
hight 1.1261 1 3 2999 
hight 1.1322 4 13 11997 
hight 1.1272 1 4 3000 
hight 1.1275 1 3 2999 
hight 1.1248 1 4 3000 
hight 1.1231 1 4 3000 
hight 1.1065 1 3 3011 
hight 1.1032 1 4 3000 
hight 1.1067 1 5 3062 
hight 1.1134 1 3 3009 
hight 1.1297 1 3 3009 
hight 1.0757 1 3 3009 
hight 1.0678 1 3 3009 
hight 1.0794 1 3 3010 
hight 1.0864 1 3 3009 
hight 1.0663 1 3 3009 
hight 1.0615 1 4 3489 
hight 1.0621 1 3 3008 
hight 1.0716 1 3 3009 
hight 1.0770 1 3 3008 
hight 1.0808 1 3 3009 
hight 1.0824 2 6 6008 
hight 1.0709 1 3 3009 
hight 1.0677 1 3 3009 
hight 1.0628 1 3 3009 
hight 1.0635 1 3 3009 
hight 1.0711 1 3 3009 
hight 1.0816 1 3 3009 
hight 1.0902 1 3 2948 
hight 1.0687 1 3 2999 
hight 1.0734 1 3 2999 
hight 1.0948 2 6 5998 
hight 1.1011 1 3 2999 
hight 1.1095 1 3 2999 
hight 1.1263 2 6 5998 
hight 1.1247 1 3 2999 
hight 1.1283 2 7 6000 
hight 1.1278 1 3 2999 
hight 1.1347 1 3 2999 
hight 1.1443 1 4 3000 
hight 1.1477 1 3 2999 
hight 1.1581 1 5 3118 
hight 1.1707 1 4 3000 
hight 1.1907 1 3 2999 
hight 1.1843 1 3 2999 
hight 1.1826 1 3 2999 
hight 1.2068 1 3 2999 
hight 1.1982 1 3 2999 
hight 1.2090 1 3 2999 
hight 1.2004 1 3 2999 
hight 1.2029 1 3 2999 
hight 1.1830 1 3 2999 
hight 1.1823 1 3 2999 
hight 1.1877 1 3 2999 
hight 1.1856 2 7 6009 
hight 1.1832 1 3 3060 
hight 1.1684 1 3 3009 
hight 1.1803 1 3 3009 
hight 1.1959 1 4 3028 
hight 1.1938 1 4 3028 
hight 1.1845 1 3 3009 
hight 1.1898 1 5 4509 
hight 1.2078 1 5 4931 
hight 1.2086 1 3 3009 
hight 1.2532 1 5 3018 
hight 1.2520 1 7 3193 
hight 1.2404 1 4 3034 
hight 1.2552 1 3 2999 
hight 1.2421 1 3 2999 
hight 1.2443 1 3 2999 
hight 1.2410 1 3 2999 
hight 1.2474 1 4 2940 
hight 1.2420 1 3 2999 
hight 1.2375 1 3 2999 
hight 1.2398 1 3 2999 
hight 1.2236 1 5 4253 
hight 1.2030 1 3 3076 
hight 1.1994 1 3 2999 
hight 1.1852 1 3 2999 
hight 1.1787 1 3 3074 
hight 1.1742 1 3 2999 
hight 1.1838 1 3 2999 
hight 1.1849 1 3 2999 
hight 1.1718 1 3 2999 
hight 1.1681 1 3 2999 
hight 1.1788 1 3 3009 
hight 1.1756 1 3 3008 
hight 1.1747 1 3 3008 
hight 1.1743 1 3 3008 
hight 1.1696 1 3 3008 
hight 1.1625 1 3 3008 
hight 1.1599 1 3 3009 
hight 1.1730 1 3 3008 
hight 1.1714 1 3 3008 
hight 1.1657 1 3 3008 
hight 1.1719 1 4 3009 
hight 1.1811 1 3 3008 
hight 1.1796 1 3 3008 
hight 1.1590 1 3 3008 
hight 1.1618 1 3 3008 
hight 1.1579 1 3 3008 
hight 1.1474 1 3 3068 
hight 1.1454 1 3 3009 
hight 1.1470 1 3 3009 
hight 1.1431 1 3 3009 
hight 1.1417 1 3 3008 
hight 1.1441 1 3 3008 
hight 1.1400 1 3 3008 
hight 1.1483 1 4 3186 
hight 1.1471 1 4 3187 
hight 1.1494 1 3 3000 
hight 1.1568 1 3 3000 
hight 1.1420 1 3 3000 
hight 1.1512 1 3 3009 
hight 1.1354 1 3 3008 
hight 1.1401 1 3 2999 
hight 1.1418 1 3 2999 
hight 1.1360 1 3 2999 
hight 1.1284 2 6 5938 
hight 1.1227 1 3 2999 
hight 1.1262 1 3 2999 
hight 1.1223 1 3 2999 
hight 1.1346 1 3 2999 
hight 1.1342 1 3 2999 
hight 1.1410 1 3 2999 
hight 1.1392 1 3 2999 
hight 1.1310 1 3 2999 
hight 1.1279 1 3 2999 
hight 1.1186 1 3 2999 
low 0.9262 1 7 3173 
low 0.9361 1 7 3213 
low 0.9269 1 5 3083 
low 0.9114 1 7 3292 
low 0.9253 1 7 3157 
low 0.9131 1 7 3246 
low 0.9024 1 7 3514 
low 0.9014 1 7 3217 
low 0.9160 1 7 3350 
low 0.9128 1 7 3304 
low 0.8913 1 7 3170 
low 0.8832 1 7 3204 
low 0.8735 2 14 8652 
low 0.8865 1 7 3186 
low 0.8775 1 7 3747 
low 0.8698 1 7 3083 
low 0.8850 1 7 3245 
low 0.8822 1 7 3276 
low 0.8725 2 14 8251 
low 0.8625 1 7 3232 
low 0.8494 1 7 3385 
low 0.8424 1 7 3206 
low 0.8410 1 7 3252 
low 0.8485 1 7 3168 
low 0.8495 1 7 3188 
low 0.8430 1 7 3131 
low 0.8350 1 7 3467 
low 0.8490 1 7 3310 
low 0.8569 1 7 3398 
low 0.8715 1 7 3547 
low 0.8751 1 7 3671 
low 0.8740 2 14 9697 
low 0.9019 1 7 3317 
low 0.9027 1 7 3559 
low 0.8848 1 7 3538 
low 0.8824 1 7 3357 
low 0.9009 1 7 3362 
low 0.9092 1 7 3325 
low 0.9061 1 7 3454 
low 0.9110 1 7 3235 
low 0.8988 1 7 3240 
low 0.8867 1 7 3282 
low 0.8879 1 7 3321 
low 0.8941 1 7 3232 
low 0.8789 1 7 3426 
low 0.8766 1 7 3465 
low 0.8736 1 7 4897 
low 0.8817 1 7 4833 
low 0.8842 1 7 4735 
low 0.8920 1 7 4935 
low 0.8773 1 7 8253 
low 0.8880 1 7 4939 
low 0.8821 1 7 5218 
low 0.8792 1 7 5242 
low 0.8573 1 7 5077 
low 0.8563 1 7 5067 
low 0.8632 1 7 5194 
low 0.8665 1 7 5063 
low 0.8614 1 7 5207 
low 0.8626 1 7 5034 
low 0.8694 1 7 5061 
low 0.8732 1 7 5134 
low 0.8700 1 7 5121 
low 0.8774 1 7 5681 
low 0.8815 1 7 5717 
low 0.8872 1 7 5656 
low 0.8994 2 14 10978 
low 0.9010 1 7 5358 
low 0.9164 1 7 5358 
low 0.9270 1 7 5075 
low 0.9337 1 7 5080 
low 0.9394 1 7 4896 
low 0.9519 1 7 5004 
low 0.9789 1 7 4691 
low 0.9714 1 7 4849 
low 0.9834 1 7 4788 
low 0.9844 1 7 4543 
low 0.9770 1 7 4469 
low 0.9622 1 7 4545 
low 0.9640 1 7 4900 
low 0.9729 1 7 4595 
low 0.9662 1 7 4860 
low 0.9776 1 7 5072 
low 0.9722 1 7 5055 
low 0.9606 1 7 5126 
low 0.9685 1 7 5067 
low 0.9728 1 7 5140 
low 0.9763 1 7 5464 
low 0.9777 1 7 5681 
low 0.9686 1 7 5734 
low 0.9723 1 7 5720 
low 0.9814 1 7 5804 
low 0.9939 1 7 5316 
low 1.0007 1 7 5444 
low 0.9891 1 7 5736 
low 0.9859 1 7 6225 
low 0.9962 1 7 5890 
low 1.0059 1 7 5245 
low 1.0206 1 7 5571 
low 1.0316 1 7 7586 
low 1.0334 1 7 6207 
low 1.0361 1 7 5265 
low 1.0504 1 7 5837 
low 1.0684 1 7 5995 
low 1.0691 1 7 5684 
low 1.0665 3 19 14483 
low 1.0676 1 7 5848 
low 1.0729 1 7 5962 
low 1.0929 1 7 5671 
low 1.0541 1 7 5124 
low 1.0501 1 7 4847 
low 1.0620 2 10 8202 
low 1.0559 2 10 7955 
low 1.0674 1 7 5234 
low 1.0783 1 7 5589 
low 1.0920 1 7 5117 
low 1.1062 1 7 5052 
low 1.1308 1 7 4910 
low 1.1370 2 12 7910 
low 1.1619 2 10 8098 
low 1.1651 1 7 4591 
low 1.1631 1 7 4914 
low 1.1658 1 7 5154 
low 1.1475 1 7 4848 
low 1.1398 1 7 5102 
low 1.1257 2 10 8294 
low 1.1154 2 11 7831 
low 1.1111 2 10 7600 
low 1.1315 2 10 7838 
low 1.1135 1 7 4873 
low 1.1264 1 7 4838 
low 1.1054 1 7 4908 
low 1.0791 1 7 4686 
low 1.0801 2 10 8080 
low 1.0762 1 7 4518 
low 1.1134 2 10 7651 
low 1.1139 1 7 4502 
low 1.1394 1 7 4468 
low 1.1532 1 7 4564 
low 1.1580 1 7 4600 
low 1.1545 1 7 4516 
low 1.1648 1 7 4571 
low 1.1425 1 7 4711 
low 1.1375 1 7 4846 
low 1.1504 2 10 7443 
low 1.1752 2 13 7596 
low 1.1770 1 7 4775 
low 1.2028 1 7 4540 
low 1.2112 1 7 4365 
low 1.2295 2 10 7780 
low 1.2394 1 7 6767 
low 1.2522 2 10 8904 
low 1.2558 2 10 6046 
low 1.2334 1 7 3054 
low 1.2438 1 7 3034 
low 1.2349 1 7 3036 
low 1.2493 1 7 3050 
low 1.2648 2 11 6055 
low 1.2449 1 7 3051 
low 1.2194 1 7 3050 
low 1.2056 1 7 3056 
low 1.2162 1 7 3052 
low 1.2176 2 14 6085 
low 1.2047 1 7 2980 
low 1.1982 1 7 3043 
low 1.1904 1 7 3053 
low 1.1822 1 7 3037 
low 1.1759 1 7 3041 
low 1.1803 1 7 3048 
low 1.1789 1 7 3048 
low 1.1772 1 7 3038 
low 1.1894 1 7 3059 
low 1.2077 1 7 3029 
low 1.2139 1 7 3023 
low 1.1953 1 7 3026 
low 1.1973 1 7 3021 
low 1.2039 1 7 3023 
low 1.2064 1 7 3024 
low 1.2273 1 7 3019 
low 1.2303 1 7 3033 
low 1.2035 1 7 3022 
low 1.1992 1 7 3021 
low 1.1969 1 7 3030 
low 1.2061 1 7 3029 
low 1.1986 1 7 3025 
low 1.2041 1 7 3025 
low 1.2025 1 7 3018 
low 1.2120 1 7 3022 
low 1.2226 2 14 6058 
low 1.2257 1 7 3028 
low 1.2247 1 7 3031 
low 1.2496 1 7 3017 
low 1.2631 1 7 3086 
low 1.2656 1 7 3023 
low 1.2850 1 7 3020 
low 1.2938 1 7 3017 
low 1.3080 2 10 6028 
low 1.3236 1 7 3025 
low 1.3139 1 7 3021 
low 1.3204 2 10 6023 
low 1.3341 1 7 3023 
low 1.3249 2 12 7357 
low 1.3024 2 10 6022 
low 1.2994 2 8 6004 
low 1.2922 1 3 2999 
low 1.2965 3 12 9006 
low 1.2730 2 8 6004 
low 1.2739 1 3 2999 
low 1.2958 1 3 2999 
low 1.3145 1 3 2999 
low 1.3087 1 3 3008 
low 1.3295 2 7 6003 
low 1.3053 1 3 2999 
low 1.2855 1 4 2940 
low 1.2799 1 3 2999 
low 1.2807 1 3 2999 
low 1.2767 1 4 3004 
low 1.2944 2 6 5998 
low 1.2828 1 3 2999 
low 1.2789 1 3 2999 
low 1.2580 1 3 2999 
low 1.2534 1 3 2999 
low 1.2294 1 3 2999 
low 1.2157 2 6 5999 
low 1.2021 1 3 2999 
low 1.2016 1 3 2999 
low 1.1984 1 3 2999 
low 1.1866 1 3 2999 
low 1.1872 1 3 2999 
low 1.1951 2 6 5938 
low 1.1979 1 3 2999 
low 1.1964 1 3 2999 
low 1.2148 1 3 2999 
low 1.2124 1 4 3000 
low 1.2161 1 3 2999 
low 1.2186 1 3 2999 
low 1.2244 1 3 2999 
low 1.2100 1 3 3007 
low 1.1977 1 3 2999 
low 1.1899 1 3 2999 
low 1.1913 1 3 2999 
low 1.1912 1 3 2999 
low 1.1874 1 3 2999 
low 1.1967 1 3 3059 
low 1.1708 1 3 2999 
low 1.1638 1 3 2999 
low 1.1641 1 3 2999 
low 1.1680 1 3 2999 
low 1.1660 1 3 2999 
low 1.1702 1 3 2999 
low 1.1838 1 3 2999 
low 1.1799 2 7 6027 
low 1.1776 1 3 2999 
low 1.2012 1 3 2999 
low 1.2006 1 4 3000 
low 1.2040 2 6 5999 
low 1.2062 1 3 2999 
low 1.1940 1 3 3000 
low 1.1858 1 3 2999 
low 1.1848 1 4 3000 
low 1.1824 1 3 3000 
low 1.1867 1 3 2999 
low 1.1859 1 4 3004 
low 1.2004 1 3 2999 
low 1.1978 1 3 2999 
low 1.2075 1 3 2999 
low 1.2065 1 3 3000 
low 1.2266 1 3 3000 
low 1.2384 1 3 2999 
low 1.2571 1 3 2999 
low 1.2684 1 3 2999 
low 1.2693 1 4 3000 
low 1.2700 1 4 3000 
low 1.2722 1 3 2999 
low 1.2529 1 3 2999 
low 1.2533 1 3 2999 
low 1.2477 1 3 2999 
low 1.2514 1 3 2999 
low 1.2704 2 6 5998 
low 1.2474 1 3 2999 
low 1.2458 1 4 3001 
low 1.2740 1 3 2999 
low 1.2695 1 3 2999 
low 1.2768 1 4 3001 
low 1.2724 1 3 2999 
low 1.2754 1 3 2999 
low 1.2630 1 3 2999 
low 1.2661 2 8 6003 
low 1.2638 1 3 2999 
low 1.2515 1 3 2999 
low 1.2482 1 3 2999 
low 1.2500 2 9 6023 
low 1.2553 1 3 3059 
low 1.2681 2 7 6000 
low 1.2745 2 6 5998 
low 1.2761 2 7 6003 
low 1.2839 1 3 2999 
low 1.3131 1 4 3000 
low 1.3129 1 3 2999 
low 1.3051 2 6 5998 
low 1.3089 2 7 7379 
low 1.3094 1 4 4380 
low 1.2972 2 6 5998 
low 1.2865 1 3 2999 
low 1.2896 1 3 2999 
low 1.2877 1 3 2999 
low 1.2911 1 3 2999 
low 1.2939 1 3 2999 
low 1.3023 1 3 2999 
low 1.3071 1 3 2999 
low 1.3085 1 3 2999 
low 1.3176 1 4 3000 
low 1.3253 1 3 2939 
low 1.3286 1 3 2999 
low 1.3317 1 4 3000 
low 1.3406 1 3 2999 
low 1.3541 1 3 2999 
low 1.3583 2 6 5998 
low 1.3514 1 3 2999 
low 1.3461 3 11 9008 
low 1.3435 1 3 2999 
low 1.3410 1 3 2999 
low 1.3391 1 3 2999 
low 1.3299 1 3 2999 
low 1.3262 1 3 2999 
low 1.3370 1 3 2999 
low 1.3414 2 7 6001 
low 1.3566 1 4 3007 
low 1.3729 1 3 2999 
low 1.3752 1 3 2999 
low 1.3607 1 3 2999 
low 1.3636 1 3 3002 
low 1.3528 2 7 5999 
low 1.3360 2 8 6017 
low 1.3448 1 4 3000 
low 1.3549 1 3 2999 
low 1.3568 1 3 2999 
low 1.3823 2 7 6003 
low 1.3933 1 3 2999 
low 1.4110 1 3 2999 
low 1.4013 1 3 2999 
low 1.4092 1 3 2999 
low 1.4124 1 3 2999 
low 1.4187 1 4 3060 
low 1.4403 1 3 2999 
low 1.4519 1 3 2999 
low 1.4580 1 3 2999 
low 1.4775 1 4 3000 
low 1.4619 1 4 3000 
low 1.4526 1 4 3001 
low 1.4329 1 3 2999 
low 1.4308 1 5 4380 
low 1.4390 1 5 5819 
low 1.4592 1 3 2999 
low 1.4638 1 3 2999 
low 1.4363 1 3 2999 
low 1.4510 1 3 2999 
low 1.4620 1 3 2999 
low 1.4438 1 3 2999 
low 1.4530 1 3 2999 
low 1.4612 1 3 2999 
low 1.4980 1 3 2999 
low 1.5144 1 3 2999 
low 1.5332 1 3 2999 
low 1.5340 1 3 2999 
low 1.5563 1 3 2939 
low 1.5509 1 3 2999 
low 1.5670 1 3 2999 
low 1.5710 1 3 2999 
low 1.5539 1 3 2999 
low 1.5361 1 3 2999 
low 1.5284 1 4 3000 
low 1.5394 1 3 2999 
low 1.5631 1 3 2999 
low 1.5409 1 3 2999 
low 1.5364 1 3 2999 
low 1.5302 1 3 2999 
low 1.5461 1 3 2999 
low 1.5535 1 3 2999 
low 1.5610 1 3 2999 
low 1.5648 1 3 2999 
low 1.5756 1 3 2999 
low 1.5552 1 3 2999 
low 1.5445 1 3 2999 
low 1.4814 1 5 3001 
low 1.4629 1 3 2999 
low 1.4570 1 3 2999 
low 1.4465 2 6 5998 
low 1.4045 1 3 2999 
low 1.3880 1 3 3000 
low 1.4098 1 3 2999 
low 1.4008 1 3 2999 
low 1.3442 1 3 2999 
low 1.3254 1 3 2999 
low 1.3049 1 3 3015 
low 1.2329 1 4 3073 
low 1.2525 1 4 3002 
low 1.2504 1 3 2999 
low 1.2387 1 3 2999 
low 1.2421 1 4 3006 
low 1.2561 2 6 5998 
low 1.2549 1 3 2999 
low 1.2902 1 3 2999 
low 1.3915 1 5 4657 
low 1.3311 1 5 4678 
low 1.3140 1 4 3001 
low 1.2853 1 3 2999 
low 1.2764 1 3 2999 
low 1.2746 1 3 2999 
low 1.2512 1 3 2999 
low 1.2520 1 3 2999 
low 1.2455 1 3 2999 
low 1.2615 1 3 2999 
low 1.2985 1 3 2999 
low 1.3112 1 3 2939 
low 1.3165 1 4 3000 
low 1.2887 1 3 2999 
low 1.2885 2 6 5998 
low 1.3119 1 3 2999 
low 1.3244 1 3 3000 
low 1.3422 1 4 3000 
low 1.3582 1 4 3000 
low 1.3792 1 3 2999 
low 1.3803 1 3 2999 
low 1.3747 2 8 6003 
low 1.3805 1 3 2999 
low 1.3887 1 3 2999 
low 1.3876 1 3 2999 
low 1.3830 1 3 2999 
low 1.3961 1 3 2999 
low 1.4118 1 3 2999 
low 1.4006 1 3 2999 
low 1.4102 2 7 6000 
low 1.4044 1 3 2999 
low 1.4082 1 3 2999 
low 1.4176 1 3 2999 
low 1.4189 1 3 2999 
low 1.4609 1 3 2999 
low 1.4525 1 3 2999 
low 1.4479 1 3 2999 
low 1.4649 1 5 3001 
low 1.4826 1 3 2999 
low 1.4769 1 3 3059 
low 1.4624 1 3 2999 
low 1.4700 1 3 2999 
low 1.4806 1 3 2999 
low 1.4799 1 3 3027 
low 1.4827 1 3 2999 
low 1.4679 1 3 2999 
low 1.4502 1 3 2999 
low 1.4216 2 7 6000 
low 1.4232 1 4 4618 
low 1.4255 1 4 4617 
low 1.4262 1 3 2999 
low 1.4250 1 3 2999 
low 1.4028 1 3 2999 
low 1.3851 1 3 2999 
low 1.3529 2 6 6001 
low 1.3444 1 3 2999 
low 1.3434 1 3 2999 
low 1.3543 1 3 2999 
low 1.3265 1 3 2939 
low 1.3354 1 3 2999 
low 1.3281 1 4 3000 
low 1.3143 1 5 3001 
low 1.2960 2 7 6003 
low 1.2519 1 3 2999 
low 1.2142 1 3 2999 
low 1.2110 1 3 2999 
low 1.1875 1 4 3000 
low 1.1923 1 3 2999 
low 1.2240 1 3 2999 
low 1.2150 1 3 2999 
low 1.2165 1 3 2999 
low 1.3073 1 6 3002 
low 1.2732 2 8 6000 
low 1.2586 1 5 3021 
low 1.2607 1 4 3000 
low 1.2643 1 3 3009 
low 1.2954 1 5 3033 
low 1.3558 1 6 3137 
low 1.3773 1 6 3151 
low 1.3712 1 4 3002 
low 1.3696 1 6 3046 
low 1.3733 1 3 3059 
low 1.3445 1 4 3000 
low 1.2967 1 5 3151 
low 1.2969 1 4 3000 
low 1.3163 2 10 6015 
low 1.3072 1 5 3003 
low 1.3054 1 5 3515 
low 1.3082 1 5 3521 
low 1.2872 1 4 3002 
low 1.3366 1 5 3041 
low 1.3569 1 4 3000 
low 1.3506 2 7 6001 
low 1.3426 1 4 3000 
low 1.3653 1 4 3000 
low 1.3741 1 3 2999 
low 1.3750 1 3 2999 
low 1.3865 1 3 2999 
low 1.4019 1 3 2939 
low 1.4050 1 3 2999 
low 1.4156 1 6 3050 
low 1.4333 1 5 3057 
low 1.4631 1 3 3008 
low 1.4253 1 5 3080 
low 1.4046 1 3 2999 
low 1.3968 1 3 2999 
low 1.4011 1 3 2999 
low 1.4305 1 4 3000 
low 1.4320 1 3 2999 
low 1.4072 1 3 2999 
low 1.4101 1 3 2999 
low 1.4336 1 4 3262 
low 1.3835 1 3 2999 
low 1.3960 1 3 2999 
low 1.4131 1 3 2999 
low 1.4149 1 3 2999 
low 1.4053 1 3 2999 
low 1.4257 1 3 2999 
low 1.4327 1 3 2999 
low 1.3972 1 5 3040 
low 1.3499 1 7 3080 
low 1.3585 1 6 3045 
low 1.3361 1 4 3017 
low 1.3144 1 5 3044 
low 1.3240 1 4 3026 
low 1.3581 1 7 3070 
low 1.3654 1 3 2999 
low 1.3606 1 5 3093 
low 1.3635 1 3 2999 
low 1.3482 1 4 3015 
low 1.3420 1 4 3001 
low 1.3210 1 3 2999 
low 1.3257 1 5 3061 
low 1.3007 1 3 2999 
low 1.3016 2 8 6686 
low 1.2856 1 4 3420 
low 1.2664 1 3 2999 
low 1.2622 1 3 2999 
low 1.2929 1 4 3000 
low 1.3078 1 3 2999 
low 1.3209 1 4 3000 
low 1.3101 1 3 2999 
low 1.3050 1 3 2999 
low 1.3002 1 3 3008 
low 1.3132 1 3 2939 
low 1.3211 1 5 3015 
low 1.3032 1 6 3017 
low 1.2993 1 3 2999 
low 1.3056 1 3 2999 
low 1.3155 1 3 2999 
low 1.2953 3 10 8998 
low 1.2720 1 3 2999 
low 1.2640 1 3 2999 
low 1.2459 1 3 2999 
low 1.2287 1 4 3001 
low 1.2433 1 3 2999 
low 1.2471 1 5 3006 
low 1.2440 2 9 6018 
low 1.2405 1 4 3000 
low 1.2233 1 3 2999 
low 1.2160 1 3 2999 
low 1.2051 1 3 2999 
low 1.2132 1 3 2999 
low 1.2239 1 3 2999 
low 1.2254 1 3 2999 
low 1.2429 1 3 2999 
low 1.2485 1 5 3012 
low 1.2816 1 3 2999 
low 1.2802 1 3 3000 
low 1.2857 1 5 3001 
low 1.2823 1 5 3017 
low 1.2950 1 5 3010 
low 1.2881 1 5 3061 
low 1.2660 1 3 2999 
low 1.2689 1 3 2999 
low 1.2734 1 4 3011 
low 1.2878 1 3 2999 
low 1.2876 1 3 2999 
low 1.3156 1 7 4767 
low 1.3164 2 9 6066 
low 1.2996 1 3 2999 
low 1.3035 1 3 2999 
low 1.3255 1 3 2999 
low 1.3263 1 3 2999 
low 1.3456 1 3 3001 
low 1.3352 1 4 3000 
low 1.3305 1 3 2999 
low 1.2842 1 3 2999 
low 1.2826 1 3 2999 
low 1.2749 1 3 2939 
low 1.3020 1 3 2999 
low 1.2971 1 3 2999 
low 1.3033 1 3 2999 
low 1.2916 1 4 3001 
low 1.2794 1 3 2999 
low 1.2819 1 3 2999 
low 1.2836 1 3 2999 
low 1.3264 1 4 3000 
low 1.3057 1 3 2999 
low 1.2962 1 4 3118 
low 1.2753 1 3 3000 
low 1.2763 1 5 3727 
low 1.3064 1 4 3003 
low 1.3188 1 3 3000 
low 1.3231 1 4 3001 
low 1.3296 1 4 3001 
low 1.3137 1 3 3000 
low 1.3103 1 4 3031 
low 1.3242 1 3 3000 
low 1.3336 1 4 3001 
low 1.3460 1 3 3000 
low 1.3503 1 3 3000 
low 1.3477 1 3 3000 
low 1.3471 1 4 3006 
low 1.3736 1 4 3063 
low 1.3440 1 3 3002 
low 1.3388 1 5 3010 
low 1.3397 1 6 3016 
low 1.3522 1 5 3008 
low 1.3526 1 3 3001 
low 1.3707 1 3 3001 
low 1.3623 1 5 4442 
low 1.3664 1 6 4741 
low 1.3570 1 4 4441 
low 1.3547 1 3 3001 
low 1.3476 1 4 3004 
low 1.3483 1 4 3005 
low 1.3561 1 4 3003 
low 1.3685 1 3 3003 
low 1.3641 1 3 3001 
low 1.3706 1 4 3001 
low 1.3842 1 3 2999 
low 1.3748 1 3 2999 
low 1.3704 1 4 2940 
low 1.3672 1 4 3001 
low 1.3778 1 3 3000 
low 1.3783 1 3 3001 
low 1.3790 1 4 3003 
low 1.3776 1 3 3000 
low 1.3687 1 3 3000 
low 1.3647 1 3 3000 
low 1.3611 1 4 3001 
low 1.3584 1 3 3001 
low 1.3502 1 3 3000 
low 1.3511 1 4 3002 
low 1.3540 1 5 3006 
low 1.3579 1 3 3000 
low 1.3574 1 3 3000 
low 1.3560 1 5 3002 
low 1.3458 1 4 3001 
low 1.3403 1 3 3000 
low 1.3358 1 3 3000 
low 1.3333 1 4 3003 
low 1.3313 1 7 3009 
low 1.3109 1 4 3121 
low 1.2858 1 5 3057 
low 1.2882 1 5 3006 
low 1.2626 2 13 16028 
low 1.2499 1 5 3071 
low 1.2604 1 5 3007 
low 1.2623 1 4 3010 
low 1.2612 1 6 3089 
low 1.2357 1 4 3007 
low 1.2397 1 3 3011 
low 1.2362 1 7 3036 
low 1.2375 1 6 3030 
low 1.2246 1 6 3042 
low 1.2360 1 7 3038 
low 1.2163 2 9 6048 
low 1.2098 1 6 4764 
low 1.1850 1 7 5837 
low 1.1458 1 7 3041 
low 1.1096 2 12 6058 
low 1.1260 1 7 4411 
low 1.1269 2 10 6046 
low 1.1278 2 12 6069 
low 1.1153 1 7 3039 
low 1.0667 1 7 3047 
low 1.0460 1 6 3032 
low 1.0578 1 5 3007 
low 1.0712 1 6 2947 
low 1.0717 1 6 3003 
low 1.0519 2 7 6010 
low 1.0569 2 7 6000 
low 1.0958 1 5 3002 
low 1.1129 2 7 6001 
low 1.1117 2 7 6000 
low 1.0862 2 6 5999 
low 1.0818 1 5 3003 
low 1.1048 1 6 3185 
low 1.1150 1 4 3001 
low 1.1136 2 8 6001 
low 1.0954 1 3 3000 
low 1.0914 1 5 3003 
low 1.0964 1 5 3003 
low 1.0807 1 4 3002 
low 1.0868 1 3 3000 
low 1.0877 1 3 3000 
low 1.0846 1 5 3002 
low 1.1017 1 4 3001 
low 1.1020 1 3 3000 
low 1.1088 1 3 3000 
low 1.1130 2 7 6000 
low 1.1112 2 10 6027 
low 1.1104 1 3 3001 
low 1.1138 1 4 3002 
low 1.1212 1 4 3001 
low 1.1307 2 8 6010 
low 1.0995 1 4 3062 
low 1.0895 1 3 3003 
low 1.0673 1 3 3003 
low 1.0632 1 4 3004 
low 1.0597 1 3 3001 
low 1.0557 1 4 3002 
low 1.0540 1 3 3002 
low 1.0878 1 3 3003 
low 1.0871 1 4 4498 
low 1.0709 1 5 4561 
low 1.0718 1 3 3002 
low 1.0803 1 3 3001 
low 1.0779 1 3 3001 
low 1.0808 1 3 3001 
low 1.0903 1 3 3002 
low 1.1123 1 3 3003 
low 1.0989 1 3 3002 
low 1.0833 1 3 3002 
low 1.0824 1 3 3000 
low 1.0822 1 5 3004 
low 1.1057 1 3 3002 
low 1.1147 1 3 2940 
low 1.1285 1 3 2999 
low 1.1325 1 3 2999 
low 1.1232 1 3 2999 
low 1.1216 1 3 2999 
low 1.1271 1 3 2999 
low 1.1357 1 5 3005 
low 1.1281 1 3 2999 
low 1.1131 1 6 3016 
low 1.1187 1 4 3007 
low 1.0911 1 3 2999 
low 1.1023 1 3 2999 
low 1.1001 1 3 2999 
low 1.0998 1 3 2999 
low 1.0951 1 4 3241 
low 1.0962 2 6 6010 
low 1.1044 1 4 3000 
low 1.1113 1 3 3000 
low 1.1240 1 3 2999 
low 1.1122 1 3 2999 
low 1.1197 1 3 2999 
low 1.1148 1 4 3000 
low 1.1121 1 3 2999 
low 1.1047 1 4 3000 
low 1.0849 1 4 3000 
low 1.0873 1 5 3062 
low 1.1007 1 3 3009 
low 1.0708 1 3 3009 
low 1.0570 1 3 3009 
low 1.0505 1 3 3010 
low 1.0524 2 6 6018 
low 1.0351 1 3 3009 
low 1.0381 1 4 3789 
low 1.0342 1 4 3489 
low 1.0388 1 3 3008 
low 1.0453 1 3 3009 
low 1.0588 1 3 3008 
low 1.0654 1 3 3009 
low 1.0520 1 3 3009 
low 1.0493 2 6 6018 
low 1.0603 1 3 3009 
low 1.0759 1 3 2948 
low 1.0634 1 3 2999 
low 1.0587 1 3 2999 
low 1.0681 1 3 2999 
low 1.0851 1 3 2999 
low 1.0839 1 3 2999 
low 1.1074 1 3 2999 
low 1.1108 1 3 2999 
low 1.1164 1 4 3001 
low 1.1165 1 3 2999 
low 1.1126 1 3 2999 
low 1.1294 1 4 3000 
low 1.1312 1 3 2999 
low 1.1478 1 4 3000 
low 1.1612 2 6 6007 
low 1.1719 1 3 2999 
low 1.1687 1 3 2999 
low 1.1662 1 3 2999 
low 1.1742 1 3 2999 
low 1.1823 1 3 2999 
low 1.1902 1 3 2999 
low 1.1840 1 3 2999 
low 1.1758 1 3 2999 
low 1.1695 1 3 2999 
low 1.1668 1 3 2999 
low 1.1735 1 3 2999 
low 1.1723 1 3 2999 
low 1.1573 1 3 3060 
low 1.1554 1 3 3009 
low 1.1579 1 3 3009 
low 1.1712 2 7 6009 
low 1.1731 1 4 3028 
low 1.1716 1 3 3009 
low 1.1729 1 3 3010 
low 1.1817 1 5 4509 
low 1.1853 1 5 4931 
low 1.1915 1 3 3009 
low 1.1922 1 3 3009 
low 1.2292 1 5 3018 
low 1.2314 1 7 3193 
low 1.2205 1 4 3034 
low 1.2276 1 3 2999 
low 1.2221 1 3 2999 
low 1.2155 1 3 2999 
low 1.2275 1 3 2999 
low 1.2238 1 3 2999 
low 1.2242 1 4 2940 
low 1.2252 1 3 2999 
low 1.2214 1 3 2999 
low 1.2298 1 3 2999 
low 1.2180 1 3 2999 
low 1.1980 1 5 4253 
low 1.1837 1 3 3076 
low 1.1818 1 3 2999 
low 1.1715 1 3 2999 
low 1.1508 1 3 3074 
low 1.1517 1 3 2999 
low 1.1529 2 6 6007 
low 1.1507 1 3 2999 
low 1.1527 1 3 2999 
low 1.1629 1 3 3009 
low 1.1574 1 3 3008 
low 1.1329 1 3 3008 
low 1.1300 1 3 3009 
low 1.1528 1 3 3008 
low 1.1530 1 3 3008 
low 1.1525 1 3 3008 
low 1.1569 1 4 3009 
low 1.1650 1 3 3008 
low 1.1431 1 3 3008 
low 1.1479 1 3 3008 
low 1.1433 1 3 3008 
low 1.1335 2 6 6068 
low 1.1304 1 3 3009 
low 1.1215 1 3 3009 
low 1.1262 2 6 6008 
low 1.1277 2 6 6008 
low 1.1267 1 3 3008 
low 1.1360 1 4 3186 
low 1.1342 1 4 3187 
low 1.1309 1 3 3000 
low 1.1381 1 3 3000 
low 1.1288 1 3 3009 
low 1.1400 1 3 3009 
low 1.1236 1 3 3008 
low 1.1289 1 3 2999 
low 1.1175 1 4 3000 
low 1.1182 1 3 2939 
low 1.1201 2 6 5998 
low 1.1228 1 3 2999 
low 1.1191 1 3 2999 
low 1.1172 1 3 2999 
low 1.1141 1 3 2999 
low 1.1106 1 3 2999 
low 1.1115 1 3 2999 
low 1.1202 1 3 2999 
low 1.1180 1 3 2999 
low 1.1186 1 3 2999 
low 1.1274 1 3 2999 
low 1.1192 1 3 2999 
low 1.1144 1 3 2999 
low 1.1100 1 3 2999 
close 0.9439 1 7 3173 
close 0.9423 1 7 3213 
close 0.9345 1 5 3083 
close 0.9262 1 7 3292 
close 0.9311 1 7 3157 
close 0.9204 1 7 3246 
close 0.9105 1 7 3514 
close 0.9182 1 7 3217 
close 0.9337 1 7 3350 
close 0.9146 1 7 3304 
close 0.9110 1 7 3170 
close 0.8931 1 7 3204 
close 0.8967 1 7 3185 
close 0.8887 1 7 3186 
close 0.8828 1 7 3747 
close 0.8945 1 7 3083 
close 0.8930 2 14 8184 
close 0.8846 1 7 3276 
close 0.8779 1 7 3219 
close 0.8643 1 7 3232 
close 0.8554 1 7 3385 
close 0.8536 1 7 3206 
close 0.8530 1 7 3252 
close 0.8538 1 7 3168 
close 0.8633 1 7 3188 
close 0.8474 1 7 3131 
close 0.8551 1 7 3467 
close 0.8602 1 7 3310 
close 0.8727 1 7 3398 
close 0.8762 1 7 3547 
close 0.8763 2 14 8865 
close 0.9022 1 7 3585 
close 0.9175 2 14 6771 
close 0.9119 1 7 3559 
close 0.8878 1 7 3538 
close 0.9087 1 7 3357 
close 0.9268 1 7 3362 
close 0.9226 1 7 3325 
close 0.9133 1 7 3235 
close 0.9076 1 7 3240 
close 0.8903 1 7 3282 
close 0.9044 1 7 3321 
close 0.8941 1 7 3232 
close 0.8810 1 7 3426 
close 0.8830 2 14 8362 
close 0.8904 1 7 4833 
close 0.8924 1 7 4735 
close 0.9027 1 7 4935 
close 0.8801 1 7 6112 
close 0.8891 1 7 8253 
close 0.8835 1 7 5218 
close 0.8864 1 7 5242 
close 0.8648 1 7 5077 
close 0.8671 1 7 5067 
close 0.8761 1 7 5063 
close 0.8636 1 7 5207 
close 0.8714 1 7 5034 
close 0.8752 1 7 5061 
close 0.8816 1 7 5032 
close 0.8765 1 7 5134 
close 0.8795 1 7 5121 
close 0.8802 1 7 5467 
close 0.8818 1 7 5681 
close 0.8882 1 7 5717 
close 0.9003 1 7 5656 
close 0.9134 1 7 5712 
close 0.9018 1 7 5358 
close 0.9184 1 7 5266 
close 0.9281 1 7 5358 
close 0.9392 1 7 5075 
close 0.9477 1 7 5080 
close 0.9522 1 7 4896 
close 0.9828 2 14 9864 
close 0.9842 1 7 4691 
close 0.9926 1 7 4849 
close 1.0110 1 7 4788 
close 0.9909 1 7 4543 
close 0.9837 1 7 4469 
close 0.9642 1 7 4545 
close 0.9840 1 7 4900 
close 0.9786 1 7 4595 
close 0.9954 1 7 5072 
close 0.9750 1 7 5055 
close 0.9734 1 7 5126 
close 0.9818 1 7 5067 
close 0.9819 1 7 5140 
close 0.9789 1 7 5464 
close 0.9815 1 7 5681 
close 0.9772 1 7 5734 
close 0.9825 1 7 5720 
close 0.9986 1 7 5804 
close 1.0122 1 7 5316 
close 1.0031 1 7 5444 
close 0.9935 1 7 5736 
close 0.9964 1 7 6225 
close 1.0074 1 7 5890 
close 1.0269 1 7 5245 
close 1.0320 1 7 5571 
close 1.0476 1 7 7586 
close 1.0408 1 7 6207 
close 1.0553 2 10 8273 
close 1.0721 2 10 8846 
close 1.0821 1 7 5995 
close 1.0884 1 7 5684 
close 1.0735 1 7 5724 
close 1.0681 1 7 5848 
close 1.0755 1 7 5756 
close 1.0955 1 7 5962 
close 1.1036 1 7 5671 
close 1.0641 2 10 8125 
close 1.0654 1 7 4847 
close 1.0944 1 7 5193 
close 1.0715 1 7 4946 
close 1.0794 1 7 5234 
close 1.0960 1 7 5589 
close 1.1066 1 7 5117 
close 1.1424 1 7 5052 
close 1.1529 1 7 4910 
close 1.1733 1 7 4792 
close 1.1811 1 7 5090 
close 1.1734 1 7 4591 
close 1.1676 1 7 4914 
close 1.1783 1 7 5154 
close 1.1497 1 7 4848 
close 1.1561 1 7 5102 
close 1.1314 2 14 8323 
close 1.1178 2 12 7832 
close 1.1321 1 7 4601 
close 1.1444 1 7 4839 
close 1.1394 1 7 4873 
close 1.1272 1 7 4838 
close 1.1133 3 15 10921 
close 1.0868 1 7 4686 
close 1.0813 2 10 8026 
close 1.1219 1 7 4518 
close 1.1174 1 7 4652 
close 1.1436 1 7 4502 
close 1.1667 1 7 4468 
close 1.1775 2 13 7601 
close 1.1730 1 7 4600 
close 1.1662 1 7 4516 
close 1.1674 1 7 4571 
close 1.1489 1 7 4711 
close 1.1512 1 7 4846 
close 1.1962 1 7 4435 
close 1.1793 1 7 4559 
close 1.2103 1 7 4775 
close 1.2247 1 7 4540 
close 1.2331 2 14 7398 
close 1.2402 1 7 4781 
close 1.2565 1 7 6767 
close 1.2727 1 7 5905 
close 1.2765 1 7 3047 
close 1.2596 1 7 3054 
close 1.2637 1 7 3034 
close 1.2543 1 7 3036 
close 1.2679 1 7 3050 
close 1.2844 1 7 3055 
close 1.2680 1 7 3051 
close 1.2211 1 7 3050 
close 1.2308 1 7 3056 
close 1.2270 2 10 6051 
close 1.2351 1 7 3056 
close 1.2179 1 7 2980 
close 1.2127 1 7 3043 
close 1.1928 1 7 3053 
close 1.1844 1 7 3037 
close 1.1925 1 7 3041 
close 1.2098 2 13 7812 
close 1.1875 1 7 3048 
close 1.1942 1 7 3038 
close 1.2095 1 7 3059 
close 1.2241 1 7 3029 
close 1.2257 3 17 9040 
close 1.2162 1 7 3026 
close 1.2117 1 7 3021 
close 1.2093 1 7 3023 
close 1.2281 1 7 3024 
close 1.2327 1 7 3019 
close 1.2059 1 7 3022 
close 1.2051 1 7 3021 
close 1.2232 3 13 9028 
close 1.2341 1 7 3029 
close 1.2080 1 7 3029 
close 1.2172 1 7 3025 
close 1.2094 1 7 3025 
close 1.2324 1 7 3022 
close 1.2317 2 14 6061 
close 1.2310 1 7 3028 
close 1.2513 1 7 3028 
close 1.2760 1 7 3017 
close 1.2739 1 7 3086 
close 1.2896 1 7 3023 
close 1.2956 1 7 3020 
close 1.3083 1 7 3017 
close 1.3285 1 7 3029 
close 1.3422 1 7 3025 
close 1.3288 1 7 3021 
close 1.3362 1 7 3023 
close 1.3610 1 7 3023 
close 1.3271 1 7 4333 
close 1.3116 1 7 3023 
close 1.3015 1 5 3005 
close 1.2971 2 7 6001 
close 1.3041 1 4 3006 
close 1.2759 1 3 2999 
close 1.3017 1 3 2999 
close 1.3254 1 3 2999 
close 1.3182 2 9 6001 
close 1.3347 1 3 3008 
close 1.3306 1 3 2999 
close 1.3082 1 3 2999 
close 1.2934 2 9 5997 
close 1.2854 1 3 2999 
close 1.2910 1 3 2999 
close 1.3060 1 4 3004 
close 1.2980 1 3 2999 
close 1.2883 1 3 2999 
close 1.2882 1 3 2999 
close 1.2598 1 3 2999 
close 1.2564 1 3 2999 
close 1.2305 1 3 2999 
close 1.2275 1 3 2999 
close 1.2021 1 3 2999 
close 1.2170 2 9 6038 
close 1.2068 1 3 2999 
close 1.1926 2 6 5999 
close 1.2226 1 3 2999 
close 1.2026 1 3 2999 
close 1.2012 2 6 5998 
close 1.2189 1 3 2999 
close 1.2373 1 3 2999 
close 1.2345 1 3 2999 
close 1.2229 1 4 3000 
close 1.2212 1 3 2999 
close 1.2454 1 3 2999 
close 1.2274 1 3 2999 
close 1.2113 1 3 3007 
close 1.2014 2 7 6003 
close 1.1914 1 3 2999 
close 1.1980 1 3 2999 
close 1.1947 1 3 2999 
close 1.2108 1 3 2999 
close 1.2033 1 3 3059 
close 1.1779 1 3 2999 
close 1.1717 1 3 2999 
close 1.1819 1 3 2999 
close 1.1765 2 6 6007 
close 1.1777 1 3 2999 
close 1.1933 1 3 2999 
close 1.1859 1 3 2999 
close 1.1827 1 3 2999 
close 1.2057 2 8 7930 
close 1.2112 1 4 3000 
close 1.2268 1 3 2999 
close 1.2140 1 3 2999 
close 1.1983 1 3 3000 
close 1.1911 1 3 2999 
close 1.1905 1 4 3000 
close 1.1884 1 3 2999 
close 1.2109 1 3 2999 
close 1.2005 1 3 2939 
close 1.2143 1 3 2999 
close 1.2363 1 3 3000 
close 1.2425 1 3 3000 
close 1.2613 1 3 2999 
close 1.2763 2 6 6058 
close 1.2845 2 6 5999 
close 1.2780 2 7 6000 
close 1.2861 3 10 8998 
close 1.2817 1 3 2999 
close 1.2542 1 3 2999 
close 1.2586 1 3 2999 
close 1.2567 1 3 2999 
close 1.2787 2 6 5998 
close 1.2764 1 3 2999 
close 1.2498 1 3 2999 
close 1.2579 1 4 3001 
close 1.2815 1 3 2999 
close 1.2771 1 3 2999 
close 1.2807 1 4 3001 
close 1.2825 1 3 2999 
close 1.2819 1 3 2999 
close 1.2689 1 4 3000 
close 1.2674 1 3 2999 
close 1.2682 1 3 2999 
close 1.2731 1 3 2999 
close 1.2528 1 3 2999 
close 1.2541 1 3 2999 
close 1.2554 1 4 3002 
close 1.2781 1 3 2999 
close 1.2808 2 7 6002 
close 1.3190 1 3 2999 
close 1.3313 2 7 5999 
close 1.3282 1 3 2999 
close 1.3195 2 6 5998 
close 1.3101 1 4 4380 
close 1.3277 1 4 4380 
close 1.2991 3 10 9000 
close 1.2915 1 3 2999 
close 1.3019 1 3 2999 
close 1.2962 1 3 2999 
close 1.2983 1 3 2999 
close 1.3034 2 6 5998 
close 1.3134 1 3 2999 
close 1.3237 1 3 2999 
close 1.3126 1 3 2999 
close 1.3193 1 3 2999 
close 1.3315 1 4 3000 
close 1.3358 1 3 2939 
close 1.3322 1 3 2999 
close 1.3427 1 4 3000 
close 1.3568 1 3 2999 
close 1.3631 1 3 2999 
close 1.3597 1 3 2999 
close 1.3537 1 3 2999 
close 1.3591 1 3 2999 
close 1.3448 2 7 5999 
close 1.3442 1 3 2999 
close 1.3515 2 7 6000 
close 1.3303 2 6 5999 
close 1.3420 2 6 5938 
close 1.3444 1 3 2999 
close 1.3609 1 3 2999 
close 1.3755 1 4 3007 
close 1.3787 1 3 2999 
close 1.3823 2 6 5998 
close 1.3666 1 3 2999 
close 1.3738 1 3 3002 
close 1.3530 1 4 3000 
close 1.3453 1 4 3016 
close 1.3596 1 4 3000 
close 1.3615 1 3 2999 
close 1.3834 1 3 2999 
close 1.3977 1 3 2999 
close 1.4146 1 3 2999 
close 1.4148 1 3 2999 
close 1.4103 1 3 2999 
close 1.4173 2 6 5998 
close 1.4252 1 3 2999 
close 1.4437 1 4 3060 
close 1.4562 1 3 2999 
close 1.4615 1 3 2999 
close 1.4834 1 3 2999 
close 1.4828 1 4 3000 
close 1.4763 1 4 3000 
close 1.4655 1 4 3001 
close 1.4406 1 3 2999 
close 1.4398 1 5 4380 
close 1.4593 1 5 5819 
close 1.4706 1 3 2999 
close 1.4780 1 3 2999 
close 1.4667 1 3 2999 
close 1.4766 1 3 2999 
close 1.4645 1 3 2999 
close 1.4576 1 3 2999 
close 1.4726 1 3 2999 
close 1.5009 1 3 2999 
close 1.5199 1 3 2999 
close 1.5340 1 3 2999 
close 1.5635 1 3 2999 
close 1.5626 1 3 2999 
close 1.5613 1 3 2939 
close 1.5690 1 3 2999 
close 1.5781 1 3 2999 
close 1.5981 1 3 2999 
close 1.5564 1 3 2999 
close 1.5533 1 3 2999 
close 1.5470 1 4 3000 
close 1.5645 1 3 2999 
close 1.5689 1 3 2999 
close 1.5447 1 3 2999 
close 1.5459 1 3 2999 
close 1.5516 1 3 2999 
close 1.5566 1 3 2999 
close 1.5787 2 6 5998 
close 1.5663 1 3 2999 
close 1.5897 1 3 2999 
close 1.5586 1 3 2999 
close 1.5461 1 3 2999 
close 1.4911 1 5 3001 
close 1.4772 1 3 2999 
close 1.4643 1 3 2999 
close 1.4513 1 3 2999 
close 1.4147 1 3 2999 
close 1.4132 1 3 3000 
close 1.4686 1 3 2999 
close 1.4096 2 6 5998 
close 1.3582 1 3 2999 
close 1.3612 2 7 7440 
close 1.3055 1 3 3015 
close 1.2806 1 4 3073 
close 1.2508 2 10 6037 
close 1.2633 1 3 2999 
close 1.3053 1 4 3006 
close 1.2717 1 3 2999 
close 1.2921 1 3 2999 
close 1.4050 1 3 2999 
close 1.3924 1 4 3004 
close 1.4108 2 8 7596 
close 1.3502 1 5 4678 
close 1.3179 2 11 7768 
close 1.3181 1 3 2999 
close 1.3010 1 3 2999 
close 1.2905 1 3 2999 
close 1.2577 1 3 2999 
close 1.2866 1 3 2999 
close 1.2540 1 3 2999 
close 1.2704 1 3 2999 
close 1.3494 1 3 2999 
close 1.3241 1 3 2939 
close 1.3278 1 4 3000 
close 1.3270 1 3 2999 
close 1.2930 1 3 2999 
close 1.3128 2 6 5998 
close 1.3643 1 3 3000 
close 1.3628 1 4 3000 
close 1.3988 1 4 3000 
close 1.4303 1 3 2999 
close 1.4056 1 3 2999 
close 1.3827 2 6 5998 
close 1.4073 1 3 2999 
close 1.4037 1 3 2999 
close 1.3913 2 9 6150 
close 1.3967 1 3 2999 
close 1.4214 1 3 2999 
close 1.4160 1 3 2999 
close 1.4399 1 3 2999 
close 1.4151 1 3 2999 
close 1.4126 1 3 2999 
close 1.4299 1 3 2999 
close 1.4216 2 6 5998 
close 1.4501 2 6 5998 
close 1.4660 1 3 2999 
close 1.4792 1 3 2999 
close 1.4585 1 3 2999 
close 1.4715 2 6 5998 
close 1.4845 1 5 3001 
close 1.4931 1 3 2999 
close 1.4805 1 3 3059 
close 1.4984 1 3 2999 
close 1.4864 1 3 2999 
close 1.4962 1 3 3027 
close 1.5074 1 3 2999 
close 1.4703 1 3 2999 
close 1.4535 1 3 2999 
close 1.4251 1 3 2999 
close 1.4347 1 4 4618 
close 1.4363 1 4 4617 
close 1.4488 1 3 2999 
close 1.4285 1 3 2999 
close 1.4076 1 3 2999 
close 1.3964 2 6 5998 
close 1.3790 1 3 2999 
close 1.3759 1 3 2999 
close 1.3513 1 3 2999 
close 1.3606 1 3 2999 
close 1.3599 1 3 2999 
close 1.3763 1 3 2999 
close 1.3489 1 3 2999 
close 1.3396 1 3 2999 
close 1.3613 1 4 3000 
close 1.3432 2 8 6006 
close 1.3170 1 5 3001 
close 1.2965 2 8 6060 
close 1.2632 1 3 2999 
close 1.2183 1 3 3000 
close 1.2343 1 3 2999 
close 1.1967 1 4 3000 
close 1.2315 1 3 2999 
close 1.2185 1 3 2999 
close 1.2614 1 3 2999 
close 1.2718 1 3 2999 
close 1.2890 1 4 3001 
close 1.2987 1 5 3005 
close 1.3222 2 10 6016 
close 1.2874 1 5 3001 
close 1.2631 1 5 3021 
close 1.2683 2 9 6006 
close 1.2675 1 5 3004 
close 1.2988 1 3 3009 
close 1.3250 1 5 3033 
close 1.3566 2 10 6026 
close 1.3833 1 6 3137 
close 1.3736 1 4 3002 
close 1.3855 1 6 3046 
close 1.4028 1 3 3059 
close 1.3762 1 5 3004 
close 1.3483 1 4 3000 
close 1.3378 1 4 3001 
close 1.2979 1 5 3151 
close 1.3263 1 4 3000 
close 1.3376 1 6 3011 
close 1.3097 1 5 3003 
close 1.3104 1 5 3515 
close 1.3308 1 5 3521 
close 1.3383 1 4 3004 
close 1.3679 1 5 3041 
close 1.3820 1 4 3000 
close 1.3626 1 4 3000 
close 1.3486 1 4 3000 
close 1.3654 1 5 3010 
close 1.3773 1 4 3000 
close 1.3903 1 3 2999 
close 1.3971 1 3 2999 
close 1.4186 1 3 2999 
close 1.4472 1 4 3001 
close 1.4335 1 6 3050 
close 1.4687 1 5 3057 
close 1.4831 1 3 3008 
close 1.4409 1 5 3080 
close 1.4265 1 3 2999 
close 1.4426 1 3 2999 
close 1.4683 1 4 3000 
close 1.4446 1 3 2999 
close 1.4378 1 3 2999 
close 1.4356 1 3 2999 
close 1.4423 1 4 3262 
close 1.4172 1 3 2999 
close 1.4375 1 3 2999 
close 1.4394 1 4 3001 
close 1.4433 1 3 2999 
close 1.4431 1 3 2999 
close 1.4000 1 5 3040 
close 1.3677 1 7 3080 
close 1.3687 1 6 3045 
close 1.3581 1 4 3017 
close 1.3323 1 5 3044 
close 1.3642 1 4 3026 
close 1.3731 1 7 3070 
close 1.3900 1 3 2999 
close 1.3653 2 8 6095 
close 1.3524 1 4 3015 
close 1.3330 1 3 2999 
close 1.3400 1 5 3061 
close 1.3031 1 3 2999 
close 1.3078 1 3 2999 
close 1.3065 1 4 3685 
close 1.3049 1 4 3420 
close 1.2768 1 3 2999 
close 1.2738 1 3 2999 
close 1.3030 1 3 2999 
close 1.3087 1 4 3000 
close 1.3258 2 7 6004 
close 1.3229 2 6 6007 
close 1.3458 1 4 3000 
close 1.3110 1 3 2999 
close 1.3080 1 3 2999 
close 1.3319 1 3 2939 
close 1.3077 2 9 6016 
close 1.3124 1 3 2999 
close 1.3234 1 3 2999 
close 1.2732 1 3 2999 
close 1.2676 1 3 2999 
close 1.2478 1 3 2999 
close 1.2448 1 4 3001 
close 1.2510 1 3 2999 
close 1.2488 1 3 2999 
close 1.2600 1 4 3000 
close 1.2250 1 3 2999 
close 1.2284 1 3 2999 
close 1.2064 1 3 3000 
close 1.2294 1 3 2999 
close 1.2389 1 3 2999 
close 1.2318 1 3 2999 
close 1.2467 1 3 2999 
close 1.2562 2 8 6011 
close 1.2853 2 8 6020 
close 1.3042 1 3 2999 
close 1.2900 1 3 2999 
close 1.2916 1 3 3000 
close 1.2872 1 5 3001 
close 1.3094 1 5 3017 
close 1.2981 1 5 3010 
close 1.2701 1 3 2999 
close 1.2812 1 3 2999 
close 1.2935 1 4 3011 
close 1.3092 1 3 2999 
close 1.3006 1 3 2999 
close 1.3221 1 3 2999 
close 1.3205 1 5 3061 
close 1.3079 1 3 2999 
close 1.3297 1 3 2999 
close 1.3318 2 10 6008 
close 1.3485 1 3 2999 
close 1.3576 1 3 3001 
close 1.3384 1 3 2999 
close 1.3061 1 4 3001 
close 1.3045 1 3 2999 
close 1.3026 1 3 2999 
close 1.2859 1 3 2999 
close 1.2824 1 3 2939 
close 1.3081 1 3 2999 
close 1.3175 1 3 2999 
close 1.3001 1 3 2999 
close 1.3167 1 4 3000 
close 1.3074 1 3 2999 
close 1.2932 1 4 3001 
close 1.2913 1 3 2999 
close 1.3075 1 3 2999 
close 1.3312 1 3 2999 
close 1.3385 1 4 3000 
close 1.2975 1 4 3118 
close 1.3148 1 5 3727 
close 1.3217 1 4 3003 
close 1.3259 1 4 3001 
close 1.3417 1 3 3000 
close 1.3389 1 4 3001 
close 1.3168 1 3 3000 
close 1.3262 1 4 3031 
close 1.3354 1 3 3000 
close 1.3470 1 4 3001 
close 1.3522 1 3 3000 
close 1.3589 1 3 3000 
close 1.3526 1 3 3000 
close 1.3776 1 4 3006 
close 1.3743 1 4 3063 
close 1.3472 1 3 3002 
close 1.3536 1 5 3010 
close 1.3570 1 6 3016 
close 1.3585 1 5 3008 
close 1.3758 2 7 6004 
close 1.3765 1 3 3001 
close 1.3667 1 5 4442 
close 1.3764 1 6 4741 
close 1.3672 1 3 3001 
close 1.3557 1 3 3001 
close 1.3512 1 4 3004 
close 1.3636 1 4 3005 
close 1.3744 1 3 3003 
close 1.3737 1 3 3001 
close 1.3852 1 4 3001 
close 1.3930 1 3 2999 
close 1.3792 2 8 5941 
close 1.3813 1 3 3000 
close 1.3805 1 3 3001 
close 1.3810 1 4 3003 
close 1.3923 1 3 3000 
close 1.3702 1 3 3000 
close 1.3701 1 3 3000 
close 1.3634 1 4 3001 
close 1.3625 1 3 3001 
close 1.3542 1 3 3000 
close 1.3545 1 4 3002 
close 1.3603 1 5 3006 
close 1.3678 1 3 3000 
close 1.3611 1 3 3000 
close 1.3464 1 4 3001 
close 1.3408 1 3 3000 
close 1.3368 1 3 3000 
close 1.3367 1 4 3003 
close 1.3166 1 4 3004 
close 1.3131 1 4 3121 
close 1.2949 1 5 3006 
close 1.2626 2 13 16028 
close 1.2667 1 5 3071 
close 1.2643 1 5 3007 
close 1.2709 1 4 3010 
close 1.2734 1 6 3089 
close 1.2550 1 6 3019 
close 1.2472 2 11 6043 
close 1.2531 1 3 3011 
close 1.2382 1 6 3030 
close 1.2376 1 6 3042 
close 1.1873 1 7 5837 
close 1.1553 1 7 3041 
close 1.1369 1 7 3044 
close 1.1467 2 10 7410 
close 1.1408 1 6 3036 
close 1.1337 1 6 3033 
close 1.1176 1 7 3039 
close 1.0686 1 7 3047 
close 1.0592 1 6 3032 
close 1.0912 1 5 3007 
close 1.0738 1 6 2947 
close 1.0824 1 6 3003 
close 1.0649 1 4 3001 
close 1.0736 1 4 3001 
close 1.0972 1 5 3003 
close 1.1214 2 7 6001 
close 1.1145 1 4 3001 
close 1.0885 1 3 3000 
close 1.1151 2 9 6003 
close 1.1274 2 9 6184 
close 1.1245 1 4 3001 
close 1.1169 1 4 3001 
close 1.1128 1 3 3000 
close 1.1002 1 5 3003 
close 1.1011 1 5 3003 
close 1.0934 1 4 3002 
close 1.1060 1 3 3000 
close 1.0888 2 7 6000 
close 1.1043 1 5 3002 
close 1.1026 1 4 3001 
close 1.1527 1 3 3000 
close 1.1296 1 4 3001 
close 1.1205 1 3 3000 
close 1.1269 1 4 3001 
close 1.1127 1 4 3001 
close 1.1255 1 3 3001 
close 1.1265 1 4 3002 
close 1.1384 1 4 3001 
close 1.1350 1 5 3002 
close 1.1045 1 4 3062 
close 1.0963 1 3 3003 
close 1.0722 1 3 3003 
close 1.0640 1 4 3004 
close 1.0633 1 4 3002 
close 1.0890 1 3 3002 
close 1.0929 2 6 6002 
close 1.0954 1 3 3002 
close 1.0921 2 7 7499 
close 1.0750 1 5 4561 
close 1.0846 1 3 3002 
close 1.0909 1 3 3001 
close 1.0866 2 6 6003 
close 1.1290 1 3 3002 
close 1.1137 1 3 3003 
close 1.1018 1 3 3002 
close 1.1004 1 3 3000 
close 1.1105 1 5 3004 
close 1.1215 2 6 6001 
close 1.1289 3 9 8958 
close 1.1377 1 3 2999 
close 1.1381 1 3 2999 
close 1.1357 1 3 2999 
close 1.1295 1 3 2999 
close 1.1499 1 3 2999 
close 1.1372 1 5 3005 
close 1.1310 1 3 2999 
close 1.1135 1 6 3016 
close 1.1354 1 6 3026 
close 1.1208 1 4 3007 
close 1.1247 1 3 2999 
close 1.1075 1 3 2999 
close 1.1063 1 3 2999 
close 1.1056 3 12 9061 
close 1.1012 1 3 2999 
close 1.0986 1 4 3241 
close 1.1218 1 3 2999 
close 1.1114 1 4 3000 
close 1.1273 1 3 3000 
close 1.1302 1 3 2999 
close 1.1146 1 3 2999 
close 1.1243 1 3 2999 
close 1.1213 1 3 2999 
close 1.1204 1 4 3000 
close 1.0977 1 3 3011 
close 1.1025 1 3 3009 
close 1.0625 1 3 3009 
close 1.0648 1 3 3009 
close 1.0717 1 3 3010 
close 1.0623 1 3 3009 
close 1.0387 1 3 3009 
close 1.0455 1 4 3789 
close 1.0404 1 4 3489 
close 1.0709 1 3 3009 
close 1.0730 1 3 3008 
close 1.0795 1 3 3009 
close 1.0678 1 3 3009 
close 1.0574 1 3 3009 
close 1.0533 1 3 3009 
close 1.0573 1 3 3009 
close 1.0564 1 3 3009 
close 1.0604 1 3 3009 
close 1.0806 1 3 3009 
close 1.0675 1 3 2999 
close 1.0603 1 3 2999 
close 1.0729 1 3 2999 
close 1.0928 1 3 2999 
close 1.0883 1 3 2999 
close 1.1094 1 3 2999 
close 1.1185 1 3 2999 
close 1.1171 1 3 2999 
close 1.1276 1 4 3001 
close 1.1206 1 3 2999 
close 1.1341 2 6 6007 
close 1.1352 1 4 3000 
close 1.1549 1 5 3118 
close 1.1645 2 7 5999 
close 1.1804 1 3 2999 
close 1.1759 1 3 2999 
close 1.1735 1 3 2999 
close 1.1762 1 3 2999 
close 1.1973 1 3 2999 
close 1.1920 1 3 2999 
close 1.1968 1 3 2999 
close 1.1993 1 3 2999 
close 1.1787 1 3 2999 
close 1.1742 1 3 2999 
close 1.1809 1 3 2999 
close 1.1767 1 3 2999 
close 1.1763 1 3 2999 
close 1.1646 1 3 3060 
close 1.1585 1 3 3009 
close 1.1795 1 3 3009 
close 1.1736 1 4 3010 
close 1.1838 1 4 3028 
close 1.1825 1 4 3028 
close 1.1740 1 3 3009 
close 1.1839 1 3 3010 
close 1.1857 1 5 4509 
close 1.1935 1 3 3009 
close 1.2258 1 3 3009 
close 1.2297 1 3 3009 
close 1.2401 1 5 3018 
close 1.2374 1 7 3193 
close 1.2348 1 4 3034 
close 1.2334 1 3 2999 
close 1.2420 1 3 2999 
close 1.2392 1 3 2999 
close 1.2243 1 3 2999 
close 1.2405 1 4 2940 
close 1.2277 1 3 2999 
close 1.2361 1 3 2999 
close 1.2370 1 3 2999 
close 1.2233 1 3 2999 
close 1.1988 1 5 4253 
close 1.1863 1 3 3076 
close 1.1821 1 3 2999 
close 1.1786 1 3 2999 
close 1.1536 1 3 3074 
close 1.1724 1 3 2999 
close 1.1745 1 3 2999 
close 1.1587 1 3 2999 
close 1.1658 1 3 2999 
close 1.1731 1 3 3009 
close 1.1656 1 3 3008 
close 1.1681 1 3 3008 
close 1.1685 1 3 3008 
close 1.1598 1 3 3008 
close 1.1347 1 3 3008 
close 1.1572 1 3 3009 
close 1.1693 1 3 3008 
close 1.1581 1 3 3008 
close 1.1600 1 3 3008 
close 1.1677 1 4 3009 
close 1.1550 1 3 3008 
close 1.1495 1 3 3008 
close 1.1573 1 3 3008 
close 1.1468 1 3 3008 
close 1.1342 1 3 3068 
close 1.1425 1 3 3009 
close 1.1367 1 3 3009 
close 1.1315 1 3 3008 
close 1.1362 1 3 3008 
close 1.1416 1 4 3186 
close 1.1463 1 4 3187 
close 1.1440 1 3 3000 
close 1.1411 1 3 3000 
close 1.1358 1 3 3000 
close 1.1431 1 3 3009 
close 1.1404 1 3 3009 
close 1.1325 1 3 3009 
close 1.1338 1 3 3008 
close 1.1392 1 3 2999 
close 1.1300 1 3 2999 
close 1.1288 2 7 5999 
close 1.1353 1 3 2999 
close 1.1201 1 3 2939 
close 1.1263 1 3 2999 
close 1.1283 1 3 2999 
close 1.1223 1 3 2999 
close 1.1188 1 3 2999 
close 1.1202 2 6 5998 
close 1.1163 1 3 2999 
close 1.1166 1 3 2999 
close 1.1253 1 3 2999 
close 1.1327 1 3 2999 
close 1.1196 1 3 2999 
close 1.1366 1 3 2999 
close 1.1210 1 3 2999 
close 1.1149 1 3 2999 
close 1.1156 1 3 2999 
body -0.0067 6 31 19908 
body -0.0017 5 25 15478 
body -0.0078 8 31 24070 
body -0.0083 3 13 9301 
body 0.0049 3 13 9155 
body -0.0106 3 14 9262 
body -0.0099 2 13 6551 
body 0.0077 4 21 12692 
body 0.0155 2 12 6352 
body -0.0191 1 7 3304 
body -0.0036 2 10 6169 
body -0.0179 1 7 3204 
body 0.0036 3 14 9184 
body -0.0080 5 20 15199 
body -0.0059 2 14 6783 
body 0.0117 2 10 6082 
body -0.0015 2 14 8371 
body -0.0084 2 10 6275 
body -0.0136 3 13 9240 
body -0.0090 4 19 12414 
body -0.0006 8 37 24319 
body 0.0008 5 23 17632 
body 0.0095 2 10 6187 
body -0.0160 2 10 6130 
body 0.0051 2 10 6309 
body 0.0125 6 27 20472 
body 0.0034 3 16 9562 
body 0.0001 2 10 6672 
body 0.0259 1 7 3585 
body 0.0153 1 7 3317 
body -0.0056 4 20 14636 
body -0.0241 1 7 3538 
body 0.0209 3 13 9425 
body 0.0181 1 7 3362 
body -0.0042 5 27 17325 
body -0.0052 3 17 9497 
body -0.0057 2 10 6239 
body -0.0173 4 19 12227 
body 0.0142 1 7 3321 
body -0.0102 3 14 9232 
body -0.0132 2 10 6425 
body 0.0020 4 16 12472 
body 0.0000 6 34 29133 
body 0.0073 4 21 16598 
body 0.0021 5 20 16734 
body 0.0104 6 27 19961 
body -0.0226 1 7 6112 
body 0.0091 4 16 17252 
body 0.0040 2 10 7948 
body -0.0095 2 14 8254 
body 0.0029 5 27 22586 
body -0.0216 1 7 5077 
body 0.0023 2 10 8076 
body 0.0092 4 20 14218 
body -0.0002 2 10 8062 
body -0.0126 3 15 11209 
body 0.0078 4 24 18367 
body 0.0039 7 29 23117 
body 0.0063 4 20 16134 
body -0.0051 2 14 10007 
body 0.0017 2 10 8680 
body 0.0064 3 14 11717 
body 0.0122 3 15 11659 
body 0.0132 3 17 11749 
body -0.0116 1 7 5358 
body 0.0165 4 20 14328 
body 0.0096 6 24 21976 
body 0.0110 1 7 5075 
body 0.0084 1 7 5080 
body 0.0045 4 16 13894 
body 0.0306 1 7 5004 
body 0.0015 3 17 10705 
body 0.0085 1 7 4849 
body 0.0184 5 22 18445 
body -0.0201 1 7 4543 
body -0.0072 5 22 18170 
body -0.0195 2 10 7545 
body 0.0197 2 14 7928 
body -0.0055 2 10 7603 
body 0.0042 2 14 7894 
body -0.0205 2 10 8054 
body 0.0083 3 17 12441 
body -0.0031 6 23 20410 
body 0.0025 4 19 14771 
body -0.0043 3 13 11734 
body 0.0054 3 13 11718 
body 0.0159 3 13 11803 
body 0.0135 2 14 8366 
body -0.0092 2 10 8443 
body -0.0096 2 12 8751 
body 0.0111 2 10 8889 
body 0.0195 1 7 5245 
body 0.0052 5 21 17765 
body 0.0156 4 20 16617 
body -0.0068 1 7 6207 
body 0.0144 3 17 12865 
body 0.0167 3 14 11836 
body 0.0099 2 10 8994 
body 0.0062 4 16 14682 
body -0.0149 3 13 11725 
body -0.0054 3 13 11846 
body 0.0201 2 10 8971 
body 0.0081 6 33 20886 
body -0.0394 1 7 5124 
body 0.0012 5 20 16846 
body 0.0291 2 12 8214 
body -0.0228 2 14 10783 
body 0.0166 1 7 5589 
body 0.0106 2 14 10271 
body 0.0360 2 11 8052 
body 0.0105 2 11 7911 
body 0.0204 2 10 7791 
body -0.0077 4 18 13608 
body -0.0058 2 11 7924 
body -0.0285 1 7 4848 
body -0.0248 2 12 8378 
body -0.0135 1 7 4830 
body 0.0123 3 17 11035 
body -0.0121 3 13 10846 
body -0.0140 3 14 10911 
body -0.0264 1 7 4686 
body 0.0407 1 7 4518 
body -0.0046 4 20 15250 
body 0.0264 1 7 4502 
body 0.0231 2 10 7467 
body 0.0107 1 7 4564 
body 0.0011 1 7 4571 
body -0.0186 1 7 4711 
body 0.0022 2 10 7845 
body 0.0450 1 7 4435 
body -0.0168 3 13 10557 
body 0.0310 1 7 4775 
body 0.0145 2 10 7548 
body 0.0070 4 18 13973 
body 0.0164 3 13 12765 
body 0.0162 2 10 8904 
body -0.0169 2 10 6053 
body -0.0163 1 7 3051 
body -0.0468 1 7 3050 
body 0.0097 3 15 9060 
body -0.0039 3 13 9051 
body -0.0172 2 10 5980 
body -0.0198 2 10 6052 
body -0.0085 2 10 6036 
body 0.0174 2 10 6049 
body -0.0223 1 7 3048 
body 0.0067 5 20 15308 
body 0.0152 1 7 3059 
body 0.0146 2 11 6036 
body 0.0016 4 17 13639 
body -0.0094 5 23 16446 
body -0.0044 7 28 21019 
body -0.0025 4 18 12297 
body 0.0189 3 13 9022 
body 0.0047 4 16 12025 
body 0.0003 3 13 9031 
body -0.0272 1 7 3022 
body -0.0008 3 15 9026 
body 0.0182 1 7 3030 
body 0.0109 2 10 6031 
body -0.0261 1 7 3029 
body 0.0163 2 11 5958 
body 0.0066 3 14 9042 
body -0.0007 5 19 15028 
body 0.0007 2 12 6546 
body 0.0247 1 7 3017 
body -0.0021 1 7 3086 
body 0.0060 3 13 9020 
body 0.0127 1 7 3017 
body 0.0202 3 15 10959 
body 0.0136 1 7 3025 
body -0.0134 1 7 3021 
body 0.0074 3 13 8962 
body 0.0248 1 7 3023 
body -0.0340 2 10 7332 
body -0.0154 2 14 6061 
body -0.0100 3 11 9003 
body -0.0282 1 3 2999 
body 0.0258 2 6 5998 
body 0.0237 1 3 2999 
body -0.0071 2 9 6032 
body -0.0040 4 16 12014 
body -0.0224 1 3 2999 
body -0.0148 2 8 5947 
body 0.0056 1 3 2999 
body 0.0149 5 16 15018 
body -0.0098 2 8 7441 
body -0.0001 2 6 5999 
body -0.0284 2 6 5998 
body -0.0033 3 10 9061 
body -0.0259 3 11 9042 
body -0.0030 4 12 11996 
body -0.0254 1 3 2999 
body -0.0143 3 10 8999 
body 0.0301 1 3 2999 
body -0.0200 1 3 2999 
body -0.0014 6 19 18685 
body 0.0177 1 3 2999 
body -0.0029 4 14 12001 
body -0.0117 2 7 6060 
body 0.0243 1 3 2999 
body -0.0180 1 3 2999 
body -0.0162 1 3 3007 
body 0.0065 2 6 5998 
body -0.0034 3 11 9000 
body -0.0075 2 7 6060 
body -0.0255 1 3 2999 
body -0.0062 5 16 14996 
body 0.0102 1 3 2999 
body 0.0157 2 6 5998 
body -0.0074 2 6 5998 
body 0.0185 2 7 6059 
body 0.0055 3 10 9000 
body -0.0128 3 10 8998 
body -0.0157 3 9 8998 
body -0.0073 1 3 2999 
body 0.0130 2 7 6003 
body -0.0103 1 3 2939 
body 0.0252 1 3 2999 
body -0.0114 1 3 2999 
body 0.0220 3 9 8998 
body 0.0187 3 9 8997 
body 0.0150 2 6 5998 
body -0.0066 1 4 3000 
body 0.0082 1 4 3000 
body -0.0276 1 3 2999 
body 0.0044 1 3 2999 
body -0.0019 2 6 5998 
body -0.0023 3 11 9006 
body -0.0265 1 3 2999 
body 0.0236 3 11 9001 
body -0.0130 1 4 3000 
body -0.0203 1 3 2999 
body 0.0013 5 17 15008 
body 0.0018 2 7 6000 
body 0.0027 2 6 5998 
body 0.0037 2 7 6002 
body 0.0345 1 3 2999 
body 0.0124 1 4 3000 
body -0.0088 3 9 9006 
body 0.0176 1 4 4380 
body -0.0286 1 3 2999 
body 0.0100 4 15 13749 
body 0.0103 1 3 2999 
body -0.0111 3 9 8997 
body 0.0043 1 3 2939 
body 0.0141 2 6 5998 
body -0.0061 1 3 2999 
body 0.0072 3 9 9007 
body -0.0213 1 3 2999 
body 0.0024 1 3 2999 
body 0.0033 1 3 2999 
body 0.0071 3 11 9062 
body -0.0208 2 7 5999 
body 0.0143 1 4 3000 
body 0.0019 3 11 10516 
body 0.0219 1 3 2999 
body 0.0169 2 6 5998 
body 0.0079 2 6 6007 
body 0.0053 1 3 2999 
body -0.0065 2 7 5999 
body -0.0107 3 10 8999 
body -0.0249 4 13 12145 
body -0.0009 4 16 13384 
body 0.0196 1 5 5819 
body 0.0113 2 6 5999 
body -0.0113 2 8 6009 
body -0.0069 3 10 8939 
body 0.0283 1 3 2999 
body 0.0295 1 3 2999 
body -0.0010 3 9 9007 
body -0.0012 2 7 5939 
body 0.0076 1 3 2999 
body 0.0200 1 3 2999 
body -0.0416 1 3 2999 
body -0.0032 3 10 10496 
body -0.0063 2 7 6000 
body 0.0175 1 3 2999 
body -0.0242 1 3 2999 
body 0.0057 1 3 2999 
body 0.0050 1 3 2999 
body 0.0221 2 9 6025 
body -0.0124 2 6 6075 
body 0.0234 2 8 6000 
body -0.0109 1 3 2999 
body -0.0202 1 3 2999 
body -0.0549 1 5 3001 
body -0.0131 2 6 5998 
body -0.0366 1 3 2999 
body 0.0553 1 3 2999 
body -0.0589 1 3 2999 
body -0.0515 1 3 2999 
body -0.0556 1 3 3015 
body -0.0482 1 3 2999 
body 0.0420 1 4 3006 
body -0.0335 1 3 2999 
body 0.0205 1 3 2999 
body 0.1128 1 3 2999 
body -0.0125 3 10 9062 
body -0.0606 1 5 4678 
body -0.0323 2 8 6002 
body -0.0318 1 3 2999 
body 0.0319 1 3 2999 
body -0.0171 2 8 7560 
body -0.0329 2 6 5998 
body 0.0289 1 3 2999 
body -0.0327 1 3 2999 
body 0.0331 1 3 2999 
body 0.0461 1 3 2999 
body -0.0252 1 3 2939 
body 0.0198 1 3 2999 
body 0.0330 3 9 8998 
body -0.0016 3 12 9421 
body 0.0315 2 8 6023 
body -0.0247 1 3 2999 
body -0.0229 1 3 2999 
body 0.0245 1 3 2999 
body -0.0035 2 7 6120 
body 0.0246 1 3 2999 
body 0.0239 1 3 2999 
body 0.0173 4 14 12063 
body 0.0284 2 7 5999 
body 0.0158 2 6 5999 
body -0.0207 2 6 5998 
body 0.0131 2 8 6000 
body 0.0086 2 9 6002 
body 0.0269 1 3 2999 
body -0.0120 1 3 2999 
body 0.0098 2 10 7438 
body 0.0112 2 7 5999 
body -0.0372 1 3 2999 
body -0.0204 1 3 2999 
body -0.0174 3 13 9016 
body -0.0246 1 3 2999 
body -0.0273 1 3 2999 
body -0.0024 3 9 8997 
body 0.0216 1 4 3000 
body -0.0181 1 4 3002 
body -0.0263 1 5 3001 
body -0.0333 1 3 2999 
body -0.0448 1 3 3000 
body 0.0161 1 3 2999 
body -0.0266 1 4 3000 
body 0.0349 1 3 2999 
body 0.0430 1 3 2999 
body 0.0172 1 4 3001 
body -0.0309 1 5 3001 
body -0.0243 2 8 6020 
body 0.0313 1 3 3009 
body 0.0262 1 5 3033 
body 0.0266 2 11 6140 
body 0.0080 1 6 3151 
body -0.0177 1 4 3002 
body 0.0118 1 6 3046 
body -0.0267 1 5 3004 
body -0.0280 1 4 3000 
body -0.0105 2 7 6009 
body -0.0399 1 5 3151 
body 0.0114 1 6 3011 
body -0.0279 1 5 3003 
body 0.0206 2 10 6523 
body -0.0337 1 4 3002 
body 0.0411 1 4 3004 
body 0.0296 1 5 3041 
body 0.0140 1 4 3000 
body -0.0194 2 7 5999 
body -0.0139 1 4 3000 
body 0.0168 2 10 6072 
body 0.0120 1 4 3000 
body 0.0068 2 6 5998 
body 0.0214 1 3 2999 
body 0.0108 1 3 2999 
body 0.0256 2 7 6003 
body -0.0138 2 9 6049 
body 0.0353 1 5 3057 
body -0.0422 1 5 3080 
body -0.0145 2 9 6016 
body 0.0257 1 4 3000 
body -0.0236 1 3 2999 
body -0.0022 1 3 2999 
body -0.0459 1 3 2999 
body 0.0207 1 3 2999 
body -0.0431 1 5 3040 
body -0.0324 2 13 9028 
body 0.0009 2 11 6048 
body 0.0320 2 9 6033 
body 0.0089 1 7 3070 
body -0.0302 1 4 3015 
body -0.0185 1 3 2999 
body -0.0370 1 3 2999 
body -0.0281 1 3 2999 
body 0.0292 1 3 2999 
body 0.0058 3 12 9017 
body 0.0171 1 3 2999 
body 0.0229 1 4 3000 
body -0.0348 1 3 2999 
body 0.0090 1 3 2939 
body -0.0350 1 3 2999 
body -0.0220 1 3 3000 
body 0.0230 1 3 2999 
body -0.0141 1 3 2999 
body 0.0222 2 8 6016 
body -0.0156 1 4 3003 
body -0.0086 1 3 2999 
body 0.0215 1 3 2999 
body 0.0026 2 8 6069 
body -0.0127 2 6 6067 
body 0.0218 1 3 2999 
body -0.0018 1 3 2999 
body -0.0038 1 3 2939 
body 0.0093 4 16 12068 
body -0.0142 1 4 3001 
body -0.0060 3 9 9007 
body -0.0308 1 3 2999 
body -0.0101 2 7 6117 
body 0.0368 1 5 3727 
body 0.0069 2 8 6792 
body 0.0041 3 12 9085 
body -0.0028 1 4 3001 
body -0.0221 2 6 6000 
body 0.0116 1 4 3001 
body 0.0251 1 4 3006 
body -0.0271 1 3 3002 
body 0.0006 2 6 6000 
body -0.0152 1 4 4441 
body -0.0115 1 3 3001 
body 0.0115 2 7 6000 
body 0.0005 4 13 11958 
body 0.0002 2 7 6001 
body 0.0075 1 3 3000 
body -0.0045 4 14 11999 
body -0.0048 1 7 3009 
body -0.0153 1 4 3004 
body -0.0197 1 5 3057 
body -0.0184 2 13 6063 
body -0.0339 1 6 3039 
body -0.0222 1 7 3041 
body -0.0161 1 7 3039 
body -0.0490 1 7 3047 
body 0.0087 4 13 11998 
body -0.0260 1 3 3000 
body -0.0041 1 3 3000 
body 0.0126 2 6 5999 
body 0.0501 1 3 3000 
body -0.0231 1 4 3001 
body 0.0128 1 3 3001 
body 0.0119 1 4 3001 
body -0.0305 1 4 3062 
body -0.0081 1 3 3003 
body -0.0239 1 3 3003 
body 0.0370 1 3 3002 
body -0.0150 1 3 3003 
body -0.0122 1 3 3002 
body 0.0138 1 3 3000 
body 0.0101 2 9 6032 
body -0.0129 2 8 6004 
body -0.0003 1 5 3014 
body -0.0104 2 7 6009 
body -0.0147 1 4 3000 
body -0.0089 1 4 3000 
body -0.0303 1 3 3009 
body -0.0097 1 3 3009 
body -0.0235 1 3 3009 
body -0.0050 1 4 3489 
body -0.0118 1 3 3009 
body 0.0199 1 3 2999 
body 0.0212 1 3 2999 
body -0.0070 1 3 2999 
body 0.0208 1 3 2999 
body 0.0211 1 3 2999 
body -0.0053 1 3 2999 
body -0.0004 1 3 2999 
body -0.0013 3 11 9027 
body 0.0323 1 3 3009 
body -0.0027 2 10 6202 
body -0.0245 1 5 4253 
body -0.0076 1 3 3008 
body -0.0251 1 3 3008 
body 0.0225 1 3 3009 
body 0.0121 1 3 3008 
body -0.0112 1 3 3008 
body 0.0088 1 3 3008 
body -0.0215 1 3 3008 
body -0.0026 2 6 6007 
body 0.0004 1 3 2999 
body 0.0170 1 3 2999 
up 0.0085 5 25 16941 
up 0.0135 2 10 6212 
up 0.0076 10 47 30762 
up 0.0024 13 55 42468 
up 0.0131 4 22 14113 
up 0.0037 10 46 32097 
up 0.0032 11 40 33625 
up 0.0022 6 29 18506 
up 0.0040 12 51 36560 
up 0.0033 6 28 20577 
up 0.0061 10 40 30538 
up 0.0010 12 47 38254 
up 0.0016 16 80 54908 
up 0.0119 4 20 12379 
up 0.0053 6 29 21576 
up 0.0132 5 20 15082 
up 0.0106 5 29 15769 
up 0.0074 8 28 24287 
up 0.0072 6 27 18280 
up 0.0098 2 10 6234 
up 0.0015 11 47 36969 
up 0.0035 14 57 47074 
up 0.0029 9 42 29686 
up 0.0133 3 15 11986 
up 0.0023 13 59 45310 
up 0.0020 13 57 43841 
up 0.0057 6 29 20519 
up 0.0059 6 25 18554 
up 0.0110 4 18 12671 
up 0.0012 8 34 24902 
up 0.0063 7 39 28607 
up 0.0080 6 24 18361 
up 0.0055 5 28 19468 
up 0.0014 19 81 66902 
up 0.0064 7 33 24441 
up 0.0054 6 24 18389 
up 0.0073 6 27 20066 
up 0.0031 15 63 49370 
up 0.0004 8 40 29561 
up 0.0026 13 50 40818 
up 0.0049 9 39 28997 
up 0.0001 8 34 28944 
up 0.0000 10 54 50298 
up 0.0006 9 36 31023 
up 0.0034 8 41 28038 
up 0.0017 13 63 48021 
up 0.0084 4 20 17057 
up 0.0052 11 54 39247 
up 0.0041 7 37 29511 
up 0.0051 10 36 32406 
up 0.0038 10 50 38989 
up 0.0042 7 30 25062 
up 0.0021 13 60 47614 
up 0.0011 12 48 40812 
up 0.0145 3 19 12906 
up 0.0089 4 16 13489 
up 0.0155 2 10 7408 
up 0.0077 7 29 24691 
up 0.0048 5 20 17972 
up 0.0087 2 11 8127 
up 0.0088 8 40 30744 
up 0.0109 4 23 14689 
up 0.0018 9 43 33112 
up 0.0046 7 34 23578 
up 0.0003 10 40 33844 
up 0.0009 9 43 34412 
up 0.0050 8 35 30085 
up 0.0120 5 22 17859 
up 0.0008 13 53 42232 
up 0.0045 10 49 32783 
up 0.0028 13 59 44156 
up 0.0090 6 27 19961 
up 0.0121 5 22 17123 
up 0.0101 4 20 15241 
up 0.0152 3 13 10912 
up 0.0060 13 52 41149 
up 0.0005 14 69 49174 
up 0.0078 7 29 22854 
up 0.0103 3 16 11033 
up 0.0144 2 10 8077 
up 0.0067 5 21 16656 
up 0.0082 4 16 13597 
up 0.0181 2 14 7641 
up 0.0079 8 40 25831 
up 0.0030 12 47 37968 
up 0.0025 11 46 34660 
up 0.0027 9 31 28436 
up 0.0081 3 13 11913 
up 0.0130 5 20 15104 
up 0.0136 2 11 6035 
up 0.0107 5 19 15057 
up 0.0083 4 20 12079 
up 0.0148 2 11 6318 
up 0.0207 1 7 3043 
up 0.0147 2 10 6046 
up 0.0019 9 36 27064 
up 0.0117 1 7 3038 
up 0.0092 3 14 9022 
up 0.0108 7 28 22659 
up 0.0127 4 16 12030 
up 0.0056 4 20 12752 
up 0.0036 7 27 22707 
up 0.0124 1 7 3028 
up 0.0112 1 7 3031 
up 0.0070 2 10 6085 
up 0.0044 9 38 28535 
up 0.0174 1 5 3005 
up 0.0002 6 20 18073 
up 0.0104 5 15 15005 
up 0.0091 5 17 14997 
up 0.0075 2 7 5999 
up 0.0111 2 7 6000 
up 0.0047 8 29 24009 
up 0.0221 1 3 2999 
up 0.0058 4 13 12013 
up 0.0039 10 33 30006 
up 0.0114 1 3 2999 
up 0.0222 2 9 6045 
up 0.0138 1 3 2999 
up 0.0007 7 22 21005 
up 0.0062 10 36 30073 
up 0.0125 7 25 22740 
up 0.0165 1 3 2999 
up 0.0096 2 7 6000 
up 0.0071 2 7 6010 
up 0.0069 6 24 18039 
up 0.0043 4 15 12085 
up 0.0115 4 15 12690 
up 0.0013 7 23 21376 
up 0.0123 4 16 12041 
up 0.0129 3 14 9080 
up 0.0146 2 6 5998 
up 0.0086 4 13 12001 
up 0.0094 3 9 8997 
up 0.0134 1 3 2999 
up 0.0116 3 10 8998 
up 0.0139 3 12 8945 
up 0.0182 1 3 2999 
up 0.0266 1 3 2999 
up 0.0268 1 3 2939 
up 0.0068 8 24 24011 
up 0.0382 1 3 2999 
up 0.0065 3 13 9034 
up 0.0164 1 3 2999 
up 0.0332 1 3 3000 
up 0.0178 2 6 5998 
up 0.0170 2 6 5998 
up 0.0302 2 8 6002 
up 0.0218 1 3 2999 
up 0.0667 1 4 3004 
up 0.0252 1 5 4657 
up 0.0293 1 4 3001 
up 0.0205 2 6 5998 
up 0.0141 1 3 2999 
up 0.0241 1 3 2999 
up 0.0113 3 12 9149 
up 0.0160 1 3 2999 
up 0.0102 3 9 8997 
up 0.0173 1 3 2999 
up 0.0118 2 8 7618 
up 0.0169 3 10 9008 
up 0.0105 3 12 9045 
up 0.0327 1 3 2999 
up 0.0150 1 3 2999 
up 0.0233 1 5 3004 
up 0.0242 1 4 3002 
up 0.0250 2 9 6005 
up 0.0300 1 4 3001 
up 0.0157 1 4 3000 
up 0.0167 2 9 6516 
up 0.0122 2 8 6520 
up 0.0247 1 6 3045 
up 0.0344 1 5 3093 
up 0.0179 1 3 2999 
up 0.0156 1 3 2999 
up 0.0093 2 6 5998 
up 0.0153 1 5 3001 
up 0.0066 2 6 6007 
up 0.0097 2 7 6000 
up 0.0185 1 3 2999 
up 0.0095 2 7 6000 
up 0.0210 1 6 3003 
up 0.0176 1 4 3002 
up 0.0190 1 4 3001 
up 0.0202 1 5 3003 
up 0.0175 1 3 3000 
up 0.0188 1 4 3001 
up 0.0128 3 9 9002 
up 0.0273 1 3 3009 
up 0.0161 1 4 3489 
up 0.0100 2 7 6036 
down 0.0177 1 7 3173 
down 0.0062 6 29 21232 
down 0.0076 10 39 33373 
down 0.0148 1 7 3292 
down 0.0009 8 39 28606 
down 0.0073 6 22 18302 
down 0.0081 3 17 9552 
down 0.0091 4 24 14386 
down 0.0022 11 58 39089 
down 0.0018 12 56 36602 
down 0.0197 1 7 3170 
down 0.0099 4 20 12226 
down 0.0196 2 10 6184 
down 0.0053 13 58 41872 
down 0.0130 4 20 12125 
down 0.0080 6 23 18242 
down 0.0024 18 77 58649 
down 0.0054 8 37 24542 
down 0.0060 8 36 24725 
down 0.0112 1 7 3206 
down 0.0120 5 21 15251 
down 0.0045 8 43 26158 
down 0.0043 13 56 44857 
down 0.0044 13 55 43794 
down 0.0124 2 14 8327 
down 0.0061 5 31 20235 
down 0.0033 10 47 36226 
down 0.0013 14 55 48178 
down 0.0011 13 49 42266 
down 0.0023 15 79 52597 
down 0.0003 9 53 35905 
down 0.0092 6 32 21986 
down 0.0030 10 34 30530 
down 0.0078 8 29 24377 
down 0.0134 1 7 3325 
down 0.0114 3 17 11543 
down 0.0088 5 22 15181 
down 0.0036 8 29 24350 
down 0.0000 11 53 46703 
down 0.0021 12 59 40353 
down 0.0094 4 24 13980 
down 0.0014 10 44 34064 
down 0.0027 8 34 31950 
down 0.0010 11 42 36978 
down 0.0075 6 24 20018 
down 0.0085 6 26 20104 
down 0.0039 5 25 17208 
down 0.0096 3 14 11064 
down 0.0019 13 56 44842 
down 0.0028 12 53 40231 
down 0.0066 5 24 18812 
down 0.0059 6 29 20522 
down 0.0008 9 46 36606 
down 0.0025 13 56 44271 
down 0.0012 11 45 38696 
down 0.0056 5 23 17115 
down 0.0083 6 27 21484 
down 0.0038 7 32 25696 
down 0.0127 3 16 10922 
down 0.0065 7 28 22630 
down 0.0067 2 12 7472 
down 0.0020 15 54 47339 
down 0.0057 4 21 15879 
down 0.0128 4 16 14126 
down 0.0050 12 54 43941 
down 0.0026 6 30 23186 
down 0.0086 2 14 8782 
down 0.0048 13 55 46304 
down 0.0001 6 24 21004 
down 0.0015 18 74 57976 
down 0.0004 6 26 22795 
down 0.0074 4 20 16755 
down 0.0131 2 10 8684 
down 0.0070 3 14 11724 
down 0.0005 13 53 42664 
down 0.0017 12 53 39588 
down 0.0100 4 21 16235 
down 0.0141 1 7 4847 
down 0.0156 3 15 11025 
down 0.0042 11 45 38155 
down 0.0040 13 48 42771 
down 0.0002 6 27 22015 
down 0.0116 3 14 10909 
down 0.0159 2 10 7791 
down 0.0006 10 40 31889 
down 0.0259 1 7 4873 
down 0.0079 8 30 25843 
down 0.0077 5 22 16696 
down 0.0136 2 14 8929 
down 0.0150 2 10 7599 
down 0.0117 3 13 10515 
down 0.0064 4 16 13717 
down 0.0115 3 15 10855 
down 0.0041 14 53 45171 
down 0.0037 11 43 34826 
down 0.0007 12 55 44193 
down 0.0168 1 7 3047 
down 0.0262 1 7 3054 
down 0.0157 4 16 12031 
down 0.0194 1 7 3036 
down 0.0051 11 39 33240 
down 0.0031 10 38 30083 
down 0.0231 1 7 3051 
down 0.0155 2 10 5995 
down 0.0108 3 17 9147 
down 0.0132 2 13 6012 
down 0.0145 1 7 3043 
down 0.0121 3 14 9047 
down 0.0103 3 16 9222 
down 0.0049 10 37 30711 
down 0.0102 2 10 6022 
down 0.0209 1 7 3026 
down 0.0144 4 18 12024 
down 0.0069 4 16 12025 
down 0.0138 2 10 6021 
down 0.0063 3 13 9029 
down 0.0090 5 21 16405 
down 0.0084 7 32 21107 
down 0.0046 6 23 18034 
down 0.0149 1 7 3021 
down 0.0029 7 21 21008 
down 0.0095 5 21 15050 
down 0.0055 10 30 30010 
down 0.0047 9 31 27101 
down 0.0093 5 20 15070 
down 0.0118 2 6 5998 
down 0.0105 4 13 11997 
down 0.0035 11 34 33243 
down 0.0072 3 11 9059 
down 0.0071 8 27 24017 
down 0.0082 4 13 12024 
down 0.0068 7 22 20949 
down 0.0097 5 20 15028 
down 0.0087 3 10 9000 
down 0.0058 7 22 20998 
down 0.0153 2 6 5998 
down 0.0032 8 25 24008 
down 0.0052 3 11 9006 
down 0.0034 8 27 24031 
down 0.0129 3 10 8939 
down 0.0304 1 3 2999 
down 0.0286 1 3 2999 
down 0.0172 1 3 2999 
down 0.0186 1 4 3000 
down 0.0016 10 35 30040 
down 0.0143 2 7 6033 
down 0.0252 1 3 3000 
down 0.0140 1 3 2999 
down 0.0329 1 3 2999 
down 0.0477 1 4 3073 
down 0.0282 1 4 3002 
down 0.0212 1 4 3006 
down 0.0167 1 3 2999 
down 0.0101 2 7 6003 
down 0.0191 1 5 4678 
down 0.0098 3 11 9117 
down 0.0306 2 6 5998 
down 0.0181 1 3 2999 
down 0.0206 1 4 3000 
down 0.0253 1 3 2999 
down 0.0154 1 3 2999 
down 0.0135 1 3 2999 
down 0.0113 3 10 8998 
down 0.0207 1 3 2999 
down 0.0230 1 3 2999 
down 0.0122 3 9 9066 
down 0.0160 1 5 3005 
down 0.0109 2 13 7413 
down 0.0142 2 9 6002 
down 0.0111 1 4 3000 
down 0.0107 1 3 2999 
down 0.0089 2 6 5947 
down 0.0179 2 11 6094 
down 0.0219 1 3 2999 
down 0.0126 1 3 2999 
down 0.0255 1 3 2999 
down 0.0274 1 4 3001 
down 0.0137 2 7 6003 
down 0.0104 2 6 5998 
down 0.0178 1 7 3080 
down 0.0220 1 4 3017 
down 0.0193 1 4 3420 
down 0.0161 2 7 6000 
down 0.0119 1 3 2999 
down 0.0139 1 6 3016 
down 0.0110 2 13 6055 
down 0.0273 1 7 3044 
down 0.0174 1 3 3000 
down 0.0182 1 5 3004 
down 0.0125 1 3 2999 
down 0.0164 1 3 2999 
down 0.0106 1 3 3009 
down 0.0146 1 3 3010 
